Country,ISO3 Code,Datetime (UTC),Datetime (Local),Price (EUR/MWhe)
Montenegro,MNE,2023-04-27 00:00:00,2023-04-27 02:00:00,100.18
Montenegro,MNE,2023-04-27 01:00:00,2023-04-27 03:00:00,100.48
Montenegro,MNE,2023-04-27 02:00:00,2023-04-27 04:00:00,100.58
Montenegro,MNE,2023-04-27 03:00:00,2023-04-27 05:00:00,103.48
Montenegro,MNE,2023-04-27 04:00:00,2023-04-27 06:00:00,122.28
Montenegro,MNE,2023-04-27 05:00:00,2023-04-27 07:00:00,133.58
Montenegro,MNE,2023-04-27 06:00:00,2023-04-27 08:00:00,124.36
Montenegro,MNE,2023-04-27 07:00:00,2023-04-27 09:00:00,110.96
Montenegro,MNE,2023-04-27 08:00:00,2023-04-27 10:00:00,100.44
Montenegro,MNE,2023-04-27 09:00:00,2023-04-27 11:00:00,99.94
Montenegro,MNE,2023-04-27 10:00:00,2023-04-27 12:00:00,92.88
Montenegro,MNE,2023-04-27 11:00:00,2023-04-27 13:00:00,95.58
Montenegro,MNE,2023-04-27 12:00:00,2023-04-27 14:00:00,97.07
Montenegro,MNE,2023-04-27 13:00:00,2023-04-27 15:00:00,98.58
Montenegro,MNE,2023-04-27 14:00:00,2023-04-27 16:00:00,101.58
Montenegro,MNE,2023-04-27 15:00:00,2023-04-27 17:00:00,114.58
Montenegro,MNE,2023-04-27 16:00:00,2023-04-27 18:00:00,124.48
Montenegro,MNE,2023-04-27 17:00:00,2023-04-27 19:00:00,145.98
Montenegro,MNE,2023-04-27 18:00:00,2023-04-27 20:00:00,145.46
Montenegro,MNE,2023-04-27 19:00:00,2023-04-27 21:00:00,135.98
Montenegro,MNE,2023-04-27 20:00:00,2023-04-27 22:00:00,125.17
Montenegro,MNE,2023-04-27 21:00:00,2023-04-27 23:00:00,111.28
Montenegro,MNE,2023-04-27 22:00:00,2023-04-28 00:00:00,96.95
Montenegro,MNE,2023-04-27 23:00:00,2023-04-28 01:00:00,90.0
Montenegro,MNE,2023-04-28 00:00:00,2023-04-28 02:00:00,89.28
Montenegro,MNE,2023-04-28 01:00:00,2023-04-28 03:00:00,89.91
Montenegro,MNE,2023-04-28 02:00:00,2023-04-28 04:00:00,89.91
Montenegro,MNE,2023-04-28 03:00:00,2023-04-28 05:00:00,89.97
Montenegro,MNE,2023-04-28 04:00:00,2023-04-28 06:00:00,102.9
Montenegro,MNE,2023-04-28 05:00:00,2023-04-28 07:00:00,114.14
Montenegro,MNE,2023-04-28 06:00:00,2023-04-28 08:00:00,116.4
Montenegro,MNE,2023-04-28 07:00:00,2023-04-28 09:00:00,106.67
Montenegro,MNE,2023-04-28 08:00:00,2023-04-28 10:00:00,90.0
Montenegro,MNE,2023-04-28 09:00:00,2023-04-28 11:00:00,79.87
Montenegro,MNE,2023-04-28 10:00:00,2023-04-28 12:00:00,74.19
Montenegro,MNE,2023-04-28 11:00:00,2023-04-28 13:00:00,71.17
Montenegro,MNE,2023-04-28 12:00:00,2023-04-28 14:00:00,81.08
Montenegro,MNE,2023-04-28 13:00:00,2023-04-28 15:00:00,82.78
Montenegro,MNE,2023-04-28 14:00:00,2023-04-28 16:00:00,89.93
Montenegro,MNE,2023-04-28 15:00:00,2023-04-28 17:00:00,90.63
Montenegro,MNE,2023-04-28 16:00:00,2023-04-28 18:00:00,111.44
Montenegro,MNE,2023-04-28 17:00:00,2023-04-28 19:00:00,127.7
Montenegro,MNE,2023-04-28 18:00:00,2023-04-28 20:00:00,119.97
Montenegro,MNE,2023-04-28 19:00:00,2023-04-28 21:00:00,114.32
Montenegro,MNE,2023-04-28 20:00:00,2023-04-28 22:00:00,105.47
Montenegro,MNE,2023-04-28 21:00:00,2023-04-28 23:00:00,100.74
Montenegro,MNE,2023-04-28 22:00:00,2023-04-29 00:00:00,104.68
Montenegro,MNE,2023-04-28 23:00:00,2023-04-29 01:00:00,99.44
Montenegro,MNE,2023-04-29 00:00:00,2023-04-29 02:00:00,97.31
Montenegro,MNE,2023-04-29 01:00:00,2023-04-29 03:00:00,95.7
Montenegro,MNE,2023-04-29 02:00:00,2023-04-29 04:00:00,93.75
Montenegro,MNE,2023-04-29 03:00:00,2023-04-29 05:00:00,93.49
Montenegro,MNE,2023-04-29 04:00:00,2023-04-29 06:00:00,104.45
Montenegro,MNE,2023-04-29 05:00:00,2023-04-29 07:00:00,117.12
Montenegro,MNE,2023-04-29 06:00:00,2023-04-29 08:00:00,117.18
Montenegro,MNE,2023-04-29 07:00:00,2023-04-29 09:00:00,109.15
Montenegro,MNE,2023-04-29 08:00:00,2023-04-29 10:00:00,97.69
Montenegro,MNE,2023-04-29 09:00:00,2023-04-29 11:00:00,97.16
Montenegro,MNE,2023-04-29 10:00:00,2023-04-29 12:00:00,88.46
Montenegro,MNE,2023-04-29 11:00:00,2023-04-29 13:00:00,77.96
Montenegro,MNE,2023-04-29 12:00:00,2023-04-29 14:00:00,76.62
Montenegro,MNE,2023-04-29 13:00:00,2023-04-29 15:00:00,76.83
Montenegro,MNE,2023-04-29 14:00:00,2023-04-29 16:00:00,83.31
Montenegro,MNE,2023-04-29 15:00:00,2023-04-29 17:00:00,97.88
Montenegro,MNE,2023-04-29 16:00:00,2023-04-29 18:00:00,115.34
Montenegro,MNE,2023-04-29 17:00:00,2023-04-29 19:00:00,127.85
Montenegro,MNE,2023-04-29 18:00:00,2023-04-29 20:00:00,139.52
Montenegro,MNE,2023-04-29 19:00:00,2023-04-29 21:00:00,123.66
Montenegro,MNE,2023-04-29 20:00:00,2023-04-29 22:00:00,118.91
Montenegro,MNE,2023-04-29 21:00:00,2023-04-29 23:00:00,107.71
Montenegro,MNE,2023-04-29 22:00:00,2023-04-30 00:00:00,111.5
Montenegro,MNE,2023-04-29 23:00:00,2023-04-30 01:00:00,94.68
Montenegro,MNE,2023-04-30 00:00:00,2023-04-30 02:00:00,92.28
Montenegro,MNE,2023-04-30 01:00:00,2023-04-30 03:00:00,90.45
Montenegro,MNE,2023-04-30 02:00:00,2023-04-30 04:00:00,90.1
Montenegro,MNE,2023-04-30 03:00:00,2023-04-30 05:00:00,86.29
Montenegro,MNE,2023-04-30 04:00:00,2023-04-30 06:00:00,89.28
Montenegro,MNE,2023-04-30 05:00:00,2023-04-30 07:00:00,90.9
Montenegro,MNE,2023-04-30 06:00:00,2023-04-30 08:00:00,90.15
Montenegro,MNE,2023-04-30 07:00:00,2023-04-30 09:00:00,76.97
Montenegro,MNE,2023-04-30 08:00:00,2023-04-30 10:00:00,68.25
Montenegro,MNE,2023-04-30 09:00:00,2023-04-30 11:00:00,72.06
Montenegro,MNE,2023-04-30 10:00:00,2023-04-30 12:00:00,62.87
Montenegro,MNE,2023-04-30 11:00:00,2023-04-30 13:00:00,59.13
Montenegro,MNE,2023-04-30 12:00:00,2023-04-30 14:00:00,59.43
Montenegro,MNE,2023-04-30 13:00:00,2023-04-30 15:00:00,62.05
Montenegro,MNE,2023-04-30 14:00:00,2023-04-30 16:00:00,62.74
Montenegro,MNE,2023-04-30 15:00:00,2023-04-30 17:00:00,90.77
Montenegro,MNE,2023-04-30 16:00:00,2023-04-30 18:00:00,111.95
Montenegro,MNE,2023-04-30 17:00:00,2023-04-30 19:00:00,125.5
Montenegro,MNE,2023-04-30 18:00:00,2023-04-30 20:00:00,129.95
Montenegro,MNE,2023-04-30 19:00:00,2023-04-30 21:00:00,121.35
Montenegro,MNE,2023-04-30 20:00:00,2023-04-30 22:00:00,122.33
Montenegro,MNE,2023-04-30 21:00:00,2023-04-30 23:00:00,111.42
Montenegro,MNE,2023-04-30 22:00:00,2023-05-01 00:00:00,90.84
Montenegro,MNE,2023-04-30 23:00:00,2023-05-01 01:00:00,90.4
Montenegro,MNE,2023-05-01 00:00:00,2023-05-01 02:00:00,79.15
Montenegro,MNE,2023-05-01 01:00:00,2023-05-01 03:00:00,76.48
Montenegro,MNE,2023-05-01 02:00:00,2023-05-01 04:00:00,76.93
Montenegro,MNE,2023-05-01 03:00:00,2023-05-01 05:00:00,80.72
Montenegro,MNE,2023-05-01 04:00:00,2023-05-01 06:00:00,86.97
Montenegro,MNE,2023-05-01 05:00:00,2023-05-01 07:00:00,90.77
Montenegro,MNE,2023-05-01 06:00:00,2023-05-01 08:00:00,87.91
Montenegro,MNE,2023-05-01 07:00:00,2023-05-01 09:00:00,80.57
Montenegro,MNE,2023-05-01 08:00:00,2023-05-01 10:00:00,64.3
Montenegro,MNE,2023-05-01 09:00:00,2023-05-01 11:00:00,57.9
Montenegro,MNE,2023-05-01 10:00:00,2023-05-01 12:00:00,49.85
Montenegro,MNE,2023-05-01 11:00:00,2023-05-01 13:00:00,48.85
Montenegro,MNE,2023-05-01 12:00:00,2023-05-01 14:00:00,43.06
Montenegro,MNE,2023-05-01 13:00:00,2023-05-01 15:00:00,49.05
Montenegro,MNE,2023-05-01 14:00:00,2023-05-01 16:00:00,55.75
Montenegro,MNE,2023-05-01 15:00:00,2023-05-01 17:00:00,90.98
Montenegro,MNE,2023-05-01 16:00:00,2023-05-01 18:00:00,104.62
Montenegro,MNE,2023-05-01 17:00:00,2023-05-01 19:00:00,118.3
Montenegro,MNE,2023-05-01 18:00:00,2023-05-01 20:00:00,118.93
Montenegro,MNE,2023-05-01 19:00:00,2023-05-01 21:00:00,118.86
Montenegro,MNE,2023-05-01 20:00:00,2023-05-01 22:00:00,115.61
Montenegro,MNE,2023-05-01 21:00:00,2023-05-01 23:00:00,104.91
Montenegro,MNE,2023-05-01 22:00:00,2023-05-02 00:00:00,98.06
Montenegro,MNE,2023-05-01 23:00:00,2023-05-02 01:00:00,89.63
Montenegro,MNE,2023-05-02 00:00:00,2023-05-02 02:00:00,85.67
Montenegro,MNE,2023-05-02 01:00:00,2023-05-02 03:00:00,85.75
Montenegro,MNE,2023-05-02 02:00:00,2023-05-02 04:00:00,90.35
Montenegro,MNE,2023-05-02 03:00:00,2023-05-02 05:00:00,97.56
Montenegro,MNE,2023-05-02 04:00:00,2023-05-02 06:00:00,111.56
Montenegro,MNE,2023-05-02 05:00:00,2023-05-02 07:00:00,117.85
Montenegro,MNE,2023-05-02 06:00:00,2023-05-02 08:00:00,125.04
Montenegro,MNE,2023-05-02 07:00:00,2023-05-02 09:00:00,107.89
Montenegro,MNE,2023-05-02 08:00:00,2023-05-02 10:00:00,99.65
Montenegro,MNE,2023-05-02 09:00:00,2023-05-02 11:00:00,94.25
Montenegro,MNE,2023-05-02 10:00:00,2023-05-02 12:00:00,96.27
Montenegro,MNE,2023-05-02 11:00:00,2023-05-02 13:00:00,85.87
Montenegro,MNE,2023-05-02 12:00:00,2023-05-02 14:00:00,81.87
Montenegro,MNE,2023-05-02 13:00:00,2023-05-02 15:00:00,81.07
Montenegro,MNE,2023-05-02 14:00:00,2023-05-02 16:00:00,87.13
Montenegro,MNE,2023-05-02 15:00:00,2023-05-02 17:00:00,101.38
Montenegro,MNE,2023-05-02 16:00:00,2023-05-02 18:00:00,120.43
Montenegro,MNE,2023-05-02 17:00:00,2023-05-02 19:00:00,129.93
Montenegro,MNE,2023-05-02 18:00:00,2023-05-02 20:00:00,140.63
Montenegro,MNE,2023-05-02 19:00:00,2023-05-02 21:00:00,136.13
Montenegro,MNE,2023-05-02 20:00:00,2023-05-02 22:00:00,121.93
Montenegro,MNE,2023-05-02 21:00:00,2023-05-02 23:00:00,111.56
Montenegro,MNE,2023-05-02 22:00:00,2023-05-03 00:00:00,101.95
Montenegro,MNE,2023-05-02 23:00:00,2023-05-03 01:00:00,95.15
Montenegro,MNE,2023-05-03 00:00:00,2023-05-03 02:00:00,92.25
Montenegro,MNE,2023-05-03 01:00:00,2023-05-03 03:00:00,92.25
Montenegro,MNE,2023-05-03 02:00:00,2023-05-03 04:00:00,92.29
Montenegro,MNE,2023-05-03 03:00:00,2023-05-03 05:00:00,101.55
Montenegro,MNE,2023-05-03 04:00:00,2023-05-03 06:00:00,116.95
Montenegro,MNE,2023-05-03 05:00:00,2023-05-03 07:00:00,123.79
Montenegro,MNE,2023-05-03 06:00:00,2023-05-03 08:00:00,127.45
Montenegro,MNE,2023-05-03 07:00:00,2023-05-03 09:00:00,115.36
Montenegro,MNE,2023-05-03 08:00:00,2023-05-03 10:00:00,105.5
Montenegro,MNE,2023-05-03 09:00:00,2023-05-03 11:00:00,97.12
Montenegro,MNE,2023-05-03 10:00:00,2023-05-03 12:00:00,89.22
Montenegro,MNE,2023-05-03 11:00:00,2023-05-03 13:00:00,77.82
Montenegro,MNE,2023-05-03 12:00:00,2023-05-03 14:00:00,75.89
Montenegro,MNE,2023-05-03 13:00:00,2023-05-03 15:00:00,75.87
Montenegro,MNE,2023-05-03 14:00:00,2023-05-03 16:00:00,81.89
Montenegro,MNE,2023-05-03 15:00:00,2023-05-03 17:00:00,98.22
Montenegro,MNE,2023-05-03 16:00:00,2023-05-03 18:00:00,111.72
Montenegro,MNE,2023-05-03 17:00:00,2023-05-03 19:00:00,127.32
Montenegro,MNE,2023-05-03 18:00:00,2023-05-03 20:00:00,132.42
Montenegro,MNE,2023-05-03 19:00:00,2023-05-03 21:00:00,125.22
Montenegro,MNE,2023-05-03 20:00:00,2023-05-03 22:00:00,116.22
Montenegro,MNE,2023-05-03 21:00:00,2023-05-03 23:00:00,107.72
Montenegro,MNE,2023-05-03 22:00:00,2023-05-04 00:00:00,104.38
Montenegro,MNE,2023-05-03 23:00:00,2023-05-04 01:00:00,99.5
Montenegro,MNE,2023-05-04 00:00:00,2023-05-04 02:00:00,98.1
Montenegro,MNE,2023-05-04 01:00:00,2023-05-04 03:00:00,97.22
Montenegro,MNE,2023-05-04 02:00:00,2023-05-04 04:00:00,100.08
Montenegro,MNE,2023-05-04 03:00:00,2023-05-04 05:00:00,110.14
Montenegro,MNE,2023-05-04 04:00:00,2023-05-04 06:00:00,123.74
Montenegro,MNE,2023-05-04 05:00:00,2023-05-04 07:00:00,126.92
Montenegro,MNE,2023-05-04 06:00:00,2023-05-04 08:00:00,119.25
Montenegro,MNE,2023-05-04 07:00:00,2023-05-04 09:00:00,107.64
Montenegro,MNE,2023-05-04 08:00:00,2023-05-04 10:00:00,96.93
Montenegro,MNE,2023-05-04 09:00:00,2023-05-04 11:00:00,85.0
Montenegro,MNE,2023-05-04 10:00:00,2023-05-04 12:00:00,78.74
Montenegro,MNE,2023-05-04 11:00:00,2023-05-04 13:00:00,75.04
Montenegro,MNE,2023-05-04 12:00:00,2023-05-04 14:00:00,72.4
Montenegro,MNE,2023-05-04 13:00:00,2023-05-04 15:00:00,74.99
Montenegro,MNE,2023-05-04 14:00:00,2023-05-04 16:00:00,85.02
Montenegro,MNE,2023-05-04 15:00:00,2023-05-04 17:00:00,99.99
Montenegro,MNE,2023-05-04 16:00:00,2023-05-04 18:00:00,116.78
Montenegro,MNE,2023-05-04 17:00:00,2023-05-04 19:00:00,130.06
Montenegro,MNE,2023-05-04 18:00:00,2023-05-04 20:00:00,132.36
Montenegro,MNE,2023-05-04 19:00:00,2023-05-04 21:00:00,125.08
Montenegro,MNE,2023-05-04 20:00:00,2023-05-04 22:00:00,115.06
Montenegro,MNE,2023-05-04 21:00:00,2023-05-04 23:00:00,102.98
Montenegro,MNE,2023-05-04 22:00:00,2023-05-05 00:00:00,97.06
Montenegro,MNE,2023-05-04 23:00:00,2023-05-05 01:00:00,90.61
Montenegro,MNE,2023-05-05 00:00:00,2023-05-05 02:00:00,85.89
Montenegro,MNE,2023-05-05 01:00:00,2023-05-05 03:00:00,81.1
Montenegro,MNE,2023-05-05 02:00:00,2023-05-05 04:00:00,83.05
Montenegro,MNE,2023-05-05 03:00:00,2023-05-05 05:00:00,90.19
Montenegro,MNE,2023-05-05 04:00:00,2023-05-05 06:00:00,104.25
Montenegro,MNE,2023-05-05 05:00:00,2023-05-05 07:00:00,112.08
Montenegro,MNE,2023-05-05 06:00:00,2023-05-05 08:00:00,105.88
Montenegro,MNE,2023-05-05 07:00:00,2023-05-05 09:00:00,97.42
Montenegro,MNE,2023-05-05 08:00:00,2023-05-05 10:00:00,87.78
Montenegro,MNE,2023-05-05 09:00:00,2023-05-05 11:00:00,77.05
Montenegro,MNE,2023-05-05 10:00:00,2023-05-05 12:00:00,71.4
Montenegro,MNE,2023-05-05 11:00:00,2023-05-05 13:00:00,69.66
Montenegro,MNE,2023-05-05 12:00:00,2023-05-05 14:00:00,70.05
Montenegro,MNE,2023-05-05 13:00:00,2023-05-05 15:00:00,76.75
Montenegro,MNE,2023-05-05 14:00:00,2023-05-05 16:00:00,85.74
Montenegro,MNE,2023-05-05 15:00:00,2023-05-05 17:00:00,104.28
Montenegro,MNE,2023-05-05 16:00:00,2023-05-05 18:00:00,117.07
Montenegro,MNE,2023-05-05 17:00:00,2023-05-05 19:00:00,132.28
Montenegro,MNE,2023-05-05 18:00:00,2023-05-05 20:00:00,139.64
Montenegro,MNE,2023-05-05 19:00:00,2023-05-05 21:00:00,118.37
Montenegro,MNE,2023-05-05 20:00:00,2023-05-05 22:00:00,114.02
Montenegro,MNE,2023-05-05 21:00:00,2023-05-05 23:00:00,104.48
Montenegro,MNE,2023-05-05 22:00:00,2023-05-06 00:00:00,100.68
Montenegro,MNE,2023-05-05 23:00:00,2023-05-06 01:00:00,93.78
Montenegro,MNE,2023-05-06 00:00:00,2023-05-06 02:00:00,91.28
Montenegro,MNE,2023-05-06 01:00:00,2023-05-06 03:00:00,89.78
Montenegro,MNE,2023-05-06 02:00:00,2023-05-06 04:00:00,89.28
Montenegro,MNE,2023-05-06 03:00:00,2023-05-06 05:00:00,89.28
Montenegro,MNE,2023-05-06 04:00:00,2023-05-06 06:00:00,98.64
Montenegro,MNE,2023-05-06 05:00:00,2023-05-06 07:00:00,104.57
Montenegro,MNE,2023-05-06 06:00:00,2023-05-06 08:00:00,100.78
Montenegro,MNE,2023-05-06 07:00:00,2023-05-06 09:00:00,87.98
Montenegro,MNE,2023-05-06 08:00:00,2023-05-06 10:00:00,78.04
Montenegro,MNE,2023-05-06 09:00:00,2023-05-06 11:00:00,65.2
Montenegro,MNE,2023-05-06 10:00:00,2023-05-06 12:00:00,64.8
Montenegro,MNE,2023-05-06 11:00:00,2023-05-06 13:00:00,60.05
Montenegro,MNE,2023-05-06 12:00:00,2023-05-06 14:00:00,56.85
Montenegro,MNE,2023-05-06 13:00:00,2023-05-06 15:00:00,60.05
Montenegro,MNE,2023-05-06 14:00:00,2023-05-06 16:00:00,67.4
Montenegro,MNE,2023-05-06 15:00:00,2023-05-06 17:00:00,87.84
Montenegro,MNE,2023-05-06 16:00:00,2023-05-06 18:00:00,104.88
Montenegro,MNE,2023-05-06 17:00:00,2023-05-06 19:00:00,114.95
Montenegro,MNE,2023-05-06 18:00:00,2023-05-06 20:00:00,115.78
Montenegro,MNE,2023-05-06 19:00:00,2023-05-06 21:00:00,114.99
Montenegro,MNE,2023-05-06 20:00:00,2023-05-06 22:00:00,109.67
Montenegro,MNE,2023-05-06 21:00:00,2023-05-06 23:00:00,100.07
Montenegro,MNE,2023-05-06 22:00:00,2023-05-07 00:00:00,103.39
Montenegro,MNE,2023-05-06 23:00:00,2023-05-07 01:00:00,105.36
Montenegro,MNE,2023-05-07 00:00:00,2023-05-07 02:00:00,92.65
Montenegro,MNE,2023-05-07 01:00:00,2023-05-07 03:00:00,81.0
Montenegro,MNE,2023-05-07 02:00:00,2023-05-07 04:00:00,88.13
Montenegro,MNE,2023-05-07 03:00:00,2023-05-07 05:00:00,76.09
Montenegro,MNE,2023-05-07 04:00:00,2023-05-07 06:00:00,75.93
Montenegro,MNE,2023-05-07 05:00:00,2023-05-07 07:00:00,87.13
Montenegro,MNE,2023-05-07 06:00:00,2023-05-07 08:00:00,83.6
Montenegro,MNE,2023-05-07 07:00:00,2023-05-07 09:00:00,70.09
Montenegro,MNE,2023-05-07 08:00:00,2023-05-07 10:00:00,55.68
Montenegro,MNE,2023-05-07 09:00:00,2023-05-07 11:00:00,55.33
Montenegro,MNE,2023-05-07 10:00:00,2023-05-07 12:00:00,43.7
Montenegro,MNE,2023-05-07 11:00:00,2023-05-07 13:00:00,35.42
Montenegro,MNE,2023-05-07 12:00:00,2023-05-07 14:00:00,31.68
Montenegro,MNE,2023-05-07 13:00:00,2023-05-07 15:00:00,47.52
Montenegro,MNE,2023-05-07 14:00:00,2023-05-07 16:00:00,55.02
Montenegro,MNE,2023-05-07 15:00:00,2023-05-07 17:00:00,75.07
Montenegro,MNE,2023-05-07 16:00:00,2023-05-07 18:00:00,112.83
Montenegro,MNE,2023-05-07 17:00:00,2023-05-07 19:00:00,126.85
Montenegro,MNE,2023-05-07 18:00:00,2023-05-07 20:00:00,135.36
Montenegro,MNE,2023-05-07 19:00:00,2023-05-07 21:00:00,114.91
Montenegro,MNE,2023-05-07 20:00:00,2023-05-07 22:00:00,114.91
Montenegro,MNE,2023-05-07 21:00:00,2023-05-07 23:00:00,112.29
Montenegro,MNE,2023-05-07 22:00:00,2023-05-08 00:00:00,87.6
Montenegro,MNE,2023-05-07 23:00:00,2023-05-08 01:00:00,79.63
Montenegro,MNE,2023-05-08 00:00:00,2023-05-08 02:00:00,75.87
Montenegro,MNE,2023-05-08 01:00:00,2023-05-08 03:00:00,75.87
Montenegro,MNE,2023-05-08 02:00:00,2023-05-08 04:00:00,79.47
Montenegro,MNE,2023-05-08 03:00:00,2023-05-08 05:00:00,87.08
Montenegro,MNE,2023-05-08 04:00:00,2023-05-08 06:00:00,103.82
Montenegro,MNE,2023-05-08 05:00:00,2023-05-08 07:00:00,118.28
Montenegro,MNE,2023-05-08 06:00:00,2023-05-08 08:00:00,122.08
Montenegro,MNE,2023-05-08 07:00:00,2023-05-08 09:00:00,114.55
Montenegro,MNE,2023-05-08 08:00:00,2023-05-08 10:00:00,98.18
Montenegro,MNE,2023-05-08 09:00:00,2023-05-08 11:00:00,95.18
Montenegro,MNE,2023-05-08 10:00:00,2023-05-08 12:00:00,87.28
Montenegro,MNE,2023-05-08 11:00:00,2023-05-08 13:00:00,79.88
Montenegro,MNE,2023-05-08 12:00:00,2023-05-08 14:00:00,75.61
Montenegro,MNE,2023-05-08 13:00:00,2023-05-08 15:00:00,75.83
Montenegro,MNE,2023-05-08 14:00:00,2023-05-08 16:00:00,109.48
Montenegro,MNE,2023-05-08 15:00:00,2023-05-08 17:00:00,131.08
Montenegro,MNE,2023-05-08 16:00:00,2023-05-08 18:00:00,132.08
Montenegro,MNE,2023-05-08 17:00:00,2023-05-08 19:00:00,135.02
Montenegro,MNE,2023-05-08 18:00:00,2023-05-08 20:00:00,135.07
Montenegro,MNE,2023-05-08 19:00:00,2023-05-08 21:00:00,121.08
Montenegro,MNE,2023-05-08 20:00:00,2023-05-08 22:00:00,111.85
Montenegro,MNE,2023-05-08 21:00:00,2023-05-08 23:00:00,99.89
Montenegro,MNE,2023-05-08 22:00:00,2023-05-09 00:00:00,97.39
Montenegro,MNE,2023-05-08 23:00:00,2023-05-09 01:00:00,90.21
Montenegro,MNE,2023-05-09 00:00:00,2023-05-09 02:00:00,86.0
Montenegro,MNE,2023-05-09 01:00:00,2023-05-09 03:00:00,84.31
Montenegro,MNE,2023-05-09 02:00:00,2023-05-09 04:00:00,86.5
Montenegro,MNE,2023-05-09 03:00:00,2023-05-09 05:00:00,95.07
Montenegro,MNE,2023-05-09 04:00:00,2023-05-09 06:00:00,106.35
Montenegro,MNE,2023-05-09 05:00:00,2023-05-09 07:00:00,114.93
Montenegro,MNE,2023-05-09 06:00:00,2023-05-09 08:00:00,113.75
Montenegro,MNE,2023-05-09 07:00:00,2023-05-09 09:00:00,104.93
Montenegro,MNE,2023-05-09 08:00:00,2023-05-09 10:00:00,96.07
Montenegro,MNE,2023-05-09 09:00:00,2023-05-09 11:00:00,84.41
Montenegro,MNE,2023-05-09 10:00:00,2023-05-09 12:00:00,86.08
Montenegro,MNE,2023-05-09 11:00:00,2023-05-09 13:00:00,87.12
Montenegro,MNE,2023-05-09 12:00:00,2023-05-09 14:00:00,83.7
Montenegro,MNE,2023-05-09 13:00:00,2023-05-09 15:00:00,86.09
Montenegro,MNE,2023-05-09 14:00:00,2023-05-09 16:00:00,97.53
Montenegro,MNE,2023-05-09 15:00:00,2023-05-09 17:00:00,104.61
Montenegro,MNE,2023-05-09 16:00:00,2023-05-09 18:00:00,118.41
Montenegro,MNE,2023-05-09 17:00:00,2023-05-09 19:00:00,132.47
Montenegro,MNE,2023-05-09 18:00:00,2023-05-09 20:00:00,147.75
Montenegro,MNE,2023-05-09 19:00:00,2023-05-09 21:00:00,118.67
Montenegro,MNE,2023-05-09 20:00:00,2023-05-09 22:00:00,111.92
Montenegro,MNE,2023-05-09 21:00:00,2023-05-09 23:00:00,99.7
Montenegro,MNE,2023-05-09 22:00:00,2023-05-10 00:00:00,101.62
Montenegro,MNE,2023-05-09 23:00:00,2023-05-10 01:00:00,93.12
Montenegro,MNE,2023-05-10 00:00:00,2023-05-10 02:00:00,90.32
Montenegro,MNE,2023-05-10 01:00:00,2023-05-10 03:00:00,89.42
Montenegro,MNE,2023-05-10 02:00:00,2023-05-10 04:00:00,90.82
Montenegro,MNE,2023-05-10 03:00:00,2023-05-10 05:00:00,99.91
Montenegro,MNE,2023-05-10 04:00:00,2023-05-10 06:00:00,115.26
Montenegro,MNE,2023-05-10 05:00:00,2023-05-10 07:00:00,123.6
Montenegro,MNE,2023-05-10 06:00:00,2023-05-10 08:00:00,119.39
Montenegro,MNE,2023-05-10 07:00:00,2023-05-10 09:00:00,111.22
Montenegro,MNE,2023-05-10 08:00:00,2023-05-10 10:00:00,100.89
Montenegro,MNE,2023-05-10 09:00:00,2023-05-10 11:00:00,100.22
Montenegro,MNE,2023-05-10 10:00:00,2023-05-10 12:00:00,95.92
Montenegro,MNE,2023-05-10 11:00:00,2023-05-10 13:00:00,94.99
Montenegro,MNE,2023-05-10 12:00:00,2023-05-10 14:00:00,92.79
Montenegro,MNE,2023-05-10 13:00:00,2023-05-10 15:00:00,98.28
Montenegro,MNE,2023-05-10 14:00:00,2023-05-10 16:00:00,109.76
Montenegro,MNE,2023-05-10 15:00:00,2023-05-10 17:00:00,123.76
Montenegro,MNE,2023-05-10 16:00:00,2023-05-10 18:00:00,139.14
Montenegro,MNE,2023-05-10 17:00:00,2023-05-10 19:00:00,158.72
Montenegro,MNE,2023-05-10 18:00:00,2023-05-10 20:00:00,175.5
Montenegro,MNE,2023-05-10 19:00:00,2023-05-10 21:00:00,143.91
Montenegro,MNE,2023-05-10 20:00:00,2023-05-10 22:00:00,121.58
Montenegro,MNE,2023-05-10 21:00:00,2023-05-10 23:00:00,112.54
Montenegro,MNE,2023-05-10 22:00:00,2023-05-11 00:00:00,101.59
Montenegro,MNE,2023-05-10 23:00:00,2023-05-11 01:00:00,102.03
Montenegro,MNE,2023-05-11 00:00:00,2023-05-11 02:00:00,100.33
Montenegro,MNE,2023-05-11 01:00:00,2023-05-11 03:00:00,97.65
Montenegro,MNE,2023-05-11 02:00:00,2023-05-11 04:00:00,97.93
Montenegro,MNE,2023-05-11 03:00:00,2023-05-11 05:00:00,101.68
Montenegro,MNE,2023-05-11 04:00:00,2023-05-11 06:00:00,112.78
Montenegro,MNE,2023-05-11 05:00:00,2023-05-11 07:00:00,135.01
Montenegro,MNE,2023-05-11 06:00:00,2023-05-11 08:00:00,132.39
Montenegro,MNE,2023-05-11 07:00:00,2023-05-11 09:00:00,122.49
Montenegro,MNE,2023-05-11 08:00:00,2023-05-11 10:00:00,111.34
Montenegro,MNE,2023-05-11 09:00:00,2023-05-11 11:00:00,105.03
Montenegro,MNE,2023-05-11 10:00:00,2023-05-11 12:00:00,99.63
Montenegro,MNE,2023-05-11 11:00:00,2023-05-11 13:00:00,97.92
Montenegro,MNE,2023-05-11 12:00:00,2023-05-11 14:00:00,103.61
Montenegro,MNE,2023-05-11 13:00:00,2023-05-11 15:00:00,104.38
Montenegro,MNE,2023-05-11 14:00:00,2023-05-11 16:00:00,111.0
Montenegro,MNE,2023-05-11 15:00:00,2023-05-11 17:00:00,118.85
Montenegro,MNE,2023-05-11 16:00:00,2023-05-11 18:00:00,132.95
Montenegro,MNE,2023-05-11 17:00:00,2023-05-11 19:00:00,153.22
Montenegro,MNE,2023-05-11 18:00:00,2023-05-11 20:00:00,166.46
Montenegro,MNE,2023-05-11 19:00:00,2023-05-11 21:00:00,139.4
Montenegro,MNE,2023-05-11 20:00:00,2023-05-11 22:00:00,125.53
Montenegro,MNE,2023-05-11 21:00:00,2023-05-11 23:00:00,111.97
Montenegro,MNE,2023-05-11 22:00:00,2023-05-12 00:00:00,97.46
Montenegro,MNE,2023-05-11 23:00:00,2023-05-12 01:00:00,90.18
Montenegro,MNE,2023-05-12 00:00:00,2023-05-12 02:00:00,88.09
Montenegro,MNE,2023-05-12 01:00:00,2023-05-12 03:00:00,84.31
Montenegro,MNE,2023-05-12 02:00:00,2023-05-12 04:00:00,84.74
Montenegro,MNE,2023-05-12 03:00:00,2023-05-12 05:00:00,97.3
Montenegro,MNE,2023-05-12 04:00:00,2023-05-12 06:00:00,104.61
Montenegro,MNE,2023-05-12 05:00:00,2023-05-12 07:00:00,125.17
Montenegro,MNE,2023-05-12 06:00:00,2023-05-12 08:00:00,132.37
Montenegro,MNE,2023-05-12 07:00:00,2023-05-12 09:00:00,118.41
Montenegro,MNE,2023-05-12 08:00:00,2023-05-12 10:00:00,97.63
Montenegro,MNE,2023-05-12 09:00:00,2023-05-12 11:00:00,89.95
Montenegro,MNE,2023-05-12 10:00:00,2023-05-12 12:00:00,89.94
Montenegro,MNE,2023-05-12 11:00:00,2023-05-12 13:00:00,76.14
Montenegro,MNE,2023-05-12 12:00:00,2023-05-12 14:00:00,73.78
Montenegro,MNE,2023-05-12 13:00:00,2023-05-12 15:00:00,76.1
Montenegro,MNE,2023-05-12 14:00:00,2023-05-12 16:00:00,90.19
Montenegro,MNE,2023-05-12 15:00:00,2023-05-12 17:00:00,104.16
Montenegro,MNE,2023-05-12 16:00:00,2023-05-12 18:00:00,146.15
Montenegro,MNE,2023-05-12 17:00:00,2023-05-12 19:00:00,169.95
Montenegro,MNE,2023-05-12 18:00:00,2023-05-12 20:00:00,174.5
Montenegro,MNE,2023-05-12 19:00:00,2023-05-12 21:00:00,139.95
Montenegro,MNE,2023-05-12 20:00:00,2023-05-12 22:00:00,111.6
Montenegro,MNE,2023-05-12 21:00:00,2023-05-12 23:00:00,100.06
Montenegro,MNE,2023-05-12 22:00:00,2023-05-13 00:00:00,90.35
Montenegro,MNE,2023-05-12 23:00:00,2023-05-13 01:00:00,86.62
Montenegro,MNE,2023-05-13 00:00:00,2023-05-13 02:00:00,84.12
Montenegro,MNE,2023-05-13 01:00:00,2023-05-13 03:00:00,82.5
Montenegro,MNE,2023-05-13 02:00:00,2023-05-13 04:00:00,81.17
Montenegro,MNE,2023-05-13 03:00:00,2023-05-13 05:00:00,83.72
Montenegro,MNE,2023-05-13 04:00:00,2023-05-13 06:00:00,85.89
Montenegro,MNE,2023-05-13 05:00:00,2023-05-13 07:00:00,87.79
Montenegro,MNE,2023-05-13 06:00:00,2023-05-13 08:00:00,85.93
Montenegro,MNE,2023-05-13 07:00:00,2023-05-13 09:00:00,90.03
Montenegro,MNE,2023-05-13 08:00:00,2023-05-13 10:00:00,89.91
Montenegro,MNE,2023-05-13 09:00:00,2023-05-13 11:00:00,76.63
Montenegro,MNE,2023-05-13 10:00:00,2023-05-13 12:00:00,69.25
Montenegro,MNE,2023-05-13 11:00:00,2023-05-13 13:00:00,51.11
Montenegro,MNE,2023-05-13 12:00:00,2023-05-13 14:00:00,42.46
Montenegro,MNE,2023-05-13 13:00:00,2023-05-13 15:00:00,50.44
Montenegro,MNE,2023-05-13 14:00:00,2023-05-13 16:00:00,63.93
Montenegro,MNE,2023-05-13 15:00:00,2023-05-13 17:00:00,78.16
Montenegro,MNE,2023-05-13 16:00:00,2023-05-13 18:00:00,104.65
Montenegro,MNE,2023-05-13 17:00:00,2023-05-13 19:00:00,118.49
Montenegro,MNE,2023-05-13 18:00:00,2023-05-13 20:00:00,120.05
Montenegro,MNE,2023-05-13 19:00:00,2023-05-13 21:00:00,110.06
Montenegro,MNE,2023-05-13 20:00:00,2023-05-13 22:00:00,98.82
Montenegro,MNE,2023-05-13 21:00:00,2023-05-13 23:00:00,93.91
Montenegro,MNE,2023-05-13 22:00:00,2023-05-14 00:00:00,83.2
Montenegro,MNE,2023-05-13 23:00:00,2023-05-14 01:00:00,69.99
Montenegro,MNE,2023-05-14 00:00:00,2023-05-14 02:00:00,69.98
Montenegro,MNE,2023-05-14 01:00:00,2023-05-14 03:00:00,69.93
Montenegro,MNE,2023-05-14 02:00:00,2023-05-14 04:00:00,69.92
Montenegro,MNE,2023-05-14 03:00:00,2023-05-14 05:00:00,69.92
Montenegro,MNE,2023-05-14 04:00:00,2023-05-14 06:00:00,69.93
Montenegro,MNE,2023-05-14 05:00:00,2023-05-14 07:00:00,69.39
Montenegro,MNE,2023-05-14 06:00:00,2023-05-14 08:00:00,67.09
Montenegro,MNE,2023-05-14 07:00:00,2023-05-14 09:00:00,62.97
Montenegro,MNE,2023-05-14 08:00:00,2023-05-14 10:00:00,60.09
Montenegro,MNE,2023-05-14 09:00:00,2023-05-14 11:00:00,48.53
Montenegro,MNE,2023-05-14 10:00:00,2023-05-14 12:00:00,33.24
Montenegro,MNE,2023-05-14 11:00:00,2023-05-14 13:00:00,34.5
Montenegro,MNE,2023-05-14 12:00:00,2023-05-14 14:00:00,27.0
Montenegro,MNE,2023-05-14 13:00:00,2023-05-14 15:00:00,33.7
Montenegro,MNE,2023-05-14 14:00:00,2023-05-14 16:00:00,55.05
Montenegro,MNE,2023-05-14 15:00:00,2023-05-14 17:00:00,76.66
Montenegro,MNE,2023-05-14 16:00:00,2023-05-14 18:00:00,90.49
Montenegro,MNE,2023-05-14 17:00:00,2023-05-14 19:00:00,104.07
Montenegro,MNE,2023-05-14 18:00:00,2023-05-14 20:00:00,104.99
Montenegro,MNE,2023-05-14 19:00:00,2023-05-14 21:00:00,104.9
Montenegro,MNE,2023-05-14 20:00:00,2023-05-14 22:00:00,96.02
Montenegro,MNE,2023-05-14 21:00:00,2023-05-14 23:00:00,90.74
Montenegro,MNE,2023-05-14 22:00:00,2023-05-15 00:00:00,97.48
Montenegro,MNE,2023-05-14 23:00:00,2023-05-15 01:00:00,90.6
Montenegro,MNE,2023-05-15 00:00:00,2023-05-15 02:00:00,85.04
Montenegro,MNE,2023-05-15 01:00:00,2023-05-15 03:00:00,83.14
Montenegro,MNE,2023-05-15 02:00:00,2023-05-15 04:00:00,83.97
Montenegro,MNE,2023-05-15 03:00:00,2023-05-15 05:00:00,90.56
Montenegro,MNE,2023-05-15 04:00:00,2023-05-15 06:00:00,105.03
Montenegro,MNE,2023-05-15 05:00:00,2023-05-15 07:00:00,118.12
Montenegro,MNE,2023-05-15 06:00:00,2023-05-15 08:00:00,108.09
Montenegro,MNE,2023-05-15 07:00:00,2023-05-15 09:00:00,104.52
Montenegro,MNE,2023-05-15 08:00:00,2023-05-15 10:00:00,90.3
Montenegro,MNE,2023-05-15 09:00:00,2023-05-15 11:00:00,76.36
Montenegro,MNE,2023-05-15 10:00:00,2023-05-15 12:00:00,75.01
Montenegro,MNE,2023-05-15 11:00:00,2023-05-15 13:00:00,75.01
Montenegro,MNE,2023-05-15 12:00:00,2023-05-15 14:00:00,69.99
Montenegro,MNE,2023-05-15 13:00:00,2023-05-15 15:00:00,69.98
Montenegro,MNE,2023-05-15 14:00:00,2023-05-15 16:00:00,69.99
Montenegro,MNE,2023-05-15 15:00:00,2023-05-15 17:00:00,83.63
Montenegro,MNE,2023-05-15 16:00:00,2023-05-15 18:00:00,97.72
Montenegro,MNE,2023-05-15 17:00:00,2023-05-15 19:00:00,111.32
Montenegro,MNE,2023-05-15 18:00:00,2023-05-15 20:00:00,111.93
Montenegro,MNE,2023-05-15 19:00:00,2023-05-15 21:00:00,110.06
Montenegro,MNE,2023-05-15 20:00:00,2023-05-15 22:00:00,104.49
Montenegro,MNE,2023-05-15 21:00:00,2023-05-15 23:00:00,90.56
Montenegro,MNE,2023-05-15 22:00:00,2023-05-16 00:00:00,83.73
Montenegro,MNE,2023-05-15 23:00:00,2023-05-16 01:00:00,76.94
Montenegro,MNE,2023-05-16 00:00:00,2023-05-16 02:00:00,73.33
Montenegro,MNE,2023-05-16 01:00:00,2023-05-16 03:00:00,71.16
Montenegro,MNE,2023-05-16 02:00:00,2023-05-16 04:00:00,72.42
Montenegro,MNE,2023-05-16 03:00:00,2023-05-16 05:00:00,78.86
Montenegro,MNE,2023-05-16 04:00:00,2023-05-16 06:00:00,91.86
Montenegro,MNE,2023-05-16 05:00:00,2023-05-16 07:00:00,106.63
Montenegro,MNE,2023-05-16 06:00:00,2023-05-16 08:00:00,107.15
Montenegro,MNE,2023-05-16 07:00:00,2023-05-16 09:00:00,95.25
Montenegro,MNE,2023-05-16 08:00:00,2023-05-16 10:00:00,83.91
Montenegro,MNE,2023-05-16 09:00:00,2023-05-16 11:00:00,80.91
Montenegro,MNE,2023-05-16 10:00:00,2023-05-16 12:00:00,74.28
Montenegro,MNE,2023-05-16 11:00:00,2023-05-16 13:00:00,71.27
Montenegro,MNE,2023-05-16 12:00:00,2023-05-16 14:00:00,69.95
Montenegro,MNE,2023-05-16 13:00:00,2023-05-16 15:00:00,75.75
Montenegro,MNE,2023-05-16 14:00:00,2023-05-16 16:00:00,79.01
Montenegro,MNE,2023-05-16 15:00:00,2023-05-16 17:00:00,80.06
Montenegro,MNE,2023-05-16 16:00:00,2023-05-16 18:00:00,99.65
Montenegro,MNE,2023-05-16 17:00:00,2023-05-16 19:00:00,113.83
Montenegro,MNE,2023-05-16 18:00:00,2023-05-16 20:00:00,116.17
Montenegro,MNE,2023-05-16 19:00:00,2023-05-16 21:00:00,107.06
Montenegro,MNE,2023-05-16 20:00:00,2023-05-16 22:00:00,95.76
Montenegro,MNE,2023-05-16 21:00:00,2023-05-16 23:00:00,83.6
Montenegro,MNE,2023-05-16 22:00:00,2023-05-17 00:00:00,75.18
Montenegro,MNE,2023-05-16 23:00:00,2023-05-17 01:00:00,65.01
Montenegro,MNE,2023-05-17 00:00:00,2023-05-17 02:00:00,62.84
Montenegro,MNE,2023-05-17 01:00:00,2023-05-17 03:00:00,57.43
Montenegro,MNE,2023-05-17 02:00:00,2023-05-17 04:00:00,63.31
Montenegro,MNE,2023-05-17 03:00:00,2023-05-17 05:00:00,70.04
Montenegro,MNE,2023-05-17 04:00:00,2023-05-17 06:00:00,101.02
Montenegro,MNE,2023-05-17 05:00:00,2023-05-17 07:00:00,115.09
Montenegro,MNE,2023-05-17 06:00:00,2023-05-17 08:00:00,115.68
Montenegro,MNE,2023-05-17 07:00:00,2023-05-17 09:00:00,103.13
Montenegro,MNE,2023-05-17 08:00:00,2023-05-17 10:00:00,81.06
Montenegro,MNE,2023-05-17 09:00:00,2023-05-17 11:00:00,73.03
Montenegro,MNE,2023-05-17 10:00:00,2023-05-17 12:00:00,66.49
Montenegro,MNE,2023-05-17 11:00:00,2023-05-17 13:00:00,63.9
Montenegro,MNE,2023-05-17 12:00:00,2023-05-17 14:00:00,67.48
Montenegro,MNE,2023-05-17 13:00:00,2023-05-17 15:00:00,75.65
Montenegro,MNE,2023-05-17 14:00:00,2023-05-17 16:00:00,80.05
Montenegro,MNE,2023-05-17 15:00:00,2023-05-17 17:00:00,95.28
Montenegro,MNE,2023-05-17 16:00:00,2023-05-17 18:00:00,116.09
Montenegro,MNE,2023-05-17 17:00:00,2023-05-17 19:00:00,127.15
Montenegro,MNE,2023-05-17 18:00:00,2023-05-17 20:00:00,139.58
Montenegro,MNE,2023-05-17 19:00:00,2023-05-17 21:00:00,131.14
Montenegro,MNE,2023-05-17 20:00:00,2023-05-17 22:00:00,119.91
Montenegro,MNE,2023-05-17 21:00:00,2023-05-17 23:00:00,103.74
Montenegro,MNE,2023-05-17 22:00:00,2023-05-18 00:00:00,91.73
Montenegro,MNE,2023-05-17 23:00:00,2023-05-18 01:00:00,87.31
Montenegro,MNE,2023-05-18 00:00:00,2023-05-18 02:00:00,83.6
Montenegro,MNE,2023-05-18 01:00:00,2023-05-18 03:00:00,79.51
Montenegro,MNE,2023-05-18 02:00:00,2023-05-18 04:00:00,82.02
Montenegro,MNE,2023-05-18 03:00:00,2023-05-18 05:00:00,83.25
Montenegro,MNE,2023-05-18 04:00:00,2023-05-18 06:00:00,95.66
Montenegro,MNE,2023-05-18 05:00:00,2023-05-18 07:00:00,103.42
Montenegro,MNE,2023-05-18 06:00:00,2023-05-18 08:00:00,122.17
Montenegro,MNE,2023-05-18 07:00:00,2023-05-18 09:00:00,107.62
Montenegro,MNE,2023-05-18 08:00:00,2023-05-18 10:00:00,82.4
Montenegro,MNE,2023-05-18 09:00:00,2023-05-18 11:00:00,69.99
Montenegro,MNE,2023-05-18 10:00:00,2023-05-18 12:00:00,69.91
Montenegro,MNE,2023-05-18 11:00:00,2023-05-18 13:00:00,63.72
Montenegro,MNE,2023-05-18 12:00:00,2023-05-18 14:00:00,57.75
Montenegro,MNE,2023-05-18 13:00:00,2023-05-18 15:00:00,69.95
Montenegro,MNE,2023-05-18 14:00:00,2023-05-18 16:00:00,71.64
Montenegro,MNE,2023-05-18 15:00:00,2023-05-18 17:00:00,89.71
Montenegro,MNE,2023-05-18 16:00:00,2023-05-18 18:00:00,108.28
Montenegro,MNE,2023-05-18 17:00:00,2023-05-18 19:00:00,115.55
Montenegro,MNE,2023-05-18 18:00:00,2023-05-18 20:00:00,140.02
Montenegro,MNE,2023-05-18 19:00:00,2023-05-18 21:00:00,127.18
Montenegro,MNE,2023-05-18 20:00:00,2023-05-18 22:00:00,104.01
Montenegro,MNE,2023-05-18 21:00:00,2023-05-18 23:00:00,93.43
Montenegro,MNE,2023-05-18 22:00:00,2023-05-19 00:00:00,90.57
Montenegro,MNE,2023-05-18 23:00:00,2023-05-19 01:00:00,83.67
Montenegro,MNE,2023-05-19 00:00:00,2023-05-19 02:00:00,76.94
Montenegro,MNE,2023-05-19 01:00:00,2023-05-19 03:00:00,78.65
Montenegro,MNE,2023-05-19 02:00:00,2023-05-19 04:00:00,76.47
Montenegro,MNE,2023-05-19 03:00:00,2023-05-19 05:00:00,83.23
Montenegro,MNE,2023-05-19 04:00:00,2023-05-19 06:00:00,102.76
Montenegro,MNE,2023-05-19 05:00:00,2023-05-19 07:00:00,113.01
Montenegro,MNE,2023-05-19 06:00:00,2023-05-19 08:00:00,112.42
Montenegro,MNE,2023-05-19 07:00:00,2023-05-19 09:00:00,104.58
Montenegro,MNE,2023-05-19 08:00:00,2023-05-19 10:00:00,83.95
Montenegro,MNE,2023-05-19 09:00:00,2023-05-19 11:00:00,83.23
Montenegro,MNE,2023-05-19 10:00:00,2023-05-19 12:00:00,79.97
Montenegro,MNE,2023-05-19 11:00:00,2023-05-19 13:00:00,73.93
Montenegro,MNE,2023-05-19 12:00:00,2023-05-19 14:00:00,77.53
Montenegro,MNE,2023-05-19 13:00:00,2023-05-19 15:00:00,79.92
Montenegro,MNE,2023-05-19 14:00:00,2023-05-19 16:00:00,79.99
Montenegro,MNE,2023-05-19 15:00:00,2023-05-19 17:00:00,95.81
Montenegro,MNE,2023-05-19 16:00:00,2023-05-19 18:00:00,104.79
Montenegro,MNE,2023-05-19 17:00:00,2023-05-19 19:00:00,118.04
Montenegro,MNE,2023-05-19 18:00:00,2023-05-19 20:00:00,143.32
Montenegro,MNE,2023-05-19 19:00:00,2023-05-19 21:00:00,108.04
Montenegro,MNE,2023-05-19 20:00:00,2023-05-19 22:00:00,98.04
Montenegro,MNE,2023-05-19 21:00:00,2023-05-19 23:00:00,97.52
Montenegro,MNE,2023-05-19 22:00:00,2023-05-20 00:00:00,70.0
Montenegro,MNE,2023-05-19 23:00:00,2023-05-20 01:00:00,61.33
Montenegro,MNE,2023-05-20 00:00:00,2023-05-20 02:00:00,58.03
Montenegro,MNE,2023-05-20 01:00:00,2023-05-20 03:00:00,47.45
Montenegro,MNE,2023-05-20 02:00:00,2023-05-20 04:00:00,48.56
Montenegro,MNE,2023-05-20 03:00:00,2023-05-20 05:00:00,46.06
Montenegro,MNE,2023-05-20 04:00:00,2023-05-20 06:00:00,54.02
Montenegro,MNE,2023-05-20 05:00:00,2023-05-20 07:00:00,60.03
Montenegro,MNE,2023-05-20 06:00:00,2023-05-20 08:00:00,62.1
Montenegro,MNE,2023-05-20 07:00:00,2023-05-20 09:00:00,55.07
Montenegro,MNE,2023-05-20 08:00:00,2023-05-20 10:00:00,21.99
Montenegro,MNE,2023-05-20 09:00:00,2023-05-20 11:00:00,19.98
Montenegro,MNE,2023-05-20 10:00:00,2023-05-20 12:00:00,19.98
Montenegro,MNE,2023-05-20 11:00:00,2023-05-20 13:00:00,19.94
Montenegro,MNE,2023-05-20 12:00:00,2023-05-20 14:00:00,19.94
Montenegro,MNE,2023-05-20 13:00:00,2023-05-20 15:00:00,20.0
Montenegro,MNE,2023-05-20 14:00:00,2023-05-20 16:00:00,25.38
Montenegro,MNE,2023-05-20 15:00:00,2023-05-20 17:00:00,49.98
Montenegro,MNE,2023-05-20 16:00:00,2023-05-20 18:00:00,65.88
Montenegro,MNE,2023-05-20 17:00:00,2023-05-20 19:00:00,77.67
Montenegro,MNE,2023-05-20 18:00:00,2023-05-20 20:00:00,85.08
Montenegro,MNE,2023-05-20 19:00:00,2023-05-20 21:00:00,82.98
Montenegro,MNE,2023-05-20 20:00:00,2023-05-20 22:00:00,77.25
Montenegro,MNE,2023-05-20 21:00:00,2023-05-20 23:00:00,69.59
Montenegro,MNE,2023-05-20 22:00:00,2023-05-21 00:00:00,53.52
Montenegro,MNE,2023-05-20 23:00:00,2023-05-21 01:00:00,49.92
Montenegro,MNE,2023-05-21 00:00:00,2023-05-21 02:00:00,43.43
Montenegro,MNE,2023-05-21 01:00:00,2023-05-21 03:00:00,41.12
Montenegro,MNE,2023-05-21 02:00:00,2023-05-21 04:00:00,40.45
Montenegro,MNE,2023-05-21 03:00:00,2023-05-21 05:00:00,40.12
Montenegro,MNE,2023-05-21 04:00:00,2023-05-21 06:00:00,35.32
Montenegro,MNE,2023-05-21 05:00:00,2023-05-21 07:00:00,28.02
Montenegro,MNE,2023-05-21 06:00:00,2023-05-21 08:00:00,23.99
Montenegro,MNE,2023-05-21 07:00:00,2023-05-21 09:00:00,5.46
Montenegro,MNE,2023-05-21 08:00:00,2023-05-21 10:00:00,2.02
Montenegro,MNE,2023-05-21 09:00:00,2023-05-21 11:00:00,1.97
Montenegro,MNE,2023-05-21 10:00:00,2023-05-21 12:00:00,1.96
Montenegro,MNE,2023-05-21 11:00:00,2023-05-21 13:00:00,1.97
Montenegro,MNE,2023-05-21 12:00:00,2023-05-21 14:00:00,1.97
Montenegro,MNE,2023-05-21 13:00:00,2023-05-21 15:00:00,2.03
Montenegro,MNE,2023-05-21 14:00:00,2023-05-21 16:00:00,5.38
Montenegro,MNE,2023-05-21 15:00:00,2023-05-21 17:00:00,14.95
Montenegro,MNE,2023-05-21 16:00:00,2023-05-21 18:00:00,47.76
Montenegro,MNE,2023-05-21 17:00:00,2023-05-21 19:00:00,77.18
Montenegro,MNE,2023-05-21 18:00:00,2023-05-21 20:00:00,85.48
Montenegro,MNE,2023-05-21 19:00:00,2023-05-21 21:00:00,77.67
Montenegro,MNE,2023-05-21 20:00:00,2023-05-21 22:00:00,71.44
Montenegro,MNE,2023-05-21 21:00:00,2023-05-21 23:00:00,67.44
Montenegro,MNE,2023-05-21 22:00:00,2023-05-22 00:00:00,68.42
Montenegro,MNE,2023-05-21 23:00:00,2023-05-22 01:00:00,62.71
Montenegro,MNE,2023-05-22 00:00:00,2023-05-22 02:00:00,55.68
Montenegro,MNE,2023-05-22 01:00:00,2023-05-22 03:00:00,54.54
Montenegro,MNE,2023-05-22 02:00:00,2023-05-22 04:00:00,55.1
Montenegro,MNE,2023-05-22 03:00:00,2023-05-22 05:00:00,69.02
Montenegro,MNE,2023-05-22 04:00:00,2023-05-22 06:00:00,83.87
Montenegro,MNE,2023-05-22 05:00:00,2023-05-22 07:00:00,90.57
Montenegro,MNE,2023-05-22 06:00:00,2023-05-22 08:00:00,90.97
Montenegro,MNE,2023-05-22 07:00:00,2023-05-22 09:00:00,83.87
Montenegro,MNE,2023-05-22 08:00:00,2023-05-22 10:00:00,62.57
Montenegro,MNE,2023-05-22 09:00:00,2023-05-22 11:00:00,55.29
Montenegro,MNE,2023-05-22 10:00:00,2023-05-22 12:00:00,48.88
Montenegro,MNE,2023-05-22 11:00:00,2023-05-22 13:00:00,55.27
Montenegro,MNE,2023-05-22 12:00:00,2023-05-22 14:00:00,48.87
Montenegro,MNE,2023-05-22 13:00:00,2023-05-22 15:00:00,55.57
Montenegro,MNE,2023-05-22 14:00:00,2023-05-22 16:00:00,69.47
Montenegro,MNE,2023-05-22 15:00:00,2023-05-22 17:00:00,85.98
Montenegro,MNE,2023-05-22 16:00:00,2023-05-22 18:00:00,104.02
Montenegro,MNE,2023-05-22 17:00:00,2023-05-22 19:00:00,114.51
Montenegro,MNE,2023-05-22 18:00:00,2023-05-22 20:00:00,110.08
Montenegro,MNE,2023-05-22 19:00:00,2023-05-22 21:00:00,107.97
Montenegro,MNE,2023-05-22 20:00:00,2023-05-22 22:00:00,97.32
Montenegro,MNE,2023-05-22 21:00:00,2023-05-22 23:00:00,83.69
Montenegro,MNE,2023-05-22 22:00:00,2023-05-23 00:00:00,82.01
Montenegro,MNE,2023-05-22 23:00:00,2023-05-23 01:00:00,75.88
Montenegro,MNE,2023-05-23 00:00:00,2023-05-23 02:00:00,73.41
Montenegro,MNE,2023-05-23 01:00:00,2023-05-23 03:00:00,71.58
Montenegro,MNE,2023-05-23 02:00:00,2023-05-23 04:00:00,73.3
Montenegro,MNE,2023-05-23 03:00:00,2023-05-23 05:00:00,79.43
Montenegro,MNE,2023-05-23 04:00:00,2023-05-23 06:00:00,98.39
Montenegro,MNE,2023-05-23 05:00:00,2023-05-23 07:00:00,103.67
Montenegro,MNE,2023-05-23 06:00:00,2023-05-23 08:00:00,99.05
Montenegro,MNE,2023-05-23 07:00:00,2023-05-23 09:00:00,87.94
Montenegro,MNE,2023-05-23 08:00:00,2023-05-23 10:00:00,73.06
Montenegro,MNE,2023-05-23 09:00:00,2023-05-23 11:00:00,63.26
Montenegro,MNE,2023-05-23 10:00:00,2023-05-23 12:00:00,58.98
Montenegro,MNE,2023-05-23 11:00:00,2023-05-23 13:00:00,49.95
Montenegro,MNE,2023-05-23 12:00:00,2023-05-23 14:00:00,47.96
Montenegro,MNE,2023-05-23 13:00:00,2023-05-23 15:00:00,49.94
Montenegro,MNE,2023-05-23 14:00:00,2023-05-23 16:00:00,69.97
Montenegro,MNE,2023-05-23 15:00:00,2023-05-23 17:00:00,85.58
Montenegro,MNE,2023-05-23 16:00:00,2023-05-23 18:00:00,104.05
Montenegro,MNE,2023-05-23 17:00:00,2023-05-23 19:00:00,123.45
Montenegro,MNE,2023-05-23 18:00:00,2023-05-23 20:00:00,135.01
Montenegro,MNE,2023-05-23 19:00:00,2023-05-23 21:00:00,113.43
Montenegro,MNE,2023-05-23 20:00:00,2023-05-23 22:00:00,102.02
Montenegro,MNE,2023-05-23 21:00:00,2023-05-23 23:00:00,93.17
Montenegro,MNE,2023-05-23 22:00:00,2023-05-24 00:00:00,85.29
Montenegro,MNE,2023-05-23 23:00:00,2023-05-24 01:00:00,77.68
Montenegro,MNE,2023-05-24 00:00:00,2023-05-24 02:00:00,71.35
Montenegro,MNE,2023-05-24 01:00:00,2023-05-24 03:00:00,68.85
Montenegro,MNE,2023-05-24 02:00:00,2023-05-24 04:00:00,72.85
Montenegro,MNE,2023-05-24 03:00:00,2023-05-24 05:00:00,83.04
Montenegro,MNE,2023-05-24 04:00:00,2023-05-24 06:00:00,102.85
Montenegro,MNE,2023-05-24 05:00:00,2023-05-24 07:00:00,107.49
Montenegro,MNE,2023-05-24 06:00:00,2023-05-24 08:00:00,103.79
Montenegro,MNE,2023-05-24 07:00:00,2023-05-24 09:00:00,94.04
Montenegro,MNE,2023-05-24 08:00:00,2023-05-24 10:00:00,83.91
Montenegro,MNE,2023-05-24 09:00:00,2023-05-24 11:00:00,77.06
Montenegro,MNE,2023-05-24 10:00:00,2023-05-24 12:00:00,71.25
Montenegro,MNE,2023-05-24 11:00:00,2023-05-24 13:00:00,69.08
Montenegro,MNE,2023-05-24 12:00:00,2023-05-24 14:00:00,67.98
Montenegro,MNE,2023-05-24 13:00:00,2023-05-24 15:00:00,71.14
Montenegro,MNE,2023-05-24 14:00:00,2023-05-24 16:00:00,79.97
Montenegro,MNE,2023-05-24 15:00:00,2023-05-24 17:00:00,99.15
Montenegro,MNE,2023-05-24 16:00:00,2023-05-24 18:00:00,113.51
Montenegro,MNE,2023-05-24 17:00:00,2023-05-24 19:00:00,131.48
Montenegro,MNE,2023-05-24 18:00:00,2023-05-24 20:00:00,143.7
Montenegro,MNE,2023-05-24 19:00:00,2023-05-24 21:00:00,125.45
Montenegro,MNE,2023-05-24 20:00:00,2023-05-24 22:00:00,114.01
Montenegro,MNE,2023-05-24 21:00:00,2023-05-24 23:00:00,101.96
Montenegro,MNE,2023-05-24 22:00:00,2023-05-25 00:00:00,91.79
Montenegro,MNE,2023-05-24 23:00:00,2023-05-25 01:00:00,86.77
Montenegro,MNE,2023-05-25 00:00:00,2023-05-25 02:00:00,81.68
Montenegro,MNE,2023-05-25 01:00:00,2023-05-25 03:00:00,79.81
Montenegro,MNE,2023-05-25 02:00:00,2023-05-25 04:00:00,78.15
Montenegro,MNE,2023-05-25 03:00:00,2023-05-25 05:00:00,90.88
Montenegro,MNE,2023-05-25 04:00:00,2023-05-25 06:00:00,108.83
Montenegro,MNE,2023-05-25 05:00:00,2023-05-25 07:00:00,119.0
Montenegro,MNE,2023-05-25 06:00:00,2023-05-25 08:00:00,107.59
Montenegro,MNE,2023-05-25 07:00:00,2023-05-25 09:00:00,94.04
Montenegro,MNE,2023-05-25 08:00:00,2023-05-25 10:00:00,75.3
Montenegro,MNE,2023-05-25 09:00:00,2023-05-25 11:00:00,69.27
Montenegro,MNE,2023-05-25 10:00:00,2023-05-25 12:00:00,65.41
Montenegro,MNE,2023-05-25 11:00:00,2023-05-25 13:00:00,53.66
Montenegro,MNE,2023-05-25 12:00:00,2023-05-25 14:00:00,52.09
Montenegro,MNE,2023-05-25 13:00:00,2023-05-25 15:00:00,51.96
Montenegro,MNE,2023-05-25 14:00:00,2023-05-25 16:00:00,67.4
Montenegro,MNE,2023-05-25 15:00:00,2023-05-25 17:00:00,91.46
Montenegro,MNE,2023-05-25 16:00:00,2023-05-25 18:00:00,109.93
Montenegro,MNE,2023-05-25 17:00:00,2023-05-25 19:00:00,131.86
Montenegro,MNE,2023-05-25 18:00:00,2023-05-25 20:00:00,143.5
Montenegro,MNE,2023-05-25 19:00:00,2023-05-25 21:00:00,126.72
Montenegro,MNE,2023-05-25 20:00:00,2023-05-25 22:00:00,107.95
Montenegro,MNE,2023-05-25 21:00:00,2023-05-25 23:00:00,91.81
Montenegro,MNE,2023-05-25 22:00:00,2023-05-26 00:00:00,85.03
Montenegro,MNE,2023-05-25 23:00:00,2023-05-26 01:00:00,80.06
Montenegro,MNE,2023-05-26 00:00:00,2023-05-26 02:00:00,78.1
Montenegro,MNE,2023-05-26 01:00:00,2023-05-26 03:00:00,75.1
Montenegro,MNE,2023-05-26 02:00:00,2023-05-26 04:00:00,75.1
Montenegro,MNE,2023-05-26 03:00:00,2023-05-26 05:00:00,80.1
Montenegro,MNE,2023-05-26 04:00:00,2023-05-26 06:00:00,95.08
Montenegro,MNE,2023-05-26 05:00:00,2023-05-26 07:00:00,99.05
Montenegro,MNE,2023-05-26 06:00:00,2023-05-26 08:00:00,91.74
Montenegro,MNE,2023-05-26 07:00:00,2023-05-26 09:00:00,79.34
Montenegro,MNE,2023-05-26 08:00:00,2023-05-26 10:00:00,56.1
Montenegro,MNE,2023-05-26 09:00:00,2023-05-26 11:00:00,42.9
Montenegro,MNE,2023-05-26 10:00:00,2023-05-26 12:00:00,40.01
Montenegro,MNE,2023-05-26 11:00:00,2023-05-26 13:00:00,29.79
Montenegro,MNE,2023-05-26 12:00:00,2023-05-26 14:00:00,39.14
Montenegro,MNE,2023-05-26 13:00:00,2023-05-26 15:00:00,38.35
Montenegro,MNE,2023-05-26 14:00:00,2023-05-26 16:00:00,45.03
Montenegro,MNE,2023-05-26 15:00:00,2023-05-26 17:00:00,77.06
Montenegro,MNE,2023-05-26 16:00:00,2023-05-26 18:00:00,90.06
Montenegro,MNE,2023-05-26 17:00:00,2023-05-26 19:00:00,112.85
Montenegro,MNE,2023-05-26 18:00:00,2023-05-26 20:00:00,121.9
Montenegro,MNE,2023-05-26 19:00:00,2023-05-26 21:00:00,116.65
Montenegro,MNE,2023-05-26 20:00:00,2023-05-26 22:00:00,97.5
Montenegro,MNE,2023-05-26 21:00:00,2023-05-26 23:00:00,90.54
Montenegro,MNE,2023-05-26 22:00:00,2023-05-27 00:00:00,79.21
Montenegro,MNE,2023-05-26 23:00:00,2023-05-27 01:00:00,77.14
Montenegro,MNE,2023-05-27 00:00:00,2023-05-27 02:00:00,75.25
Montenegro,MNE,2023-05-27 01:00:00,2023-05-27 03:00:00,74.19
Montenegro,MNE,2023-05-27 02:00:00,2023-05-27 04:00:00,78.11
Montenegro,MNE,2023-05-27 03:00:00,2023-05-27 05:00:00,80.5
Montenegro,MNE,2023-05-27 04:00:00,2023-05-27 06:00:00,79.04
Montenegro,MNE,2023-05-27 05:00:00,2023-05-27 07:00:00,83.53
Montenegro,MNE,2023-05-27 06:00:00,2023-05-27 08:00:00,71.64
Montenegro,MNE,2023-05-27 07:00:00,2023-05-27 09:00:00,61.39
Montenegro,MNE,2023-05-27 08:00:00,2023-05-27 10:00:00,40.55
Montenegro,MNE,2023-05-27 09:00:00,2023-05-27 11:00:00,40.07
Montenegro,MNE,2023-05-27 10:00:00,2023-05-27 12:00:00,33.1
Montenegro,MNE,2023-05-27 11:00:00,2023-05-27 13:00:00,30.5
Montenegro,MNE,2023-05-27 12:00:00,2023-05-27 14:00:00,30.5
Montenegro,MNE,2023-05-27 13:00:00,2023-05-27 15:00:00,40.07
Montenegro,MNE,2023-05-27 14:00:00,2023-05-27 16:00:00,40.07
Montenegro,MNE,2023-05-27 15:00:00,2023-05-27 17:00:00,56.19
Montenegro,MNE,2023-05-27 16:00:00,2023-05-27 18:00:00,78.78
Montenegro,MNE,2023-05-27 17:00:00,2023-05-27 19:00:00,104.5
Montenegro,MNE,2023-05-27 18:00:00,2023-05-27 20:00:00,115.71
Montenegro,MNE,2023-05-27 19:00:00,2023-05-27 21:00:00,104.25
Montenegro,MNE,2023-05-27 20:00:00,2023-05-27 22:00:00,96.92
Montenegro,MNE,2023-05-27 21:00:00,2023-05-27 23:00:00,86.33
Montenegro,MNE,2023-05-27 22:00:00,2023-05-28 00:00:00,83.28
Montenegro,MNE,2023-05-27 23:00:00,2023-05-28 01:00:00,81.28
Montenegro,MNE,2023-05-28 00:00:00,2023-05-28 02:00:00,77.25
Montenegro,MNE,2023-05-28 01:00:00,2023-05-28 03:00:00,73.2
Montenegro,MNE,2023-05-28 02:00:00,2023-05-28 04:00:00,67.67
Montenegro,MNE,2023-05-28 03:00:00,2023-05-28 05:00:00,59.89
Montenegro,MNE,2023-05-28 04:00:00,2023-05-28 06:00:00,55.08
Montenegro,MNE,2023-05-28 05:00:00,2023-05-28 07:00:00,50.09
Montenegro,MNE,2023-05-28 06:00:00,2023-05-28 08:00:00,50.09
Montenegro,MNE,2023-05-28 07:00:00,2023-05-28 09:00:00,50.08
Montenegro,MNE,2023-05-28 08:00:00,2023-05-28 10:00:00,26.01
Montenegro,MNE,2023-05-28 09:00:00,2023-05-28 11:00:00,45.05
Montenegro,MNE,2023-05-28 10:00:00,2023-05-28 12:00:00,37.02
Montenegro,MNE,2023-05-28 11:00:00,2023-05-28 13:00:00,27.5
Montenegro,MNE,2023-05-28 12:00:00,2023-05-28 14:00:00,27.5
Montenegro,MNE,2023-05-28 13:00:00,2023-05-28 15:00:00,37.07
Montenegro,MNE,2023-05-28 14:00:00,2023-05-28 16:00:00,37.1
Montenegro,MNE,2023-05-28 15:00:00,2023-05-28 17:00:00,50.09
Montenegro,MNE,2023-05-28 16:00:00,2023-05-28 18:00:00,54.08
Montenegro,MNE,2023-05-28 17:00:00,2023-05-28 19:00:00,77.54
Montenegro,MNE,2023-05-28 18:00:00,2023-05-28 20:00:00,85.89
Montenegro,MNE,2023-05-28 19:00:00,2023-05-28 21:00:00,84.17
Montenegro,MNE,2023-05-28 20:00:00,2023-05-28 22:00:00,75.68
Montenegro,MNE,2023-05-28 21:00:00,2023-05-28 23:00:00,65.89
Montenegro,MNE,2023-05-28 22:00:00,2023-05-29 00:00:00,70.06
Montenegro,MNE,2023-05-28 23:00:00,2023-05-29 01:00:00,65.05
Montenegro,MNE,2023-05-29 00:00:00,2023-05-29 02:00:00,55.06
Montenegro,MNE,2023-05-29 01:00:00,2023-05-29 03:00:00,50.08
Montenegro,MNE,2023-05-29 02:00:00,2023-05-29 04:00:00,48.16
Montenegro,MNE,2023-05-29 03:00:00,2023-05-29 05:00:00,51.04
Montenegro,MNE,2023-05-29 04:00:00,2023-05-29 06:00:00,56.89
Montenegro,MNE,2023-05-29 05:00:00,2023-05-29 07:00:00,56.27
Montenegro,MNE,2023-05-29 06:00:00,2023-05-29 08:00:00,38.57
Montenegro,MNE,2023-05-29 07:00:00,2023-05-29 09:00:00,33.1
Montenegro,MNE,2023-05-29 08:00:00,2023-05-29 10:00:00,50.08
Montenegro,MNE,2023-05-29 09:00:00,2023-05-29 11:00:00,50.08
Montenegro,MNE,2023-05-29 10:00:00,2023-05-29 12:00:00,50.07
Montenegro,MNE,2023-05-29 11:00:00,2023-05-29 13:00:00,50.08
Montenegro,MNE,2023-05-29 12:00:00,2023-05-29 14:00:00,50.08
Montenegro,MNE,2023-05-29 13:00:00,2023-05-29 15:00:00,50.07
Montenegro,MNE,2023-05-29 14:00:00,2023-05-29 16:00:00,50.07
Montenegro,MNE,2023-05-29 15:00:00,2023-05-29 17:00:00,50.08
Montenegro,MNE,2023-05-29 16:00:00,2023-05-29 18:00:00,66.75
Montenegro,MNE,2023-05-29 17:00:00,2023-05-29 19:00:00,86.57
Montenegro,MNE,2023-05-29 18:00:00,2023-05-29 20:00:00,95.45
Montenegro,MNE,2023-05-29 19:00:00,2023-05-29 21:00:00,86.25
Montenegro,MNE,2023-05-29 20:00:00,2023-05-29 22:00:00,79.97
Montenegro,MNE,2023-05-29 21:00:00,2023-05-29 23:00:00,75.09
Montenegro,MNE,2023-05-29 22:00:00,2023-05-30 00:00:00,70.4
Montenegro,MNE,2023-05-29 23:00:00,2023-05-30 01:00:00,62.97
Montenegro,MNE,2023-05-30 00:00:00,2023-05-30 02:00:00,64.99
Montenegro,MNE,2023-05-30 01:00:00,2023-05-30 03:00:00,69.49
Montenegro,MNE,2023-05-30 02:00:00,2023-05-30 04:00:00,70.89
Montenegro,MNE,2023-05-30 03:00:00,2023-05-30 05:00:00,81.44
Montenegro,MNE,2023-05-30 04:00:00,2023-05-30 06:00:00,99.95
Montenegro,MNE,2023-05-30 05:00:00,2023-05-30 07:00:00,107.73
Montenegro,MNE,2023-05-30 06:00:00,2023-05-30 08:00:00,97.95
Montenegro,MNE,2023-05-30 07:00:00,2023-05-30 09:00:00,90.04
Montenegro,MNE,2023-05-30 08:00:00,2023-05-30 10:00:00,68.16
Montenegro,MNE,2023-05-30 09:00:00,2023-05-30 11:00:00,71.78
Montenegro,MNE,2023-05-30 10:00:00,2023-05-30 12:00:00,68.16
Montenegro,MNE,2023-05-30 11:00:00,2023-05-30 13:00:00,71.21
Montenegro,MNE,2023-05-30 12:00:00,2023-05-30 14:00:00,64.84
Montenegro,MNE,2023-05-30 13:00:00,2023-05-30 15:00:00,71.26
Montenegro,MNE,2023-05-30 14:00:00,2023-05-30 16:00:00,83.62
Montenegro,MNE,2023-05-30 15:00:00,2023-05-30 17:00:00,104.71
Montenegro,MNE,2023-05-30 16:00:00,2023-05-30 18:00:00,118.58
Montenegro,MNE,2023-05-30 17:00:00,2023-05-30 19:00:00,132.24
Montenegro,MNE,2023-05-30 18:00:00,2023-05-30 20:00:00,146.48
Montenegro,MNE,2023-05-30 19:00:00,2023-05-30 21:00:00,132.34
Montenegro,MNE,2023-05-30 20:00:00,2023-05-30 22:00:00,110.64
Montenegro,MNE,2023-05-30 21:00:00,2023-05-30 23:00:00,97.81
Montenegro,MNE,2023-05-30 22:00:00,2023-05-31 00:00:00,87.58
Montenegro,MNE,2023-05-30 23:00:00,2023-05-31 01:00:00,84.88
Montenegro,MNE,2023-05-31 00:00:00,2023-05-31 02:00:00,81.98
Montenegro,MNE,2023-05-31 01:00:00,2023-05-31 03:00:00,79.26
Montenegro,MNE,2023-05-31 02:00:00,2023-05-31 04:00:00,80.99
Montenegro,MNE,2023-05-31 03:00:00,2023-05-31 05:00:00,87.93
Montenegro,MNE,2023-05-31 04:00:00,2023-05-31 06:00:00,99.93
Montenegro,MNE,2023-05-31 05:00:00,2023-05-31 07:00:00,111.17
Montenegro,MNE,2023-05-31 06:00:00,2023-05-31 08:00:00,101.02
Montenegro,MNE,2023-05-31 07:00:00,2023-05-31 09:00:00,89.95
Montenegro,MNE,2023-05-31 08:00:00,2023-05-31 10:00:00,78.08
Montenegro,MNE,2023-05-31 09:00:00,2023-05-31 11:00:00,75.96
Montenegro,MNE,2023-05-31 10:00:00,2023-05-31 12:00:00,62.72
Montenegro,MNE,2023-05-31 11:00:00,2023-05-31 13:00:00,62.99
Montenegro,MNE,2023-05-31 12:00:00,2023-05-31 14:00:00,73.96
Montenegro,MNE,2023-05-31 13:00:00,2023-05-31 15:00:00,77.91
Montenegro,MNE,2023-05-31 14:00:00,2023-05-31 16:00:00,81.96
Montenegro,MNE,2023-05-31 15:00:00,2023-05-31 17:00:00,83.75
Montenegro,MNE,2023-05-31 16:00:00,2023-05-31 18:00:00,99.94
Montenegro,MNE,2023-05-31 17:00:00,2023-05-31 19:00:00,118.8
Montenegro,MNE,2023-05-31 18:00:00,2023-05-31 20:00:00,143.14
Montenegro,MNE,2023-05-31 19:00:00,2023-05-31 21:00:00,121.26
Montenegro,MNE,2023-05-31 20:00:00,2023-05-31 22:00:00,98.08
Montenegro,MNE,2023-05-31 21:00:00,2023-05-31 23:00:00,92.53
Montenegro,MNE,2023-05-31 22:00:00,2023-06-01 00:00:00,74.29
Montenegro,MNE,2023-05-31 23:00:00,2023-06-01 01:00:00,68.22
Montenegro,MNE,2023-06-01 00:00:00,2023-06-01 02:00:00,65.4
Montenegro,MNE,2023-06-01 01:00:00,2023-06-01 03:00:00,65.6
Montenegro,MNE,2023-06-01 02:00:00,2023-06-01 04:00:00,66.1
Montenegro,MNE,2023-06-01 03:00:00,2023-06-01 05:00:00,70.6
Montenegro,MNE,2023-06-01 04:00:00,2023-06-01 06:00:00,85.84
Montenegro,MNE,2023-06-01 05:00:00,2023-06-01 07:00:00,95.02
Montenegro,MNE,2023-06-01 06:00:00,2023-06-01 08:00:00,85.55
Montenegro,MNE,2023-06-01 07:00:00,2023-06-01 09:00:00,70.96
Montenegro,MNE,2023-06-01 08:00:00,2023-06-01 10:00:00,58.82
Montenegro,MNE,2023-06-01 09:00:00,2023-06-01 11:00:00,49.17
Montenegro,MNE,2023-06-01 10:00:00,2023-06-01 12:00:00,40.08
Montenegro,MNE,2023-06-01 11:00:00,2023-06-01 13:00:00,40.08
Montenegro,MNE,2023-06-01 12:00:00,2023-06-01 14:00:00,40.08
Montenegro,MNE,2023-06-01 13:00:00,2023-06-01 15:00:00,46.09
Montenegro,MNE,2023-06-01 14:00:00,2023-06-01 16:00:00,50.64
Montenegro,MNE,2023-06-01 15:00:00,2023-06-01 17:00:00,91.26
Montenegro,MNE,2023-06-01 16:00:00,2023-06-01 18:00:00,99.94
Montenegro,MNE,2023-06-01 17:00:00,2023-06-01 19:00:00,112.56
Montenegro,MNE,2023-06-01 18:00:00,2023-06-01 20:00:00,128.06
Montenegro,MNE,2023-06-01 19:00:00,2023-06-01 21:00:00,115.07
Montenegro,MNE,2023-06-01 20:00:00,2023-06-01 22:00:00,94.65
Montenegro,MNE,2023-06-01 21:00:00,2023-06-01 23:00:00,86.29
Montenegro,MNE,2023-06-01 22:00:00,2023-06-02 00:00:00,81.8
Montenegro,MNE,2023-06-01 23:00:00,2023-06-02 01:00:00,79.24
Montenegro,MNE,2023-06-02 00:00:00,2023-06-02 02:00:00,73.35
Montenegro,MNE,2023-06-02 01:00:00,2023-06-02 03:00:00,72.5
Montenegro,MNE,2023-06-02 02:00:00,2023-06-02 04:00:00,75.67
Montenegro,MNE,2023-06-02 03:00:00,2023-06-02 05:00:00,82.61
Montenegro,MNE,2023-06-02 04:00:00,2023-06-02 06:00:00,95.86
Montenegro,MNE,2023-06-02 05:00:00,2023-06-02 07:00:00,100.91
Montenegro,MNE,2023-06-02 06:00:00,2023-06-02 08:00:00,95.09
Montenegro,MNE,2023-06-02 07:00:00,2023-06-02 09:00:00,82.94
Montenegro,MNE,2023-06-02 08:00:00,2023-06-02 10:00:00,65.91
Montenegro,MNE,2023-06-02 09:00:00,2023-06-02 11:00:00,52.99
Montenegro,MNE,2023-06-02 10:00:00,2023-06-02 12:00:00,41.39
Montenegro,MNE,2023-06-02 11:00:00,2023-06-02 13:00:00,39.73
Montenegro,MNE,2023-06-02 12:00:00,2023-06-02 14:00:00,39.59
Montenegro,MNE,2023-06-02 13:00:00,2023-06-02 15:00:00,42.65
Montenegro,MNE,2023-06-02 14:00:00,2023-06-02 16:00:00,52.19
Montenegro,MNE,2023-06-02 15:00:00,2023-06-02 17:00:00,71.87
Montenegro,MNE,2023-06-02 16:00:00,2023-06-02 18:00:00,87.59
Montenegro,MNE,2023-06-02 17:00:00,2023-06-02 19:00:00,103.83
Montenegro,MNE,2023-06-02 18:00:00,2023-06-02 20:00:00,118.37
Montenegro,MNE,2023-06-02 19:00:00,2023-06-02 21:00:00,103.49
Montenegro,MNE,2023-06-02 20:00:00,2023-06-02 22:00:00,98.05
Montenegro,MNE,2023-06-02 21:00:00,2023-06-02 23:00:00,88.79
Montenegro,MNE,2023-06-02 22:00:00,2023-06-03 00:00:00,83.95
Montenegro,MNE,2023-06-02 23:00:00,2023-06-03 01:00:00,79.69
Montenegro,MNE,2023-06-03 00:00:00,2023-06-03 02:00:00,72.39
Montenegro,MNE,2023-06-03 01:00:00,2023-06-03 03:00:00,71.25
Montenegro,MNE,2023-06-03 02:00:00,2023-06-03 04:00:00,71.11
Montenegro,MNE,2023-06-03 03:00:00,2023-06-03 05:00:00,71.5
Montenegro,MNE,2023-06-03 04:00:00,2023-06-03 06:00:00,71.94
Montenegro,MNE,2023-06-03 05:00:00,2023-06-03 07:00:00,71.9
Montenegro,MNE,2023-06-03 06:00:00,2023-06-03 08:00:00,67.78
Montenegro,MNE,2023-06-03 07:00:00,2023-06-03 09:00:00,49.7
Montenegro,MNE,2023-06-03 08:00:00,2023-06-03 10:00:00,30.04
Montenegro,MNE,2023-06-03 09:00:00,2023-06-03 11:00:00,22.96
Montenegro,MNE,2023-06-03 10:00:00,2023-06-03 12:00:00,18.09
Montenegro,MNE,2023-06-03 11:00:00,2023-06-03 13:00:00,18.04
Montenegro,MNE,2023-06-03 12:00:00,2023-06-03 14:00:00,11.95
Montenegro,MNE,2023-06-03 13:00:00,2023-06-03 15:00:00,20.03
Montenegro,MNE,2023-06-03 14:00:00,2023-06-03 16:00:00,24.97
Montenegro,MNE,2023-06-03 15:00:00,2023-06-03 17:00:00,51.99
Montenegro,MNE,2023-06-03 16:00:00,2023-06-03 18:00:00,71.94
Montenegro,MNE,2023-06-03 17:00:00,2023-06-03 19:00:00,91.65
Montenegro,MNE,2023-06-03 18:00:00,2023-06-03 20:00:00,115.28
Montenegro,MNE,2023-06-03 19:00:00,2023-06-03 21:00:00,107.66
Montenegro,MNE,2023-06-03 20:00:00,2023-06-03 22:00:00,90.08
Montenegro,MNE,2023-06-03 21:00:00,2023-06-03 23:00:00,83.91
Montenegro,MNE,2023-06-03 22:00:00,2023-06-04 00:00:00,73.25
Montenegro,MNE,2023-06-03 23:00:00,2023-06-04 01:00:00,72.73
Montenegro,MNE,2023-06-04 00:00:00,2023-06-04 02:00:00,61.2
Montenegro,MNE,2023-06-04 01:00:00,2023-06-04 03:00:00,55.87
Montenegro,MNE,2023-06-04 02:00:00,2023-06-04 04:00:00,55.87
Montenegro,MNE,2023-06-04 03:00:00,2023-06-04 05:00:00,53.93
Montenegro,MNE,2023-06-04 04:00:00,2023-06-04 06:00:00,63.72
Montenegro,MNE,2023-06-04 05:00:00,2023-06-04 07:00:00,57.82
Montenegro,MNE,2023-06-04 06:00:00,2023-06-04 08:00:00,48.49
Montenegro,MNE,2023-06-04 07:00:00,2023-06-04 09:00:00,34.05
Montenegro,MNE,2023-06-04 08:00:00,2023-06-04 10:00:00,17.85
Montenegro,MNE,2023-06-04 09:00:00,2023-06-04 11:00:00,4.94
Montenegro,MNE,2023-06-04 10:00:00,2023-06-04 12:00:00,0.98
Montenegro,MNE,2023-06-04 11:00:00,2023-06-04 13:00:00,0.98
Montenegro,MNE,2023-06-04 12:00:00,2023-06-04 14:00:00,0.98
Montenegro,MNE,2023-06-04 13:00:00,2023-06-04 15:00:00,0.98
Montenegro,MNE,2023-06-04 14:00:00,2023-06-04 16:00:00,4.94
Montenegro,MNE,2023-06-04 15:00:00,2023-06-04 17:00:00,59.06
Montenegro,MNE,2023-06-04 16:00:00,2023-06-04 18:00:00,78.69
Montenegro,MNE,2023-06-04 17:00:00,2023-06-04 19:00:00,85.25
Montenegro,MNE,2023-06-04 18:00:00,2023-06-04 20:00:00,107.94
Montenegro,MNE,2023-06-04 19:00:00,2023-06-04 21:00:00,96.05
Montenegro,MNE,2023-06-04 20:00:00,2023-06-04 22:00:00,91.14
Montenegro,MNE,2023-06-04 21:00:00,2023-06-04 23:00:00,83.14
Montenegro,MNE,2023-06-04 22:00:00,2023-06-05 00:00:00,80.0
Montenegro,MNE,2023-06-04 23:00:00,2023-06-05 01:00:00,71.76
Montenegro,MNE,2023-06-05 00:00:00,2023-06-05 02:00:00,71.18
Montenegro,MNE,2023-06-05 01:00:00,2023-06-05 03:00:00,67.88
Montenegro,MNE,2023-06-05 02:00:00,2023-06-05 04:00:00,71.73
Montenegro,MNE,2023-06-05 03:00:00,2023-06-05 05:00:00,82.65
Montenegro,MNE,2023-06-05 04:00:00,2023-06-05 06:00:00,101.05
Montenegro,MNE,2023-06-05 05:00:00,2023-06-05 07:00:00,112.05
Montenegro,MNE,2023-06-05 06:00:00,2023-06-05 08:00:00,95.05
Montenegro,MNE,2023-06-05 07:00:00,2023-06-05 09:00:00,84.02
Montenegro,MNE,2023-06-05 08:00:00,2023-06-05 10:00:00,67.29
Montenegro,MNE,2023-06-05 09:00:00,2023-06-05 11:00:00,57.94
Montenegro,MNE,2023-06-05 10:00:00,2023-06-05 12:00:00,52.74
Montenegro,MNE,2023-06-05 11:00:00,2023-06-05 13:00:00,42.72
Montenegro,MNE,2023-06-05 12:00:00,2023-06-05 14:00:00,42.72
Montenegro,MNE,2023-06-05 13:00:00,2023-06-05 15:00:00,52.15
Montenegro,MNE,2023-06-05 14:00:00,2023-06-05 16:00:00,59.88
Montenegro,MNE,2023-06-05 15:00:00,2023-06-05 17:00:00,78.45
Montenegro,MNE,2023-06-05 16:00:00,2023-06-05 18:00:00,92.91
Montenegro,MNE,2023-06-05 17:00:00,2023-06-05 19:00:00,112.08
Montenegro,MNE,2023-06-05 18:00:00,2023-06-05 20:00:00,124.05
Montenegro,MNE,2023-06-05 19:00:00,2023-06-05 21:00:00,109.34
Montenegro,MNE,2023-06-05 20:00:00,2023-06-05 22:00:00,98.05
Montenegro,MNE,2023-06-05 21:00:00,2023-06-05 23:00:00,87.49
Montenegro,MNE,2023-06-05 22:00:00,2023-06-06 00:00:00,87.35
Montenegro,MNE,2023-06-05 23:00:00,2023-06-06 01:00:00,80.83
Montenegro,MNE,2023-06-06 00:00:00,2023-06-06 02:00:00,78.42
Montenegro,MNE,2023-06-06 01:00:00,2023-06-06 03:00:00,75.99
Montenegro,MNE,2023-06-06 02:00:00,2023-06-06 04:00:00,77.98
Montenegro,MNE,2023-06-06 03:00:00,2023-06-06 05:00:00,86.19
Montenegro,MNE,2023-06-06 04:00:00,2023-06-06 06:00:00,105.8
Montenegro,MNE,2023-06-06 05:00:00,2023-06-06 07:00:00,111.19
Montenegro,MNE,2023-06-06 06:00:00,2023-06-06 08:00:00,104.87
Montenegro,MNE,2023-06-06 07:00:00,2023-06-06 09:00:00,94.88
Montenegro,MNE,2023-06-06 08:00:00,2023-06-06 10:00:00,83.43
Montenegro,MNE,2023-06-06 09:00:00,2023-06-06 11:00:00,77.05
Montenegro,MNE,2023-06-06 10:00:00,2023-06-06 12:00:00,71.78
Montenegro,MNE,2023-06-06 11:00:00,2023-06-06 13:00:00,71.31
Montenegro,MNE,2023-06-06 12:00:00,2023-06-06 14:00:00,69.44
Montenegro,MNE,2023-06-06 13:00:00,2023-06-06 15:00:00,73.08
Montenegro,MNE,2023-06-06 14:00:00,2023-06-06 16:00:00,79.33
Montenegro,MNE,2023-06-06 15:00:00,2023-06-06 17:00:00,91.88
Montenegro,MNE,2023-06-06 16:00:00,2023-06-06 18:00:00,103.62
Montenegro,MNE,2023-06-06 17:00:00,2023-06-06 19:00:00,123.87
Montenegro,MNE,2023-06-06 18:00:00,2023-06-06 20:00:00,144.94
Montenegro,MNE,2023-06-06 19:00:00,2023-06-06 21:00:00,128.78
Montenegro,MNE,2023-06-06 20:00:00,2023-06-06 22:00:00,105.2
Montenegro,MNE,2023-06-06 21:00:00,2023-06-06 23:00:00,95.57
Montenegro,MNE,2023-06-06 22:00:00,2023-06-07 00:00:00,93.47
Montenegro,MNE,2023-06-06 23:00:00,2023-06-07 01:00:00,86.78
Montenegro,MNE,2023-06-07 00:00:00,2023-06-07 02:00:00,85.04
Montenegro,MNE,2023-06-07 01:00:00,2023-06-07 03:00:00,84.01
Montenegro,MNE,2023-06-07 02:00:00,2023-06-07 04:00:00,84.29
Montenegro,MNE,2023-06-07 03:00:00,2023-06-07 05:00:00,85.69
Montenegro,MNE,2023-06-07 04:00:00,2023-06-07 06:00:00,84.95
Montenegro,MNE,2023-06-07 05:00:00,2023-06-07 07:00:00,93.82
Montenegro,MNE,2023-06-07 06:00:00,2023-06-07 08:00:00,111.06
Montenegro,MNE,2023-06-07 07:00:00,2023-06-07 09:00:00,105.17
Montenegro,MNE,2023-06-07 08:00:00,2023-06-07 10:00:00,95.67
Montenegro,MNE,2023-06-07 09:00:00,2023-06-07 11:00:00,87.87
Montenegro,MNE,2023-06-07 10:00:00,2023-06-07 12:00:00,80.55
Montenegro,MNE,2023-06-07 11:00:00,2023-06-07 13:00:00,76.38
Montenegro,MNE,2023-06-07 12:00:00,2023-06-07 14:00:00,73.55
Montenegro,MNE,2023-06-07 13:00:00,2023-06-07 15:00:00,73.75
Montenegro,MNE,2023-06-07 14:00:00,2023-06-07 16:00:00,82.16
Montenegro,MNE,2023-06-07 15:00:00,2023-06-07 17:00:00,94.5
Montenegro,MNE,2023-06-07 16:00:00,2023-06-07 18:00:00,104.4
Montenegro,MNE,2023-06-07 17:00:00,2023-06-07 19:00:00,125.11
Montenegro,MNE,2023-06-07 18:00:00,2023-06-07 20:00:00,136.45
Montenegro,MNE,2023-06-07 19:00:00,2023-06-07 21:00:00,118.46
Montenegro,MNE,2023-06-07 20:00:00,2023-06-07 22:00:00,110.13
Montenegro,MNE,2023-06-07 21:00:00,2023-06-07 23:00:00,98.01
Montenegro,MNE,2023-06-07 22:00:00,2023-06-08 00:00:00,87.76
Montenegro,MNE,2023-06-07 23:00:00,2023-06-08 01:00:00,83.43
Montenegro,MNE,2023-06-08 00:00:00,2023-06-08 02:00:00,79.82
Montenegro,MNE,2023-06-08 01:00:00,2023-06-08 03:00:00,76.99
Montenegro,MNE,2023-06-08 02:00:00,2023-06-08 04:00:00,77.26
Montenegro,MNE,2023-06-08 03:00:00,2023-06-08 05:00:00,80.04
Montenegro,MNE,2023-06-08 04:00:00,2023-06-08 06:00:00,89.97
Montenegro,MNE,2023-06-08 05:00:00,2023-06-08 07:00:00,92.96
Montenegro,MNE,2023-06-08 06:00:00,2023-06-08 08:00:00,90.86
Montenegro,MNE,2023-06-08 07:00:00,2023-06-08 09:00:00,80.64
Montenegro,MNE,2023-06-08 08:00:00,2023-06-08 10:00:00,66.45
Montenegro,MNE,2023-06-08 09:00:00,2023-06-08 11:00:00,58.3
Montenegro,MNE,2023-06-08 10:00:00,2023-06-08 12:00:00,52.3
Montenegro,MNE,2023-06-08 11:00:00,2023-06-08 13:00:00,47.8
Montenegro,MNE,2023-06-08 12:00:00,2023-06-08 14:00:00,46.9
Montenegro,MNE,2023-06-08 13:00:00,2023-06-08 15:00:00,50.86
Montenegro,MNE,2023-06-08 14:00:00,2023-06-08 16:00:00,57.26
Montenegro,MNE,2023-06-08 15:00:00,2023-06-08 17:00:00,87.79
Montenegro,MNE,2023-06-08 16:00:00,2023-06-08 18:00:00,92.08
Montenegro,MNE,2023-06-08 17:00:00,2023-06-08 19:00:00,108.04
Montenegro,MNE,2023-06-08 18:00:00,2023-06-08 20:00:00,118.08
Montenegro,MNE,2023-06-08 19:00:00,2023-06-08 21:00:00,113.58
Montenegro,MNE,2023-06-08 20:00:00,2023-06-08 22:00:00,98.25
Montenegro,MNE,2023-06-08 21:00:00,2023-06-08 23:00:00,89.98
Montenegro,MNE,2023-06-08 22:00:00,2023-06-09 00:00:00,86.76
Montenegro,MNE,2023-06-08 23:00:00,2023-06-09 01:00:00,83.25
Montenegro,MNE,2023-06-09 00:00:00,2023-06-09 02:00:00,77.51
Montenegro,MNE,2023-06-09 01:00:00,2023-06-09 03:00:00,74.18
Montenegro,MNE,2023-06-09 02:00:00,2023-06-09 04:00:00,75.05
Montenegro,MNE,2023-06-09 03:00:00,2023-06-09 05:00:00,78.54
Montenegro,MNE,2023-06-09 04:00:00,2023-06-09 06:00:00,93.23
Montenegro,MNE,2023-06-09 05:00:00,2023-06-09 07:00:00,97.63
Montenegro,MNE,2023-06-09 06:00:00,2023-06-09 08:00:00,98.33
Montenegro,MNE,2023-06-09 07:00:00,2023-06-09 09:00:00,92.7
Montenegro,MNE,2023-06-09 08:00:00,2023-06-09 10:00:00,80.48
Montenegro,MNE,2023-06-09 09:00:00,2023-06-09 11:00:00,70.11
Montenegro,MNE,2023-06-09 10:00:00,2023-06-09 12:00:00,65.51
Montenegro,MNE,2023-06-09 11:00:00,2023-06-09 13:00:00,60.65
Montenegro,MNE,2023-06-09 12:00:00,2023-06-09 14:00:00,60.1
Montenegro,MNE,2023-06-09 13:00:00,2023-06-09 15:00:00,62.95
Montenegro,MNE,2023-06-09 14:00:00,2023-06-09 16:00:00,65.09
Montenegro,MNE,2023-06-09 15:00:00,2023-06-09 17:00:00,78.84
Montenegro,MNE,2023-06-09 16:00:00,2023-06-09 18:00:00,94.56
Montenegro,MNE,2023-06-09 17:00:00,2023-06-09 19:00:00,104.71
Montenegro,MNE,2023-06-09 18:00:00,2023-06-09 20:00:00,106.83
Montenegro,MNE,2023-06-09 19:00:00,2023-06-09 21:00:00,105.01
Montenegro,MNE,2023-06-09 20:00:00,2023-06-09 22:00:00,94.99
Montenegro,MNE,2023-06-09 21:00:00,2023-06-09 23:00:00,90.64
Montenegro,MNE,2023-06-09 22:00:00,2023-06-10 00:00:00,83.28
Montenegro,MNE,2023-06-09 23:00:00,2023-06-10 01:00:00,78.46
Montenegro,MNE,2023-06-10 00:00:00,2023-06-10 02:00:00,76.51
Montenegro,MNE,2023-06-10 01:00:00,2023-06-10 03:00:00,69.96
Montenegro,MNE,2023-06-10 02:00:00,2023-06-10 04:00:00,69.55
Montenegro,MNE,2023-06-10 03:00:00,2023-06-10 05:00:00,69.76
Montenegro,MNE,2023-06-10 04:00:00,2023-06-10 06:00:00,69.43
Montenegro,MNE,2023-06-10 05:00:00,2023-06-10 07:00:00,71.26
Montenegro,MNE,2023-06-10 06:00:00,2023-06-10 08:00:00,76.9
Montenegro,MNE,2023-06-10 07:00:00,2023-06-10 09:00:00,72.38
Montenegro,MNE,2023-06-10 08:00:00,2023-06-10 10:00:00,44.22
Montenegro,MNE,2023-06-10 09:00:00,2023-06-10 11:00:00,38.93
Montenegro,MNE,2023-06-10 10:00:00,2023-06-10 12:00:00,25.99
Montenegro,MNE,2023-06-10 11:00:00,2023-06-10 13:00:00,20.1
Montenegro,MNE,2023-06-10 12:00:00,2023-06-10 14:00:00,20.1
Montenegro,MNE,2023-06-10 13:00:00,2023-06-10 15:00:00,20.96
Montenegro,MNE,2023-06-10 14:00:00,2023-06-10 16:00:00,34.75
Montenegro,MNE,2023-06-10 15:00:00,2023-06-10 17:00:00,53.02
Montenegro,MNE,2023-06-10 16:00:00,2023-06-10 18:00:00,74.1
Montenegro,MNE,2023-06-10 17:00:00,2023-06-10 19:00:00,83.98
Montenegro,MNE,2023-06-10 18:00:00,2023-06-10 20:00:00,92.17
Montenegro,MNE,2023-06-10 19:00:00,2023-06-10 21:00:00,87.85
Montenegro,MNE,2023-06-10 20:00:00,2023-06-10 22:00:00,85.01
Montenegro,MNE,2023-06-10 21:00:00,2023-06-10 23:00:00,77.6
Montenegro,MNE,2023-06-10 22:00:00,2023-06-11 00:00:00,63.34
Montenegro,MNE,2023-06-10 23:00:00,2023-06-11 01:00:00,55.26
Montenegro,MNE,2023-06-11 00:00:00,2023-06-11 02:00:00,51.15
Montenegro,MNE,2023-06-11 01:00:00,2023-06-11 03:00:00,41.96
Montenegro,MNE,2023-06-11 02:00:00,2023-06-11 04:00:00,41.77
Montenegro,MNE,2023-06-11 03:00:00,2023-06-11 05:00:00,43.16
Montenegro,MNE,2023-06-11 04:00:00,2023-06-11 06:00:00,43.76
Montenegro,MNE,2023-06-11 05:00:00,2023-06-11 07:00:00,42.06
Montenegro,MNE,2023-06-11 06:00:00,2023-06-11 08:00:00,37.42
Montenegro,MNE,2023-06-11 07:00:00,2023-06-11 09:00:00,36.74
Montenegro,MNE,2023-06-11 08:00:00,2023-06-11 10:00:00,39.54
Montenegro,MNE,2023-06-11 09:00:00,2023-06-11 11:00:00,30.77
Montenegro,MNE,2023-06-11 10:00:00,2023-06-11 12:00:00,28.47
Montenegro,MNE,2023-06-11 11:00:00,2023-06-11 13:00:00,25.05
Montenegro,MNE,2023-06-11 12:00:00,2023-06-11 14:00:00,24.28
Montenegro,MNE,2023-06-11 13:00:00,2023-06-11 15:00:00,28.77
Montenegro,MNE,2023-06-11 14:00:00,2023-06-11 16:00:00,34.27
Montenegro,MNE,2023-06-11 15:00:00,2023-06-11 17:00:00,47.5
Montenegro,MNE,2023-06-11 16:00:00,2023-06-11 18:00:00,75.05
Montenegro,MNE,2023-06-11 17:00:00,2023-06-11 19:00:00,82.19
Montenegro,MNE,2023-06-11 18:00:00,2023-06-11 20:00:00,93.17
Montenegro,MNE,2023-06-11 19:00:00,2023-06-11 21:00:00,91.95
Montenegro,MNE,2023-06-11 20:00:00,2023-06-11 22:00:00,82.36
Montenegro,MNE,2023-06-11 21:00:00,2023-06-11 23:00:00,72.36
Montenegro,MNE,2023-06-11 22:00:00,2023-06-12 00:00:00,76.75
Montenegro,MNE,2023-06-11 23:00:00,2023-06-12 01:00:00,69.84
Montenegro,MNE,2023-06-12 00:00:00,2023-06-12 02:00:00,69.6
Montenegro,MNE,2023-06-12 01:00:00,2023-06-12 03:00:00,67.26
Montenegro,MNE,2023-06-12 02:00:00,2023-06-12 04:00:00,69.6
Montenegro,MNE,2023-06-12 03:00:00,2023-06-12 05:00:00,83.39
Montenegro,MNE,2023-06-12 04:00:00,2023-06-12 06:00:00,100.82
Montenegro,MNE,2023-06-12 05:00:00,2023-06-12 07:00:00,104.15
Montenegro,MNE,2023-06-12 06:00:00,2023-06-12 08:00:00,99.95
Montenegro,MNE,2023-06-12 07:00:00,2023-06-12 09:00:00,101.11
Montenegro,MNE,2023-06-12 08:00:00,2023-06-12 10:00:00,86.82
Montenegro,MNE,2023-06-12 09:00:00,2023-06-12 11:00:00,81.92
Montenegro,MNE,2023-06-12 10:00:00,2023-06-12 12:00:00,75.62
Montenegro,MNE,2023-06-12 11:00:00,2023-06-12 13:00:00,76.36
Montenegro,MNE,2023-06-12 12:00:00,2023-06-12 14:00:00,76.52
Montenegro,MNE,2023-06-12 13:00:00,2023-06-12 15:00:00,81.72
Montenegro,MNE,2023-06-12 14:00:00,2023-06-12 16:00:00,83.36
Montenegro,MNE,2023-06-12 15:00:00,2023-06-12 17:00:00,90.18
Montenegro,MNE,2023-06-12 16:00:00,2023-06-12 18:00:00,99.9
Montenegro,MNE,2023-06-12 17:00:00,2023-06-12 19:00:00,111.12
Montenegro,MNE,2023-06-12 18:00:00,2023-06-12 20:00:00,118.99
Montenegro,MNE,2023-06-12 19:00:00,2023-06-12 21:00:00,111.09
Montenegro,MNE,2023-06-12 20:00:00,2023-06-12 22:00:00,99.98
Montenegro,MNE,2023-06-12 21:00:00,2023-06-12 23:00:00,95.01
Montenegro,MNE,2023-06-12 22:00:00,2023-06-13 00:00:00,97.57
Montenegro,MNE,2023-06-12 23:00:00,2023-06-13 01:00:00,90.88
Montenegro,MNE,2023-06-13 00:00:00,2023-06-13 02:00:00,90.19
Montenegro,MNE,2023-06-13 01:00:00,2023-06-13 03:00:00,83.66
Montenegro,MNE,2023-06-13 02:00:00,2023-06-13 04:00:00,89.67
Montenegro,MNE,2023-06-13 03:00:00,2023-06-13 05:00:00,93.35
Montenegro,MNE,2023-06-13 04:00:00,2023-06-13 06:00:00,109.96
Montenegro,MNE,2023-06-13 05:00:00,2023-06-13 07:00:00,118.63
Montenegro,MNE,2023-06-13 06:00:00,2023-06-13 08:00:00,118.51
Montenegro,MNE,2023-06-13 07:00:00,2023-06-13 09:00:00,104.43
Montenegro,MNE,2023-06-13 08:00:00,2023-06-13 10:00:00,83.57
Montenegro,MNE,2023-06-13 09:00:00,2023-06-13 11:00:00,77.19
Montenegro,MNE,2023-06-13 10:00:00,2023-06-13 12:00:00,70.59
Montenegro,MNE,2023-06-13 11:00:00,2023-06-13 13:00:00,69.92
Montenegro,MNE,2023-06-13 12:00:00,2023-06-13 14:00:00,70.09
Montenegro,MNE,2023-06-13 13:00:00,2023-06-13 15:00:00,77.09
Montenegro,MNE,2023-06-13 14:00:00,2023-06-13 16:00:00,76.96
Montenegro,MNE,2023-06-13 15:00:00,2023-06-13 17:00:00,90.93
Montenegro,MNE,2023-06-13 16:00:00,2023-06-13 18:00:00,111.92
Montenegro,MNE,2023-06-13 17:00:00,2023-06-13 19:00:00,130.64
Montenegro,MNE,2023-06-13 18:00:00,2023-06-13 20:00:00,136.37
Montenegro,MNE,2023-06-13 19:00:00,2023-06-13 21:00:00,123.07
Montenegro,MNE,2023-06-13 20:00:00,2023-06-13 22:00:00,111.4
Montenegro,MNE,2023-06-13 21:00:00,2023-06-13 23:00:00,102.15
Montenegro,MNE,2023-06-13 22:00:00,2023-06-14 00:00:00,97.08
Montenegro,MNE,2023-06-13 23:00:00,2023-06-14 01:00:00,90.9
Montenegro,MNE,2023-06-14 00:00:00,2023-06-14 02:00:00,86.75
Montenegro,MNE,2023-06-14 01:00:00,2023-06-14 03:00:00,84.78
Montenegro,MNE,2023-06-14 02:00:00,2023-06-14 04:00:00,90.15
Montenegro,MNE,2023-06-14 03:00:00,2023-06-14 05:00:00,93.45
Montenegro,MNE,2023-06-14 04:00:00,2023-06-14 06:00:00,99.19
Montenegro,MNE,2023-06-14 05:00:00,2023-06-14 07:00:00,109.96
Montenegro,MNE,2023-06-14 06:00:00,2023-06-14 08:00:00,116.88
Montenegro,MNE,2023-06-14 07:00:00,2023-06-14 09:00:00,104.82
Montenegro,MNE,2023-06-14 08:00:00,2023-06-14 10:00:00,90.11
Montenegro,MNE,2023-06-14 09:00:00,2023-06-14 11:00:00,80.68
Montenegro,MNE,2023-06-14 10:00:00,2023-06-14 12:00:00,76.91
Montenegro,MNE,2023-06-14 11:00:00,2023-06-14 13:00:00,76.59
Montenegro,MNE,2023-06-14 12:00:00,2023-06-14 14:00:00,76.67
Montenegro,MNE,2023-06-14 13:00:00,2023-06-14 15:00:00,83.26
Montenegro,MNE,2023-06-14 14:00:00,2023-06-14 16:00:00,88.76
Montenegro,MNE,2023-06-14 15:00:00,2023-06-14 17:00:00,103.97
Montenegro,MNE,2023-06-14 16:00:00,2023-06-14 18:00:00,113.35
Montenegro,MNE,2023-06-14 17:00:00,2023-06-14 19:00:00,125.44
Montenegro,MNE,2023-06-14 18:00:00,2023-06-14 20:00:00,130.04
Montenegro,MNE,2023-06-14 19:00:00,2023-06-14 21:00:00,124.14
Montenegro,MNE,2023-06-14 20:00:00,2023-06-14 22:00:00,110.79
Montenegro,MNE,2023-06-14 21:00:00,2023-06-14 23:00:00,104.96
Montenegro,MNE,2023-06-14 22:00:00,2023-06-15 00:00:00,101.87
Montenegro,MNE,2023-06-14 23:00:00,2023-06-15 01:00:00,95.77
Montenegro,MNE,2023-06-15 00:00:00,2023-06-15 02:00:00,95.13
Montenegro,MNE,2023-06-15 01:00:00,2023-06-15 03:00:00,93.88
Montenegro,MNE,2023-06-15 02:00:00,2023-06-15 04:00:00,96.62
Montenegro,MNE,2023-06-15 03:00:00,2023-06-15 05:00:00,101.77
Montenegro,MNE,2023-06-15 04:00:00,2023-06-15 06:00:00,86.53
Montenegro,MNE,2023-06-15 05:00:00,2023-06-15 07:00:00,109.93
Montenegro,MNE,2023-06-15 06:00:00,2023-06-15 08:00:00,109.93
Montenegro,MNE,2023-06-15 07:00:00,2023-06-15 09:00:00,109.96
Montenegro,MNE,2023-06-15 08:00:00,2023-06-15 10:00:00,106.01
Montenegro,MNE,2023-06-15 09:00:00,2023-06-15 11:00:00,101.21
Montenegro,MNE,2023-06-15 10:00:00,2023-06-15 12:00:00,94.97
Montenegro,MNE,2023-06-15 11:00:00,2023-06-15 13:00:00,91.47
Montenegro,MNE,2023-06-15 12:00:00,2023-06-15 14:00:00,94.17
Montenegro,MNE,2023-06-15 13:00:00,2023-06-15 15:00:00,94.37
Montenegro,MNE,2023-06-15 14:00:00,2023-06-15 16:00:00,103.17
Montenegro,MNE,2023-06-15 15:00:00,2023-06-15 17:00:00,103.41
Montenegro,MNE,2023-06-15 16:00:00,2023-06-15 18:00:00,109.98
Montenegro,MNE,2023-06-15 17:00:00,2023-06-15 19:00:00,123.01
Montenegro,MNE,2023-06-15 18:00:00,2023-06-15 20:00:00,115.63
Montenegro,MNE,2023-06-15 19:00:00,2023-06-15 21:00:00,121.03
Montenegro,MNE,2023-06-15 20:00:00,2023-06-15 22:00:00,110.08
Montenegro,MNE,2023-06-15 21:00:00,2023-06-15 23:00:00,107.24
Montenegro,MNE,2023-06-15 22:00:00,2023-06-16 00:00:00,104.78
Montenegro,MNE,2023-06-15 23:00:00,2023-06-16 01:00:00,102.02
Montenegro,MNE,2023-06-16 00:00:00,2023-06-16 02:00:00,91.52
Montenegro,MNE,2023-06-16 01:00:00,2023-06-16 03:00:00,82.29
Montenegro,MNE,2023-06-16 02:00:00,2023-06-16 04:00:00,82.28
Montenegro,MNE,2023-06-16 03:00:00,2023-06-16 05:00:00,90.89
Montenegro,MNE,2023-06-16 04:00:00,2023-06-16 06:00:00,89.91
Montenegro,MNE,2023-06-16 05:00:00,2023-06-16 07:00:00,99.72
Montenegro,MNE,2023-06-16 06:00:00,2023-06-16 08:00:00,100.08
Montenegro,MNE,2023-06-16 07:00:00,2023-06-16 09:00:00,95.08
Montenegro,MNE,2023-06-16 08:00:00,2023-06-16 10:00:00,110.89
Montenegro,MNE,2023-06-16 09:00:00,2023-06-16 11:00:00,101.64
Montenegro,MNE,2023-06-16 10:00:00,2023-06-16 12:00:00,93.69
Montenegro,MNE,2023-06-16 11:00:00,2023-06-16 13:00:00,89.36
Montenegro,MNE,2023-06-16 12:00:00,2023-06-16 14:00:00,89.3
Montenegro,MNE,2023-06-16 13:00:00,2023-06-16 15:00:00,89.91
Montenegro,MNE,2023-06-16 14:00:00,2023-06-16 16:00:00,95.71
Montenegro,MNE,2023-06-16 15:00:00,2023-06-16 17:00:00,106.92
Montenegro,MNE,2023-06-16 16:00:00,2023-06-16 18:00:00,128.4
Montenegro,MNE,2023-06-16 17:00:00,2023-06-16 19:00:00,137.82
Montenegro,MNE,2023-06-16 18:00:00,2023-06-16 20:00:00,138.09
Montenegro,MNE,2023-06-16 19:00:00,2023-06-16 21:00:00,133.79
Montenegro,MNE,2023-06-16 20:00:00,2023-06-16 22:00:00,127.68
Montenegro,MNE,2023-06-16 21:00:00,2023-06-16 23:00:00,119.1
Montenegro,MNE,2023-06-16 22:00:00,2023-06-17 00:00:00,111.98
Montenegro,MNE,2023-06-16 23:00:00,2023-06-17 01:00:00,109.18
Montenegro,MNE,2023-06-17 00:00:00,2023-06-17 02:00:00,106.14
Montenegro,MNE,2023-06-17 01:00:00,2023-06-17 03:00:00,102.89
Montenegro,MNE,2023-06-17 02:00:00,2023-06-17 04:00:00,101.19
Montenegro,MNE,2023-06-17 03:00:00,2023-06-17 05:00:00,98.49
Montenegro,MNE,2023-06-17 04:00:00,2023-06-17 06:00:00,99.4
Montenegro,MNE,2023-06-17 05:00:00,2023-06-17 07:00:00,101.01
Montenegro,MNE,2023-06-17 06:00:00,2023-06-17 08:00:00,103.01
Montenegro,MNE,2023-06-17 07:00:00,2023-06-17 09:00:00,93.02
Montenegro,MNE,2023-06-17 08:00:00,2023-06-17 10:00:00,75.01
Montenegro,MNE,2023-06-17 09:00:00,2023-06-17 11:00:00,59.12
Montenegro,MNE,2023-06-17 10:00:00,2023-06-17 12:00:00,54.22
Montenegro,MNE,2023-06-17 11:00:00,2023-06-17 13:00:00,41.12
Montenegro,MNE,2023-06-17 12:00:00,2023-06-17 14:00:00,50.82
Montenegro,MNE,2023-06-17 13:00:00,2023-06-17 15:00:00,57.12
Montenegro,MNE,2023-06-17 14:00:00,2023-06-17 16:00:00,67.1
Montenegro,MNE,2023-06-17 15:00:00,2023-06-17 17:00:00,91.1
Montenegro,MNE,2023-06-17 16:00:00,2023-06-17 18:00:00,108.26
Montenegro,MNE,2023-06-17 17:00:00,2023-06-17 19:00:00,125.22
Montenegro,MNE,2023-06-17 18:00:00,2023-06-17 20:00:00,131.5
Montenegro,MNE,2023-06-17 19:00:00,2023-06-17 21:00:00,128.72
Montenegro,MNE,2023-06-17 20:00:00,2023-06-17 22:00:00,124.54
Montenegro,MNE,2023-06-17 21:00:00,2023-06-17 23:00:00,118.92
Montenegro,MNE,2023-06-17 22:00:00,2023-06-18 00:00:00,100.03
Montenegro,MNE,2023-06-17 23:00:00,2023-06-18 01:00:00,95.06
Montenegro,MNE,2023-06-18 00:00:00,2023-06-18 02:00:00,91.49
Montenegro,MNE,2023-06-18 01:00:00,2023-06-18 03:00:00,90.07
Montenegro,MNE,2023-06-18 02:00:00,2023-06-18 04:00:00,85.1
Montenegro,MNE,2023-06-18 03:00:00,2023-06-18 05:00:00,90.03
Montenegro,MNE,2023-06-18 04:00:00,2023-06-18 06:00:00,90.03
Montenegro,MNE,2023-06-18 05:00:00,2023-06-18 07:00:00,80.06
Montenegro,MNE,2023-06-18 06:00:00,2023-06-18 08:00:00,81.9
Montenegro,MNE,2023-06-18 07:00:00,2023-06-18 09:00:00,81.34
Montenegro,MNE,2023-06-18 08:00:00,2023-06-18 10:00:00,73.44
Montenegro,MNE,2023-06-18 09:00:00,2023-06-18 11:00:00,41.39
Montenegro,MNE,2023-06-18 10:00:00,2023-06-18 12:00:00,30.16
Montenegro,MNE,2023-06-18 11:00:00,2023-06-18 13:00:00,20.01
Montenegro,MNE,2023-06-18 12:00:00,2023-06-18 14:00:00,20.01
Montenegro,MNE,2023-06-18 13:00:00,2023-06-18 15:00:00,36.16
Montenegro,MNE,2023-06-18 14:00:00,2023-06-18 16:00:00,61.25
Montenegro,MNE,2023-06-18 15:00:00,2023-06-18 17:00:00,83.94
Montenegro,MNE,2023-06-18 16:00:00,2023-06-18 18:00:00,107.25
Montenegro,MNE,2023-06-18 17:00:00,2023-06-18 19:00:00,122.74
Montenegro,MNE,2023-06-18 18:00:00,2023-06-18 20:00:00,132.82
Montenegro,MNE,2023-06-18 19:00:00,2023-06-18 21:00:00,133.38
Montenegro,MNE,2023-06-18 20:00:00,2023-06-18 22:00:00,120.06
Montenegro,MNE,2023-06-18 21:00:00,2023-06-18 23:00:00,117.16
Montenegro,MNE,2023-06-18 22:00:00,2023-06-19 00:00:00,109.82
Montenegro,MNE,2023-06-18 23:00:00,2023-06-19 01:00:00,95.88
Montenegro,MNE,2023-06-19 00:00:00,2023-06-19 02:00:00,88.22
Montenegro,MNE,2023-06-19 01:00:00,2023-06-19 03:00:00,85.72
Montenegro,MNE,2023-06-19 02:00:00,2023-06-19 04:00:00,69.87
Montenegro,MNE,2023-06-19 03:00:00,2023-06-19 05:00:00,83.95
Montenegro,MNE,2023-06-19 04:00:00,2023-06-19 06:00:00,104.19
Montenegro,MNE,2023-06-19 05:00:00,2023-06-19 07:00:00,104.83
Montenegro,MNE,2023-06-19 06:00:00,2023-06-19 08:00:00,92.42
Montenegro,MNE,2023-06-19 07:00:00,2023-06-19 09:00:00,88.25
Montenegro,MNE,2023-06-19 08:00:00,2023-06-19 10:00:00,91.12
Montenegro,MNE,2023-06-19 09:00:00,2023-06-19 11:00:00,88.32
Montenegro,MNE,2023-06-19 10:00:00,2023-06-19 12:00:00,82.82
Montenegro,MNE,2023-06-19 11:00:00,2023-06-19 13:00:00,83.22
Montenegro,MNE,2023-06-19 12:00:00,2023-06-19 14:00:00,81.72
Montenegro,MNE,2023-06-19 13:00:00,2023-06-19 15:00:00,82.12
Montenegro,MNE,2023-06-19 14:00:00,2023-06-19 16:00:00,99.97
Montenegro,MNE,2023-06-19 15:00:00,2023-06-19 17:00:00,99.97
Montenegro,MNE,2023-06-19 16:00:00,2023-06-19 18:00:00,122.08
Montenegro,MNE,2023-06-19 17:00:00,2023-06-19 19:00:00,140.68
Montenegro,MNE,2023-06-19 18:00:00,2023-06-19 20:00:00,158.97
Montenegro,MNE,2023-06-19 19:00:00,2023-06-19 21:00:00,165.02
Montenegro,MNE,2023-06-19 20:00:00,2023-06-19 22:00:00,143.7
Montenegro,MNE,2023-06-19 21:00:00,2023-06-19 23:00:00,119.97
Montenegro,MNE,2023-06-19 22:00:00,2023-06-20 00:00:00,110.06
Montenegro,MNE,2023-06-19 23:00:00,2023-06-20 01:00:00,108.28
Montenegro,MNE,2023-06-20 00:00:00,2023-06-20 02:00:00,100.06
Montenegro,MNE,2023-06-20 01:00:00,2023-06-20 03:00:00,102.08
Montenegro,MNE,2023-06-20 02:00:00,2023-06-20 04:00:00,103.98
Montenegro,MNE,2023-06-20 03:00:00,2023-06-20 05:00:00,106.75
Montenegro,MNE,2023-06-20 04:00:00,2023-06-20 06:00:00,94.02
Montenegro,MNE,2023-06-20 05:00:00,2023-06-20 07:00:00,116.07
Montenegro,MNE,2023-06-20 06:00:00,2023-06-20 08:00:00,118.62
Montenegro,MNE,2023-06-20 07:00:00,2023-06-20 09:00:00,88.04
Montenegro,MNE,2023-06-20 08:00:00,2023-06-20 10:00:00,87.86
Montenegro,MNE,2023-06-20 09:00:00,2023-06-20 11:00:00,94.78
Montenegro,MNE,2023-06-20 10:00:00,2023-06-20 12:00:00,90.17
Montenegro,MNE,2023-06-20 11:00:00,2023-06-20 13:00:00,81.08
Montenegro,MNE,2023-06-20 12:00:00,2023-06-20 14:00:00,83.48
Montenegro,MNE,2023-06-20 13:00:00,2023-06-20 15:00:00,93.23
Montenegro,MNE,2023-06-20 14:00:00,2023-06-20 16:00:00,101.44
Montenegro,MNE,2023-06-20 15:00:00,2023-06-20 17:00:00,110.96
Montenegro,MNE,2023-06-20 16:00:00,2023-06-20 18:00:00,117.6
Montenegro,MNE,2023-06-20 17:00:00,2023-06-20 19:00:00,135.41
Montenegro,MNE,2023-06-20 18:00:00,2023-06-20 20:00:00,151.58
Montenegro,MNE,2023-06-20 19:00:00,2023-06-20 21:00:00,138.05
Montenegro,MNE,2023-06-20 20:00:00,2023-06-20 22:00:00,126.73
Montenegro,MNE,2023-06-20 21:00:00,2023-06-20 23:00:00,115.42
Montenegro,MNE,2023-06-20 22:00:00,2023-06-21 00:00:00,90.02
Montenegro,MNE,2023-06-20 23:00:00,2023-06-21 01:00:00,83.9
Montenegro,MNE,2023-06-21 00:00:00,2023-06-21 02:00:00,82.71
Montenegro,MNE,2023-06-21 01:00:00,2023-06-21 03:00:00,75.15
Montenegro,MNE,2023-06-21 02:00:00,2023-06-21 04:00:00,75.34
Montenegro,MNE,2023-06-21 03:00:00,2023-06-21 05:00:00,49.96
Montenegro,MNE,2023-06-21 04:00:00,2023-06-21 06:00:00,89.91
Montenegro,MNE,2023-06-21 05:00:00,2023-06-21 07:00:00,89.93
Montenegro,MNE,2023-06-21 06:00:00,2023-06-21 08:00:00,89.98
Montenegro,MNE,2023-06-21 07:00:00,2023-06-21 09:00:00,89.93
Montenegro,MNE,2023-06-21 08:00:00,2023-06-21 10:00:00,95.2
Montenegro,MNE,2023-06-21 09:00:00,2023-06-21 11:00:00,97.27
Montenegro,MNE,2023-06-21 10:00:00,2023-06-21 12:00:00,90.69
Montenegro,MNE,2023-06-21 11:00:00,2023-06-21 13:00:00,90.32
Montenegro,MNE,2023-06-21 12:00:00,2023-06-21 14:00:00,90.11
Montenegro,MNE,2023-06-21 13:00:00,2023-06-21 15:00:00,97.02
Montenegro,MNE,2023-06-21 14:00:00,2023-06-21 16:00:00,105.01
Montenegro,MNE,2023-06-21 15:00:00,2023-06-21 17:00:00,111.96
Montenegro,MNE,2023-06-21 16:00:00,2023-06-21 18:00:00,132.24
Montenegro,MNE,2023-06-21 17:00:00,2023-06-21 19:00:00,154.89
Montenegro,MNE,2023-06-21 18:00:00,2023-06-21 20:00:00,156.78
Montenegro,MNE,2023-06-21 19:00:00,2023-06-21 21:00:00,153.62
Montenegro,MNE,2023-06-21 20:00:00,2023-06-21 22:00:00,139.62
Montenegro,MNE,2023-06-21 21:00:00,2023-06-21 23:00:00,118.69
Montenegro,MNE,2023-06-21 22:00:00,2023-06-22 00:00:00,98.47
Montenegro,MNE,2023-06-21 23:00:00,2023-06-22 01:00:00,91.25
Montenegro,MNE,2023-06-22 00:00:00,2023-06-22 02:00:00,89.92
Montenegro,MNE,2023-06-22 01:00:00,2023-06-22 03:00:00,84.08
Montenegro,MNE,2023-06-22 02:00:00,2023-06-22 04:00:00,82.06
Montenegro,MNE,2023-06-22 03:00:00,2023-06-22 05:00:00,76.8
Montenegro,MNE,2023-06-22 04:00:00,2023-06-22 06:00:00,85.02
Montenegro,MNE,2023-06-22 05:00:00,2023-06-22 07:00:00,97.08
Montenegro,MNE,2023-06-22 06:00:00,2023-06-22 08:00:00,97.36
Montenegro,MNE,2023-06-22 07:00:00,2023-06-22 09:00:00,79.98
Montenegro,MNE,2023-06-22 08:00:00,2023-06-22 10:00:00,91.46
Montenegro,MNE,2023-06-22 09:00:00,2023-06-22 11:00:00,97.25
Montenegro,MNE,2023-06-22 10:00:00,2023-06-22 12:00:00,90.93
Montenegro,MNE,2023-06-22 11:00:00,2023-06-22 13:00:00,90.85
Montenegro,MNE,2023-06-22 12:00:00,2023-06-22 14:00:00,90.91
Montenegro,MNE,2023-06-22 13:00:00,2023-06-22 15:00:00,100.42
Montenegro,MNE,2023-06-22 14:00:00,2023-06-22 16:00:00,111.08
Montenegro,MNE,2023-06-22 15:00:00,2023-06-22 17:00:00,111.56
Montenegro,MNE,2023-06-22 16:00:00,2023-06-22 18:00:00,130.53
Montenegro,MNE,2023-06-22 17:00:00,2023-06-22 19:00:00,155.02
Montenegro,MNE,2023-06-22 18:00:00,2023-06-22 20:00:00,167.85
Montenegro,MNE,2023-06-22 19:00:00,2023-06-22 21:00:00,154.8
Montenegro,MNE,2023-06-22 20:00:00,2023-06-22 22:00:00,139.83
Montenegro,MNE,2023-06-22 21:00:00,2023-06-22 23:00:00,118.61
Montenegro,MNE,2023-06-22 22:00:00,2023-06-23 00:00:00,84.88
Montenegro,MNE,2023-06-22 23:00:00,2023-06-23 01:00:00,64.0
Montenegro,MNE,2023-06-23 00:00:00,2023-06-23 02:00:00,64.0
Montenegro,MNE,2023-06-23 01:00:00,2023-06-23 03:00:00,73.34
Montenegro,MNE,2023-06-23 02:00:00,2023-06-23 04:00:00,76.44
Montenegro,MNE,2023-06-23 03:00:00,2023-06-23 05:00:00,69.09
Montenegro,MNE,2023-06-23 04:00:00,2023-06-23 06:00:00,81.82
Montenegro,MNE,2023-06-23 05:00:00,2023-06-23 07:00:00,97.29
Montenegro,MNE,2023-06-23 06:00:00,2023-06-23 08:00:00,98.86
Montenegro,MNE,2023-06-23 07:00:00,2023-06-23 09:00:00,90.18
Montenegro,MNE,2023-06-23 08:00:00,2023-06-23 10:00:00,58.16
Montenegro,MNE,2023-06-23 09:00:00,2023-06-23 11:00:00,54.09
Montenegro,MNE,2023-06-23 10:00:00,2023-06-23 12:00:00,54.09
Montenegro,MNE,2023-06-23 11:00:00,2023-06-23 13:00:00,54.09
Montenegro,MNE,2023-06-23 12:00:00,2023-06-23 14:00:00,51.59
Montenegro,MNE,2023-06-23 13:00:00,2023-06-23 15:00:00,65.07
Montenegro,MNE,2023-06-23 14:00:00,2023-06-23 16:00:00,67.88
Montenegro,MNE,2023-06-23 15:00:00,2023-06-23 17:00:00,78.15
Montenegro,MNE,2023-06-23 16:00:00,2023-06-23 18:00:00,112.28
Montenegro,MNE,2023-06-23 17:00:00,2023-06-23 19:00:00,121.08
Montenegro,MNE,2023-06-23 18:00:00,2023-06-23 20:00:00,126.08
Montenegro,MNE,2023-06-23 19:00:00,2023-06-23 21:00:00,129.04
Montenegro,MNE,2023-06-23 20:00:00,2023-06-23 22:00:00,123.05
Montenegro,MNE,2023-06-23 21:00:00,2023-06-23 23:00:00,114.06
Montenegro,MNE,2023-06-23 22:00:00,2023-06-24 00:00:00,105.0
Montenegro,MNE,2023-06-23 23:00:00,2023-06-24 01:00:00,104.07
Montenegro,MNE,2023-06-24 00:00:00,2023-06-24 02:00:00,92.88
Montenegro,MNE,2023-06-24 01:00:00,2023-06-24 03:00:00,90.6
Montenegro,MNE,2023-06-24 02:00:00,2023-06-24 04:00:00,89.55
Montenegro,MNE,2023-06-24 03:00:00,2023-06-24 05:00:00,86.9
Montenegro,MNE,2023-06-24 04:00:00,2023-06-24 06:00:00,90.07
Montenegro,MNE,2023-06-24 05:00:00,2023-06-24 07:00:00,93.35
Montenegro,MNE,2023-06-24 06:00:00,2023-06-24 08:00:00,90.81
Montenegro,MNE,2023-06-24 07:00:00,2023-06-24 09:00:00,76.87
Montenegro,MNE,2023-06-24 08:00:00,2023-06-24 10:00:00,70.07
Montenegro,MNE,2023-06-24 09:00:00,2023-06-24 11:00:00,61.79
Montenegro,MNE,2023-06-24 10:00:00,2023-06-24 12:00:00,60.04
Montenegro,MNE,2023-06-24 11:00:00,2023-06-24 13:00:00,50.01
Montenegro,MNE,2023-06-24 12:00:00,2023-06-24 14:00:00,50.0
Montenegro,MNE,2023-06-24 13:00:00,2023-06-24 15:00:00,55.07
Montenegro,MNE,2023-06-24 14:00:00,2023-06-24 16:00:00,70.03
Montenegro,MNE,2023-06-24 15:00:00,2023-06-24 17:00:00,84.65
Montenegro,MNE,2023-06-24 16:00:00,2023-06-24 18:00:00,104.87
Montenegro,MNE,2023-06-24 17:00:00,2023-06-24 19:00:00,118.81
Montenegro,MNE,2023-06-24 18:00:00,2023-06-24 20:00:00,125.88
Montenegro,MNE,2023-06-24 19:00:00,2023-06-24 21:00:00,125.79
Montenegro,MNE,2023-06-24 20:00:00,2023-06-24 22:00:00,118.49
Montenegro,MNE,2023-06-24 21:00:00,2023-06-24 23:00:00,111.2
Montenegro,MNE,2023-06-24 22:00:00,2023-06-25 00:00:00,93.32
Montenegro,MNE,2023-06-24 23:00:00,2023-06-25 01:00:00,87.68
Montenegro,MNE,2023-06-25 00:00:00,2023-06-25 02:00:00,80.44
Montenegro,MNE,2023-06-25 01:00:00,2023-06-25 03:00:00,78.31
Montenegro,MNE,2023-06-25 02:00:00,2023-06-25 04:00:00,74.19
Montenegro,MNE,2023-06-25 03:00:00,2023-06-25 05:00:00,74.17
Montenegro,MNE,2023-06-25 04:00:00,2023-06-25 06:00:00,79.09
Montenegro,MNE,2023-06-25 05:00:00,2023-06-25 07:00:00,72.95
Montenegro,MNE,2023-06-25 06:00:00,2023-06-25 08:00:00,84.5
Montenegro,MNE,2023-06-25 07:00:00,2023-06-25 09:00:00,72.82
Montenegro,MNE,2023-06-25 08:00:00,2023-06-25 10:00:00,49.9
Montenegro,MNE,2023-06-25 09:00:00,2023-06-25 11:00:00,34.92
Montenegro,MNE,2023-06-25 10:00:00,2023-06-25 12:00:00,28.01
Montenegro,MNE,2023-06-25 11:00:00,2023-06-25 13:00:00,25.64
Montenegro,MNE,2023-06-25 12:00:00,2023-06-25 14:00:00,20.17
Montenegro,MNE,2023-06-25 13:00:00,2023-06-25 15:00:00,25.01
Montenegro,MNE,2023-06-25 14:00:00,2023-06-25 16:00:00,39.93
Montenegro,MNE,2023-06-25 15:00:00,2023-06-25 17:00:00,90.05
Montenegro,MNE,2023-06-25 16:00:00,2023-06-25 18:00:00,94.69
Montenegro,MNE,2023-06-25 17:00:00,2023-06-25 19:00:00,118.06
Montenegro,MNE,2023-06-25 18:00:00,2023-06-25 20:00:00,123.69
Montenegro,MNE,2023-06-25 19:00:00,2023-06-25 21:00:00,123.49
Montenegro,MNE,2023-06-25 20:00:00,2023-06-25 22:00:00,116.09
Montenegro,MNE,2023-06-25 21:00:00,2023-06-25 23:00:00,101.29
Montenegro,MNE,2023-06-25 22:00:00,2023-06-26 00:00:00,96.04
Montenegro,MNE,2023-06-25 23:00:00,2023-06-26 01:00:00,80.09
Montenegro,MNE,2023-06-26 00:00:00,2023-06-26 02:00:00,75.91
Montenegro,MNE,2023-06-26 01:00:00,2023-06-26 03:00:00,72.66
Montenegro,MNE,2023-06-26 02:00:00,2023-06-26 04:00:00,72.03
Montenegro,MNE,2023-06-26 03:00:00,2023-06-26 05:00:00,76.11
Montenegro,MNE,2023-06-26 04:00:00,2023-06-26 06:00:00,101.53
Montenegro,MNE,2023-06-26 05:00:00,2023-06-26 07:00:00,116.09
Montenegro,MNE,2023-06-26 06:00:00,2023-06-26 08:00:00,110.61
Montenegro,MNE,2023-06-26 07:00:00,2023-06-26 09:00:00,100.59
Montenegro,MNE,2023-06-26 08:00:00,2023-06-26 10:00:00,82.85
Montenegro,MNE,2023-06-26 09:00:00,2023-06-26 11:00:00,74.48
Montenegro,MNE,2023-06-26 10:00:00,2023-06-26 12:00:00,90.02
Montenegro,MNE,2023-06-26 11:00:00,2023-06-26 13:00:00,90.02
Montenegro,MNE,2023-06-26 12:00:00,2023-06-26 14:00:00,90.02
Montenegro,MNE,2023-06-26 13:00:00,2023-06-26 15:00:00,90.03
Montenegro,MNE,2023-06-26 14:00:00,2023-06-26 16:00:00,96.88
Montenegro,MNE,2023-06-26 15:00:00,2023-06-26 17:00:00,97.46
Montenegro,MNE,2023-06-26 16:00:00,2023-06-26 18:00:00,112.78
Montenegro,MNE,2023-06-26 17:00:00,2023-06-26 19:00:00,120.0
Montenegro,MNE,2023-06-26 18:00:00,2023-06-26 20:00:00,124.01
Montenegro,MNE,2023-06-26 19:00:00,2023-06-26 21:00:00,120.03
Montenegro,MNE,2023-06-26 20:00:00,2023-06-26 22:00:00,110.25
Montenegro,MNE,2023-06-26 21:00:00,2023-06-26 23:00:00,100.65
Montenegro,MNE,2023-06-26 22:00:00,2023-06-27 00:00:00,111.82
Montenegro,MNE,2023-06-26 23:00:00,2023-06-27 01:00:00,97.97
Montenegro,MNE,2023-06-27 00:00:00,2023-06-27 02:00:00,97.5
Montenegro,MNE,2023-06-27 01:00:00,2023-06-27 03:00:00,90.65
Montenegro,MNE,2023-06-27 02:00:00,2023-06-27 04:00:00,92.11
Montenegro,MNE,2023-06-27 03:00:00,2023-06-27 05:00:00,102.3
Montenegro,MNE,2023-06-27 04:00:00,2023-06-27 06:00:00,115.74
Montenegro,MNE,2023-06-27 05:00:00,2023-06-27 07:00:00,123.2
Montenegro,MNE,2023-06-27 06:00:00,2023-06-27 08:00:00,120.08
Montenegro,MNE,2023-06-27 07:00:00,2023-06-27 09:00:00,103.62
Montenegro,MNE,2023-06-27 08:00:00,2023-06-27 10:00:00,90.77
Montenegro,MNE,2023-06-27 09:00:00,2023-06-27 11:00:00,89.8
Montenegro,MNE,2023-06-27 10:00:00,2023-06-27 12:00:00,82.41
Montenegro,MNE,2023-06-27 11:00:00,2023-06-27 13:00:00,81.72
Montenegro,MNE,2023-06-27 12:00:00,2023-06-27 14:00:00,79.51
Montenegro,MNE,2023-06-27 13:00:00,2023-06-27 15:00:00,89.12
Montenegro,MNE,2023-06-27 14:00:00,2023-06-27 16:00:00,95.43
Montenegro,MNE,2023-06-27 15:00:00,2023-06-27 17:00:00,104.48
Montenegro,MNE,2023-06-27 16:00:00,2023-06-27 18:00:00,134.17
Montenegro,MNE,2023-06-27 17:00:00,2023-06-27 19:00:00,148.65
Montenegro,MNE,2023-06-27 18:00:00,2023-06-27 20:00:00,158.45
Montenegro,MNE,2023-06-27 19:00:00,2023-06-27 21:00:00,143.58
Montenegro,MNE,2023-06-27 20:00:00,2023-06-27 22:00:00,131.52
Montenegro,MNE,2023-06-27 21:00:00,2023-06-27 23:00:00,118.06
Montenegro,MNE,2023-06-27 22:00:00,2023-06-28 00:00:00,111.34
Montenegro,MNE,2023-06-27 23:00:00,2023-06-28 01:00:00,104.94
Montenegro,MNE,2023-06-28 00:00:00,2023-06-28 02:00:00,91.01
Montenegro,MNE,2023-06-28 01:00:00,2023-06-28 03:00:00,90.5
Montenegro,MNE,2023-06-28 02:00:00,2023-06-28 04:00:00,92.05
Montenegro,MNE,2023-06-28 03:00:00,2023-06-28 05:00:00,97.38
Montenegro,MNE,2023-06-28 04:00:00,2023-06-28 06:00:00,117.34
Montenegro,MNE,2023-06-28 05:00:00,2023-06-28 07:00:00,132.02
Montenegro,MNE,2023-06-28 06:00:00,2023-06-28 08:00:00,127.05
Montenegro,MNE,2023-06-28 07:00:00,2023-06-28 09:00:00,111.64
Montenegro,MNE,2023-06-28 08:00:00,2023-06-28 10:00:00,99.15
Montenegro,MNE,2023-06-28 09:00:00,2023-06-28 11:00:00,97.67
Montenegro,MNE,2023-06-28 10:00:00,2023-06-28 12:00:00,95.22
Montenegro,MNE,2023-06-28 11:00:00,2023-06-28 13:00:00,90.47
Montenegro,MNE,2023-06-28 12:00:00,2023-06-28 14:00:00,90.76
Montenegro,MNE,2023-06-28 13:00:00,2023-06-28 15:00:00,92.24
Montenegro,MNE,2023-06-28 14:00:00,2023-06-28 16:00:00,98.63
Montenegro,MNE,2023-06-28 15:00:00,2023-06-28 17:00:00,104.77
Montenegro,MNE,2023-06-28 16:00:00,2023-06-28 18:00:00,125.7
Montenegro,MNE,2023-06-28 17:00:00,2023-06-28 19:00:00,146.59
Montenegro,MNE,2023-06-28 18:00:00,2023-06-28 20:00:00,159.18
Montenegro,MNE,2023-06-28 19:00:00,2023-06-28 21:00:00,146.77
Montenegro,MNE,2023-06-28 20:00:00,2023-06-28 22:00:00,135.08
Montenegro,MNE,2023-06-28 21:00:00,2023-06-28 23:00:00,125.08
Montenegro,MNE,2023-06-28 22:00:00,2023-06-29 00:00:00,103.19
Montenegro,MNE,2023-06-28 23:00:00,2023-06-29 01:00:00,97.29
Montenegro,MNE,2023-06-29 00:00:00,2023-06-29 02:00:00,90.4
Montenegro,MNE,2023-06-29 01:00:00,2023-06-29 03:00:00,89.6
Montenegro,MNE,2023-06-29 02:00:00,2023-06-29 04:00:00,92.16
Montenegro,MNE,2023-06-29 03:00:00,2023-06-29 05:00:00,97.0
Montenegro,MNE,2023-06-29 04:00:00,2023-06-29 06:00:00,109.7
Montenegro,MNE,2023-06-29 05:00:00,2023-06-29 07:00:00,130.66
Montenegro,MNE,2023-06-29 06:00:00,2023-06-29 08:00:00,119.95
Montenegro,MNE,2023-06-29 07:00:00,2023-06-29 09:00:00,108.54
Montenegro,MNE,2023-06-29 08:00:00,2023-06-29 10:00:00,95.95
Montenegro,MNE,2023-06-29 09:00:00,2023-06-29 11:00:00,90.08
Montenegro,MNE,2023-06-29 10:00:00,2023-06-29 12:00:00,90.06
Montenegro,MNE,2023-06-29 11:00:00,2023-06-29 13:00:00,89.93
Montenegro,MNE,2023-06-29 12:00:00,2023-06-29 14:00:00,91.26
Montenegro,MNE,2023-06-29 13:00:00,2023-06-29 15:00:00,97.5
Montenegro,MNE,2023-06-29 14:00:00,2023-06-29 16:00:00,99.66
Montenegro,MNE,2023-06-29 15:00:00,2023-06-29 17:00:00,109.7
Montenegro,MNE,2023-06-29 16:00:00,2023-06-29 18:00:00,128.03
Montenegro,MNE,2023-06-29 17:00:00,2023-06-29 19:00:00,150.26
Montenegro,MNE,2023-06-29 18:00:00,2023-06-29 20:00:00,158.86
Montenegro,MNE,2023-06-29 19:00:00,2023-06-29 21:00:00,150.76
Montenegro,MNE,2023-06-29 20:00:00,2023-06-29 22:00:00,133.97
Montenegro,MNE,2023-06-29 21:00:00,2023-06-29 23:00:00,120.64
Montenegro,MNE,2023-06-29 22:00:00,2023-06-30 00:00:00,111.41
Montenegro,MNE,2023-06-29 23:00:00,2023-06-30 01:00:00,104.71
Montenegro,MNE,2023-06-30 00:00:00,2023-06-30 02:00:00,93.7
Montenegro,MNE,2023-06-30 01:00:00,2023-06-30 03:00:00,90.97
Montenegro,MNE,2023-06-30 02:00:00,2023-06-30 04:00:00,91.09
Montenegro,MNE,2023-06-30 03:00:00,2023-06-30 05:00:00,98.57
Montenegro,MNE,2023-06-30 04:00:00,2023-06-30 06:00:00,120.67
Montenegro,MNE,2023-06-30 05:00:00,2023-06-30 07:00:00,125.83
Montenegro,MNE,2023-06-30 06:00:00,2023-06-30 08:00:00,125.61
Montenegro,MNE,2023-06-30 07:00:00,2023-06-30 09:00:00,111.67
Montenegro,MNE,2023-06-30 08:00:00,2023-06-30 10:00:00,99.66
Montenegro,MNE,2023-06-30 09:00:00,2023-06-30 11:00:00,97.08
Montenegro,MNE,2023-06-30 10:00:00,2023-06-30 12:00:00,91.04
Montenegro,MNE,2023-06-30 11:00:00,2023-06-30 13:00:00,91.04
Montenegro,MNE,2023-06-30 12:00:00,2023-06-30 14:00:00,90.73
Montenegro,MNE,2023-06-30 13:00:00,2023-06-30 15:00:00,90.48
Montenegro,MNE,2023-06-30 14:00:00,2023-06-30 16:00:00,91.55
Montenegro,MNE,2023-06-30 15:00:00,2023-06-30 17:00:00,104.82
Montenegro,MNE,2023-06-30 16:00:00,2023-06-30 18:00:00,118.12
Montenegro,MNE,2023-06-30 17:00:00,2023-06-30 19:00:00,139.5
Montenegro,MNE,2023-06-30 18:00:00,2023-06-30 20:00:00,139.88
Montenegro,MNE,2023-06-30 19:00:00,2023-06-30 21:00:00,139.3
Montenegro,MNE,2023-06-30 20:00:00,2023-06-30 22:00:00,125.71
Montenegro,MNE,2023-06-30 21:00:00,2023-06-30 23:00:00,111.91
Montenegro,MNE,2023-06-30 22:00:00,2023-07-01 00:00:00,104.67
Montenegro,MNE,2023-06-30 23:00:00,2023-07-01 01:00:00,97.75
Montenegro,MNE,2023-07-01 00:00:00,2023-07-01 02:00:00,90.59
Montenegro,MNE,2023-07-01 01:00:00,2023-07-01 03:00:00,83.75
Montenegro,MNE,2023-07-01 02:00:00,2023-07-01 04:00:00,76.87
Montenegro,MNE,2023-07-01 03:00:00,2023-07-01 05:00:00,76.94
Montenegro,MNE,2023-07-01 04:00:00,2023-07-01 06:00:00,76.87
Montenegro,MNE,2023-07-01 05:00:00,2023-07-01 07:00:00,76.77
Montenegro,MNE,2023-07-01 06:00:00,2023-07-01 08:00:00,70.52
Montenegro,MNE,2023-07-01 07:00:00,2023-07-01 09:00:00,62.07
Montenegro,MNE,2023-07-01 08:00:00,2023-07-01 10:00:00,48.61
Montenegro,MNE,2023-07-01 09:00:00,2023-07-01 11:00:00,40.05
Montenegro,MNE,2023-07-01 10:00:00,2023-07-01 12:00:00,40.05
Montenegro,MNE,2023-07-01 11:00:00,2023-07-01 13:00:00,34.33
Montenegro,MNE,2023-07-01 12:00:00,2023-07-01 14:00:00,27.25
Montenegro,MNE,2023-07-01 13:00:00,2023-07-01 15:00:00,27.15
Montenegro,MNE,2023-07-01 14:00:00,2023-07-01 16:00:00,31.07
Montenegro,MNE,2023-07-01 15:00:00,2023-07-01 17:00:00,55.31
Montenegro,MNE,2023-07-01 16:00:00,2023-07-01 18:00:00,77.06
Montenegro,MNE,2023-07-01 17:00:00,2023-07-01 19:00:00,90.22
Montenegro,MNE,2023-07-01 18:00:00,2023-07-01 20:00:00,97.69
Montenegro,MNE,2023-07-01 19:00:00,2023-07-01 21:00:00,111.65
Montenegro,MNE,2023-07-01 20:00:00,2023-07-01 22:00:00,104.26
Montenegro,MNE,2023-07-01 21:00:00,2023-07-01 23:00:00,89.58
Montenegro,MNE,2023-07-01 22:00:00,2023-07-02 00:00:00,70.62
Montenegro,MNE,2023-07-01 23:00:00,2023-07-02 01:00:00,53.21
Montenegro,MNE,2023-07-02 00:00:00,2023-07-02 02:00:00,43.69
Montenegro,MNE,2023-07-02 01:00:00,2023-07-02 03:00:00,35.5
Montenegro,MNE,2023-07-02 02:00:00,2023-07-02 04:00:00,35.06
Montenegro,MNE,2023-07-02 03:00:00,2023-07-02 05:00:00,30.64
Montenegro,MNE,2023-07-02 04:00:00,2023-07-02 06:00:00,16.28
Montenegro,MNE,2023-07-02 05:00:00,2023-07-02 07:00:00,11.13
Montenegro,MNE,2023-07-02 06:00:00,2023-07-02 08:00:00,3.93
Montenegro,MNE,2023-07-02 07:00:00,2023-07-02 09:00:00,0.99
Montenegro,MNE,2023-07-02 08:00:00,2023-07-02 10:00:00,0.99
Montenegro,MNE,2023-07-02 09:00:00,2023-07-02 11:00:00,0.99
Montenegro,MNE,2023-07-02 10:00:00,2023-07-02 12:00:00,0.99
Montenegro,MNE,2023-07-02 11:00:00,2023-07-02 13:00:00,0.99
Montenegro,MNE,2023-07-02 12:00:00,2023-07-02 14:00:00,0.99
Montenegro,MNE,2023-07-02 13:00:00,2023-07-02 15:00:00,0.99
Montenegro,MNE,2023-07-02 14:00:00,2023-07-02 16:00:00,1.03
Montenegro,MNE,2023-07-02 15:00:00,2023-07-02 17:00:00,5.18
Montenegro,MNE,2023-07-02 16:00:00,2023-07-02 18:00:00,43.01
Montenegro,MNE,2023-07-02 17:00:00,2023-07-02 19:00:00,85.28
Montenegro,MNE,2023-07-02 18:00:00,2023-07-02 20:00:00,107.06
Montenegro,MNE,2023-07-02 19:00:00,2023-07-02 21:00:00,135.21
Montenegro,MNE,2023-07-02 20:00:00,2023-07-02 22:00:00,122.9
Montenegro,MNE,2023-07-02 21:00:00,2023-07-02 23:00:00,107.11
Montenegro,MNE,2023-07-02 22:00:00,2023-07-03 00:00:00,74.94
Montenegro,MNE,2023-07-02 23:00:00,2023-07-03 01:00:00,64.55
Montenegro,MNE,2023-07-03 00:00:00,2023-07-03 02:00:00,51.86
Montenegro,MNE,2023-07-03 01:00:00,2023-07-03 03:00:00,46.0
Montenegro,MNE,2023-07-03 02:00:00,2023-07-03 04:00:00,45.19
Montenegro,MNE,2023-07-03 03:00:00,2023-07-03 05:00:00,79.01
Montenegro,MNE,2023-07-03 04:00:00,2023-07-03 06:00:00,88.03
Montenegro,MNE,2023-07-03 05:00:00,2023-07-03 07:00:00,103.1
Montenegro,MNE,2023-07-03 06:00:00,2023-07-03 08:00:00,91.94
Montenegro,MNE,2023-07-03 07:00:00,2023-07-03 09:00:00,73.18
Montenegro,MNE,2023-07-03 08:00:00,2023-07-03 10:00:00,81.41
Montenegro,MNE,2023-07-03 09:00:00,2023-07-03 11:00:00,90.05
Montenegro,MNE,2023-07-03 10:00:00,2023-07-03 12:00:00,90.06
Montenegro,MNE,2023-07-03 11:00:00,2023-07-03 13:00:00,90.05
Montenegro,MNE,2023-07-03 12:00:00,2023-07-03 14:00:00,90.05
Montenegro,MNE,2023-07-03 13:00:00,2023-07-03 15:00:00,83.8
Montenegro,MNE,2023-07-03 14:00:00,2023-07-03 16:00:00,90.05
Montenegro,MNE,2023-07-03 15:00:00,2023-07-03 17:00:00,97.65
Montenegro,MNE,2023-07-03 16:00:00,2023-07-03 18:00:00,108.27
Montenegro,MNE,2023-07-03 17:00:00,2023-07-03 19:00:00,129.75
Montenegro,MNE,2023-07-03 18:00:00,2023-07-03 20:00:00,133.78
Montenegro,MNE,2023-07-03 19:00:00,2023-07-03 21:00:00,129.56
Montenegro,MNE,2023-07-03 20:00:00,2023-07-03 22:00:00,117.56
Montenegro,MNE,2023-07-03 21:00:00,2023-07-03 23:00:00,106.0
Montenegro,MNE,2023-07-03 22:00:00,2023-07-04 00:00:00,125.09
Montenegro,MNE,2023-07-03 23:00:00,2023-07-04 01:00:00,80.01
Montenegro,MNE,2023-07-04 00:00:00,2023-07-04 02:00:00,71.04
Montenegro,MNE,2023-07-04 01:00:00,2023-07-04 03:00:00,63.17
Montenegro,MNE,2023-07-04 02:00:00,2023-07-04 04:00:00,66.09
Montenegro,MNE,2023-07-04 03:00:00,2023-07-04 05:00:00,74.09
Montenegro,MNE,2023-07-04 04:00:00,2023-07-04 06:00:00,97.64
Montenegro,MNE,2023-07-04 05:00:00,2023-07-04 07:00:00,115.78
Montenegro,MNE,2023-07-04 06:00:00,2023-07-04 08:00:00,111.73
Montenegro,MNE,2023-07-04 07:00:00,2023-07-04 09:00:00,101.69
Montenegro,MNE,2023-07-04 08:00:00,2023-07-04 10:00:00,107.45
Montenegro,MNE,2023-07-04 09:00:00,2023-07-04 11:00:00,107.45
Montenegro,MNE,2023-07-04 10:00:00,2023-07-04 12:00:00,108.89
Montenegro,MNE,2023-07-04 11:00:00,2023-07-04 13:00:00,104.89
Montenegro,MNE,2023-07-04 12:00:00,2023-07-04 14:00:00,110.65
Montenegro,MNE,2023-07-04 13:00:00,2023-07-04 15:00:00,97.65
Montenegro,MNE,2023-07-04 14:00:00,2023-07-04 16:00:00,104.41
Montenegro,MNE,2023-07-04 15:00:00,2023-07-04 17:00:00,104.47
Montenegro,MNE,2023-07-04 16:00:00,2023-07-04 18:00:00,118.65
Montenegro,MNE,2023-07-04 17:00:00,2023-07-04 19:00:00,139.66
Montenegro,MNE,2023-07-04 18:00:00,2023-07-04 20:00:00,156.96
Montenegro,MNE,2023-07-04 19:00:00,2023-07-04 21:00:00,153.57
Montenegro,MNE,2023-07-04 20:00:00,2023-07-04 22:00:00,139.81
Montenegro,MNE,2023-07-04 21:00:00,2023-07-04 23:00:00,125.47
Montenegro,MNE,2023-07-04 22:00:00,2023-07-05 00:00:00,123.9
Montenegro,MNE,2023-07-04 23:00:00,2023-07-05 01:00:00,105.31
Montenegro,MNE,2023-07-05 00:00:00,2023-07-05 02:00:00,95.98
Montenegro,MNE,2023-07-05 01:00:00,2023-07-05 03:00:00,86.96
Montenegro,MNE,2023-07-05 02:00:00,2023-07-05 04:00:00,83.32
Montenegro,MNE,2023-07-05 03:00:00,2023-07-05 05:00:00,86.92
Montenegro,MNE,2023-07-05 04:00:00,2023-07-05 06:00:00,93.16
Montenegro,MNE,2023-07-05 05:00:00,2023-07-05 07:00:00,106.03
Montenegro,MNE,2023-07-05 06:00:00,2023-07-05 08:00:00,97.51
Montenegro,MNE,2023-07-05 07:00:00,2023-07-05 09:00:00,83.2
Montenegro,MNE,2023-07-05 08:00:00,2023-07-05 10:00:00,74.06
Montenegro,MNE,2023-07-05 09:00:00,2023-07-05 11:00:00,78.06
Montenegro,MNE,2023-07-05 10:00:00,2023-07-05 12:00:00,83.08
Montenegro,MNE,2023-07-05 11:00:00,2023-07-05 13:00:00,83.28
Montenegro,MNE,2023-07-05 12:00:00,2023-07-05 14:00:00,83.43
Montenegro,MNE,2023-07-05 13:00:00,2023-07-05 15:00:00,83.43
Montenegro,MNE,2023-07-05 14:00:00,2023-07-05 16:00:00,86.41
Montenegro,MNE,2023-07-05 15:00:00,2023-07-05 17:00:00,96.56
Montenegro,MNE,2023-07-05 16:00:00,2023-07-05 18:00:00,118.35
Montenegro,MNE,2023-07-05 17:00:00,2023-07-05 19:00:00,125.8
Montenegro,MNE,2023-07-05 18:00:00,2023-07-05 20:00:00,137.78
Montenegro,MNE,2023-07-05 19:00:00,2023-07-05 21:00:00,125.87
Montenegro,MNE,2023-07-05 20:00:00,2023-07-05 22:00:00,125.27
Montenegro,MNE,2023-07-05 21:00:00,2023-07-05 23:00:00,119.9
Montenegro,MNE,2023-07-05 22:00:00,2023-07-06 00:00:00,107.62
Montenegro,MNE,2023-07-05 23:00:00,2023-07-06 01:00:00,99.26
Montenegro,MNE,2023-07-06 00:00:00,2023-07-06 02:00:00,92.74
Montenegro,MNE,2023-07-06 01:00:00,2023-07-06 03:00:00,90.41
Montenegro,MNE,2023-07-06 02:00:00,2023-07-06 04:00:00,94.28
Montenegro,MNE,2023-07-06 03:00:00,2023-07-06 05:00:00,98.48
Montenegro,MNE,2023-07-06 04:00:00,2023-07-06 06:00:00,110.2
Montenegro,MNE,2023-07-06 05:00:00,2023-07-06 07:00:00,119.73
Montenegro,MNE,2023-07-06 06:00:00,2023-07-06 08:00:00,117.83
Montenegro,MNE,2023-07-06 07:00:00,2023-07-06 09:00:00,108.8
Montenegro,MNE,2023-07-06 08:00:00,2023-07-06 10:00:00,90.95
Montenegro,MNE,2023-07-06 09:00:00,2023-07-06 11:00:00,95.05
Montenegro,MNE,2023-07-06 10:00:00,2023-07-06 12:00:00,95.02
Montenegro,MNE,2023-07-06 11:00:00,2023-07-06 13:00:00,91.05
Montenegro,MNE,2023-07-06 12:00:00,2023-07-06 14:00:00,91.03
Montenegro,MNE,2023-07-06 13:00:00,2023-07-06 15:00:00,95.05
Montenegro,MNE,2023-07-06 14:00:00,2023-07-06 16:00:00,95.62
Montenegro,MNE,2023-07-06 15:00:00,2023-07-06 17:00:00,106.94
Montenegro,MNE,2023-07-06 16:00:00,2023-07-06 18:00:00,119.3
Montenegro,MNE,2023-07-06 17:00:00,2023-07-06 19:00:00,143.64
Montenegro,MNE,2023-07-06 18:00:00,2023-07-06 20:00:00,155.13
Montenegro,MNE,2023-07-06 19:00:00,2023-07-06 21:00:00,159.31
Montenegro,MNE,2023-07-06 20:00:00,2023-07-06 22:00:00,139.79
Montenegro,MNE,2023-07-06 21:00:00,2023-07-06 23:00:00,119.03
Montenegro,MNE,2023-07-06 22:00:00,2023-07-07 00:00:00,115.9
Montenegro,MNE,2023-07-06 23:00:00,2023-07-07 01:00:00,106.04
Montenegro,MNE,2023-07-07 00:00:00,2023-07-07 02:00:00,99.8
Montenegro,MNE,2023-07-07 01:00:00,2023-07-07 03:00:00,99.13
Montenegro,MNE,2023-07-07 02:00:00,2023-07-07 04:00:00,98.83
Montenegro,MNE,2023-07-07 03:00:00,2023-07-07 05:00:00,105.15
Montenegro,MNE,2023-07-07 04:00:00,2023-07-07 06:00:00,120.62
Montenegro,MNE,2023-07-07 05:00:00,2023-07-07 07:00:00,131.1
Montenegro,MNE,2023-07-07 06:00:00,2023-07-07 08:00:00,123.71
Montenegro,MNE,2023-07-07 07:00:00,2023-07-07 09:00:00,111.44
Montenegro,MNE,2023-07-07 08:00:00,2023-07-07 10:00:00,95.3
Montenegro,MNE,2023-07-07 09:00:00,2023-07-07 11:00:00,96.41
Montenegro,MNE,2023-07-07 10:00:00,2023-07-07 12:00:00,91.61
Montenegro,MNE,2023-07-07 11:00:00,2023-07-07 13:00:00,90.3
Montenegro,MNE,2023-07-07 12:00:00,2023-07-07 14:00:00,85.7
Montenegro,MNE,2023-07-07 13:00:00,2023-07-07 15:00:00,87.7
Montenegro,MNE,2023-07-07 14:00:00,2023-07-07 16:00:00,93.76
Montenegro,MNE,2023-07-07 15:00:00,2023-07-07 17:00:00,103.14
Montenegro,MNE,2023-07-07 16:00:00,2023-07-07 18:00:00,115.55
Montenegro,MNE,2023-07-07 17:00:00,2023-07-07 19:00:00,130.55
Montenegro,MNE,2023-07-07 18:00:00,2023-07-07 20:00:00,147.75
Montenegro,MNE,2023-07-07 19:00:00,2023-07-07 21:00:00,139.33
Montenegro,MNE,2023-07-07 20:00:00,2023-07-07 22:00:00,115.54
Montenegro,MNE,2023-07-07 21:00:00,2023-07-07 23:00:00,104.65
Montenegro,MNE,2023-07-07 22:00:00,2023-07-08 00:00:00,107.71
Montenegro,MNE,2023-07-07 23:00:00,2023-07-08 01:00:00,101.85
Montenegro,MNE,2023-07-08 00:00:00,2023-07-08 02:00:00,95.62
Montenegro,MNE,2023-07-08 01:00:00,2023-07-08 03:00:00,95.25
Montenegro,MNE,2023-07-08 02:00:00,2023-07-08 04:00:00,87.93
Montenegro,MNE,2023-07-08 03:00:00,2023-07-08 05:00:00,83.54
Montenegro,MNE,2023-07-08 04:00:00,2023-07-08 06:00:00,87.2
Montenegro,MNE,2023-07-08 05:00:00,2023-07-08 07:00:00,85.64
Montenegro,MNE,2023-07-08 06:00:00,2023-07-08 08:00:00,83.3
Montenegro,MNE,2023-07-08 07:00:00,2023-07-08 09:00:00,74.94
Montenegro,MNE,2023-07-08 08:00:00,2023-07-08 10:00:00,67.6
Montenegro,MNE,2023-07-08 09:00:00,2023-07-08 11:00:00,55.4
Montenegro,MNE,2023-07-08 10:00:00,2023-07-08 12:00:00,53.12
Montenegro,MNE,2023-07-08 11:00:00,2023-07-08 13:00:00,43.47
Montenegro,MNE,2023-07-08 12:00:00,2023-07-08 14:00:00,62.55
Montenegro,MNE,2023-07-08 13:00:00,2023-07-08 15:00:00,67.04
Montenegro,MNE,2023-07-08 14:00:00,2023-07-08 16:00:00,73.74
Montenegro,MNE,2023-07-08 15:00:00,2023-07-08 17:00:00,90.04
Montenegro,MNE,2023-07-08 16:00:00,2023-07-08 18:00:00,107.21
Montenegro,MNE,2023-07-08 17:00:00,2023-07-08 19:00:00,114.65
Montenegro,MNE,2023-07-08 18:00:00,2023-07-08 20:00:00,134.91
Montenegro,MNE,2023-07-08 19:00:00,2023-07-08 21:00:00,124.93
Montenegro,MNE,2023-07-08 20:00:00,2023-07-08 22:00:00,116.41
Montenegro,MNE,2023-07-08 21:00:00,2023-07-08 23:00:00,115.33
Montenegro,MNE,2023-07-08 22:00:00,2023-07-09 00:00:00,97.9
Montenegro,MNE,2023-07-08 23:00:00,2023-07-09 01:00:00,90.36
Montenegro,MNE,2023-07-09 00:00:00,2023-07-09 02:00:00,83.96
Montenegro,MNE,2023-07-09 01:00:00,2023-07-09 03:00:00,80.01
Montenegro,MNE,2023-07-09 02:00:00,2023-07-09 04:00:00,80.3
Montenegro,MNE,2023-07-09 03:00:00,2023-07-09 05:00:00,82.6
Montenegro,MNE,2023-07-09 04:00:00,2023-07-09 06:00:00,82.38
Montenegro,MNE,2023-07-09 05:00:00,2023-07-09 07:00:00,81.76
Montenegro,MNE,2023-07-09 06:00:00,2023-07-09 08:00:00,76.3
Montenegro,MNE,2023-07-09 07:00:00,2023-07-09 09:00:00,69.58
Montenegro,MNE,2023-07-09 08:00:00,2023-07-09 10:00:00,55.75
Montenegro,MNE,2023-07-09 09:00:00,2023-07-09 11:00:00,50.07
Montenegro,MNE,2023-07-09 10:00:00,2023-07-09 12:00:00,34.5
Montenegro,MNE,2023-07-09 11:00:00,2023-07-09 13:00:00,20.93
Montenegro,MNE,2023-07-09 12:00:00,2023-07-09 14:00:00,20.93
Montenegro,MNE,2023-07-09 13:00:00,2023-07-09 15:00:00,27.83
Montenegro,MNE,2023-07-09 14:00:00,2023-07-09 16:00:00,56.09
Montenegro,MNE,2023-07-09 15:00:00,2023-07-09 17:00:00,83.9
Montenegro,MNE,2023-07-09 16:00:00,2023-07-09 18:00:00,111.5
Montenegro,MNE,2023-07-09 17:00:00,2023-07-09 19:00:00,125.8
Montenegro,MNE,2023-07-09 18:00:00,2023-07-09 20:00:00,132.94
Montenegro,MNE,2023-07-09 19:00:00,2023-07-09 21:00:00,132.94
Montenegro,MNE,2023-07-09 20:00:00,2023-07-09 22:00:00,125.5
Montenegro,MNE,2023-07-09 21:00:00,2023-07-09 23:00:00,118.83
Montenegro,MNE,2023-07-09 22:00:00,2023-07-10 00:00:00,104.87
Montenegro,MNE,2023-07-09 23:00:00,2023-07-10 01:00:00,95.45
Montenegro,MNE,2023-07-10 00:00:00,2023-07-10 02:00:00,82.17
Montenegro,MNE,2023-07-10 01:00:00,2023-07-10 03:00:00,81.13
Montenegro,MNE,2023-07-10 02:00:00,2023-07-10 04:00:00,81.13
Montenegro,MNE,2023-07-10 03:00:00,2023-07-10 05:00:00,89.06
Montenegro,MNE,2023-07-10 04:00:00,2023-07-10 06:00:00,109.68
Montenegro,MNE,2023-07-10 05:00:00,2023-07-10 07:00:00,117.09
Montenegro,MNE,2023-07-10 06:00:00,2023-07-10 08:00:00,114.99
Montenegro,MNE,2023-07-10 07:00:00,2023-07-10 09:00:00,108.47
Montenegro,MNE,2023-07-10 08:00:00,2023-07-10 10:00:00,104.46
Montenegro,MNE,2023-07-10 09:00:00,2023-07-10 11:00:00,104.66
Montenegro,MNE,2023-07-10 10:00:00,2023-07-10 12:00:00,95.41
Montenegro,MNE,2023-07-10 11:00:00,2023-07-10 13:00:00,95.45
Montenegro,MNE,2023-07-10 12:00:00,2023-07-10 14:00:00,95.27
Montenegro,MNE,2023-07-10 13:00:00,2023-07-10 15:00:00,95.57
Montenegro,MNE,2023-07-10 14:00:00,2023-07-10 16:00:00,95.57
Montenegro,MNE,2023-07-10 15:00:00,2023-07-10 17:00:00,99.99
Montenegro,MNE,2023-07-10 16:00:00,2023-07-10 18:00:00,122.04
Montenegro,MNE,2023-07-10 17:00:00,2023-07-10 19:00:00,140.92
Montenegro,MNE,2023-07-10 18:00:00,2023-07-10 20:00:00,167.26
Montenegro,MNE,2023-07-10 19:00:00,2023-07-10 21:00:00,167.16
Montenegro,MNE,2023-07-10 20:00:00,2023-07-10 22:00:00,140.89
Montenegro,MNE,2023-07-10 21:00:00,2023-07-10 23:00:00,131.03
Montenegro,MNE,2023-07-10 22:00:00,2023-07-11 00:00:00,122.75
Montenegro,MNE,2023-07-10 23:00:00,2023-07-11 01:00:00,113.06
Montenegro,MNE,2023-07-11 00:00:00,2023-07-11 02:00:00,104.47
Montenegro,MNE,2023-07-11 01:00:00,2023-07-11 03:00:00,103.31
Montenegro,MNE,2023-07-11 02:00:00,2023-07-11 04:00:00,103.02
Montenegro,MNE,2023-07-11 03:00:00,2023-07-11 05:00:00,113.23
Montenegro,MNE,2023-07-11 04:00:00,2023-07-11 06:00:00,129.02
Montenegro,MNE,2023-07-11 05:00:00,2023-07-11 07:00:00,136.75
Montenegro,MNE,2023-07-11 06:00:00,2023-07-11 08:00:00,122.8
Montenegro,MNE,2023-07-11 07:00:00,2023-07-11 09:00:00,111.14
Montenegro,MNE,2023-07-11 08:00:00,2023-07-11 10:00:00,107.06
Montenegro,MNE,2023-07-11 09:00:00,2023-07-11 11:00:00,103.3
Montenegro,MNE,2023-07-11 10:00:00,2023-07-11 12:00:00,95.98
Montenegro,MNE,2023-07-11 11:00:00,2023-07-11 13:00:00,100.63
Montenegro,MNE,2023-07-11 12:00:00,2023-07-11 14:00:00,100.39
Montenegro,MNE,2023-07-11 13:00:00,2023-07-11 15:00:00,106.9
Montenegro,MNE,2023-07-11 14:00:00,2023-07-11 16:00:00,124.24
Montenegro,MNE,2023-07-11 15:00:00,2023-07-11 17:00:00,134.52
Montenegro,MNE,2023-07-11 16:00:00,2023-07-11 18:00:00,141.59
Montenegro,MNE,2023-07-11 17:00:00,2023-07-11 19:00:00,160.06
Montenegro,MNE,2023-07-11 18:00:00,2023-07-11 20:00:00,170.18
Montenegro,MNE,2023-07-11 19:00:00,2023-07-11 21:00:00,161.55
Montenegro,MNE,2023-07-11 20:00:00,2023-07-11 22:00:00,137.44
Montenegro,MNE,2023-07-11 21:00:00,2023-07-11 23:00:00,121.01
Montenegro,MNE,2023-07-11 22:00:00,2023-07-12 00:00:00,117.07
Montenegro,MNE,2023-07-11 23:00:00,2023-07-12 01:00:00,109.36
Montenegro,MNE,2023-07-12 00:00:00,2023-07-12 02:00:00,99.41
Montenegro,MNE,2023-07-12 01:00:00,2023-07-12 03:00:00,87.12
Montenegro,MNE,2023-07-12 02:00:00,2023-07-12 04:00:00,83.43
Montenegro,MNE,2023-07-12 03:00:00,2023-07-12 05:00:00,91.13
Montenegro,MNE,2023-07-12 04:00:00,2023-07-12 06:00:00,100.66
Montenegro,MNE,2023-07-12 05:00:00,2023-07-12 07:00:00,108.92
Montenegro,MNE,2023-07-12 06:00:00,2023-07-12 08:00:00,110.69
Montenegro,MNE,2023-07-12 07:00:00,2023-07-12 09:00:00,103.29
Montenegro,MNE,2023-07-12 08:00:00,2023-07-12 10:00:00,99.47
Montenegro,MNE,2023-07-12 09:00:00,2023-07-12 11:00:00,96.17
Montenegro,MNE,2023-07-12 10:00:00,2023-07-12 12:00:00,99.71
Montenegro,MNE,2023-07-12 11:00:00,2023-07-12 13:00:00,107.56
Montenegro,MNE,2023-07-12 12:00:00,2023-07-12 14:00:00,107.83
Montenegro,MNE,2023-07-12 13:00:00,2023-07-12 15:00:00,113.89
Montenegro,MNE,2023-07-12 14:00:00,2023-07-12 16:00:00,120.33
Montenegro,MNE,2023-07-12 15:00:00,2023-07-12 17:00:00,135.72
Montenegro,MNE,2023-07-12 16:00:00,2023-07-12 18:00:00,136.91
Montenegro,MNE,2023-07-12 17:00:00,2023-07-12 19:00:00,151.14
Montenegro,MNE,2023-07-12 18:00:00,2023-07-12 20:00:00,151.1
Montenegro,MNE,2023-07-12 19:00:00,2023-07-12 21:00:00,148.42
Montenegro,MNE,2023-07-12 20:00:00,2023-07-12 22:00:00,134.82
Montenegro,MNE,2023-07-12 21:00:00,2023-07-12 23:00:00,109.08
Montenegro,MNE,2023-07-12 22:00:00,2023-07-13 00:00:00,102.45
Montenegro,MNE,2023-07-12 23:00:00,2023-07-13 01:00:00,95.77
Montenegro,MNE,2023-07-13 00:00:00,2023-07-13 02:00:00,91.13
Montenegro,MNE,2023-07-13 01:00:00,2023-07-13 03:00:00,88.68
Montenegro,MNE,2023-07-13 02:00:00,2023-07-13 04:00:00,88.64
Montenegro,MNE,2023-07-13 03:00:00,2023-07-13 05:00:00,93.81
Montenegro,MNE,2023-07-13 04:00:00,2023-07-13 06:00:00,108.1
Montenegro,MNE,2023-07-13 05:00:00,2023-07-13 07:00:00,117.27
Montenegro,MNE,2023-07-13 06:00:00,2023-07-13 08:00:00,113.69
Montenegro,MNE,2023-07-13 07:00:00,2023-07-13 09:00:00,103.44
Montenegro,MNE,2023-07-13 08:00:00,2023-07-13 10:00:00,103.2
Montenegro,MNE,2023-07-13 09:00:00,2023-07-13 11:00:00,99.65
Montenegro,MNE,2023-07-13 10:00:00,2023-07-13 12:00:00,98.06
Montenegro,MNE,2023-07-13 11:00:00,2023-07-13 13:00:00,98.04
Montenegro,MNE,2023-07-13 12:00:00,2023-07-13 14:00:00,98.98
Montenegro,MNE,2023-07-13 13:00:00,2023-07-13 15:00:00,103.03
Montenegro,MNE,2023-07-13 14:00:00,2023-07-13 16:00:00,109.36
Montenegro,MNE,2023-07-13 15:00:00,2023-07-13 17:00:00,123.21
Montenegro,MNE,2023-07-13 16:00:00,2023-07-13 18:00:00,125.58
Montenegro,MNE,2023-07-13 17:00:00,2023-07-13 19:00:00,138.68
Montenegro,MNE,2023-07-13 18:00:00,2023-07-13 20:00:00,152.42
Montenegro,MNE,2023-07-13 19:00:00,2023-07-13 21:00:00,153.16
Montenegro,MNE,2023-07-13 20:00:00,2023-07-13 22:00:00,143.53
Montenegro,MNE,2023-07-13 21:00:00,2023-07-13 23:00:00,126.25
Montenegro,MNE,2023-07-13 22:00:00,2023-07-14 00:00:00,107.83
Montenegro,MNE,2023-07-13 23:00:00,2023-07-14 01:00:00,100.78
Montenegro,MNE,2023-07-14 00:00:00,2023-07-14 02:00:00,92.37
Montenegro,MNE,2023-07-14 01:00:00,2023-07-14 03:00:00,87.8
Montenegro,MNE,2023-07-14 02:00:00,2023-07-14 04:00:00,87.47
Montenegro,MNE,2023-07-14 03:00:00,2023-07-14 05:00:00,91.92
Montenegro,MNE,2023-07-14 04:00:00,2023-07-14 06:00:00,103.19
Montenegro,MNE,2023-07-14 05:00:00,2023-07-14 07:00:00,113.27
Montenegro,MNE,2023-07-14 06:00:00,2023-07-14 08:00:00,116.07
Montenegro,MNE,2023-07-14 07:00:00,2023-07-14 09:00:00,96.26
Montenegro,MNE,2023-07-14 08:00:00,2023-07-14 10:00:00,90.09
Montenegro,MNE,2023-07-14 09:00:00,2023-07-14 11:00:00,90.08
Montenegro,MNE,2023-07-14 10:00:00,2023-07-14 12:00:00,90.08
Montenegro,MNE,2023-07-14 11:00:00,2023-07-14 13:00:00,90.08
Montenegro,MNE,2023-07-14 12:00:00,2023-07-14 14:00:00,91.19
Montenegro,MNE,2023-07-14 13:00:00,2023-07-14 15:00:00,95.66
Montenegro,MNE,2023-07-14 14:00:00,2023-07-14 16:00:00,95.53
Montenegro,MNE,2023-07-14 15:00:00,2023-07-14 17:00:00,107.05
Montenegro,MNE,2023-07-14 16:00:00,2023-07-14 18:00:00,120.66
Montenegro,MNE,2023-07-14 17:00:00,2023-07-14 19:00:00,139.98
Montenegro,MNE,2023-07-14 18:00:00,2023-07-14 20:00:00,146.18
Montenegro,MNE,2023-07-14 19:00:00,2023-07-14 21:00:00,144.1
Montenegro,MNE,2023-07-14 20:00:00,2023-07-14 22:00:00,126.23
Montenegro,MNE,2023-07-14 21:00:00,2023-07-14 23:00:00,118.31
Montenegro,MNE,2023-07-14 22:00:00,2023-07-15 00:00:00,91.34
Montenegro,MNE,2023-07-14 23:00:00,2023-07-15 01:00:00,87.74
Montenegro,MNE,2023-07-15 00:00:00,2023-07-15 02:00:00,87.04
Montenegro,MNE,2023-07-15 01:00:00,2023-07-15 03:00:00,70.09
Montenegro,MNE,2023-07-15 02:00:00,2023-07-15 04:00:00,66.01
Montenegro,MNE,2023-07-15 03:00:00,2023-07-15 05:00:00,60.1
Montenegro,MNE,2023-07-15 04:00:00,2023-07-15 06:00:00,83.6
Montenegro,MNE,2023-07-15 05:00:00,2023-07-15 07:00:00,87.62
Montenegro,MNE,2023-07-15 06:00:00,2023-07-15 08:00:00,87.54
Montenegro,MNE,2023-07-15 07:00:00,2023-07-15 09:00:00,87.96
Montenegro,MNE,2023-07-15 08:00:00,2023-07-15 10:00:00,87.6
Montenegro,MNE,2023-07-15 09:00:00,2023-07-15 11:00:00,90.02
Montenegro,MNE,2023-07-15 10:00:00,2023-07-15 12:00:00,90.02
Montenegro,MNE,2023-07-15 11:00:00,2023-07-15 13:00:00,90.03
Montenegro,MNE,2023-07-15 12:00:00,2023-07-15 14:00:00,90.03
Montenegro,MNE,2023-07-15 13:00:00,2023-07-15 15:00:00,90.04
Montenegro,MNE,2023-07-15 14:00:00,2023-07-15 16:00:00,90.05
Montenegro,MNE,2023-07-15 15:00:00,2023-07-15 17:00:00,87.74
Montenegro,MNE,2023-07-15 16:00:00,2023-07-15 18:00:00,103.1
Montenegro,MNE,2023-07-15 17:00:00,2023-07-15 19:00:00,115.74
Montenegro,MNE,2023-07-15 18:00:00,2023-07-15 20:00:00,127.7
Montenegro,MNE,2023-07-15 19:00:00,2023-07-15 21:00:00,136.58
Montenegro,MNE,2023-07-15 20:00:00,2023-07-15 22:00:00,118.83
Montenegro,MNE,2023-07-15 21:00:00,2023-07-15 23:00:00,103.44
Montenegro,MNE,2023-07-15 22:00:00,2023-07-16 00:00:00,90.03
Montenegro,MNE,2023-07-15 23:00:00,2023-07-16 01:00:00,84.78
Montenegro,MNE,2023-07-16 00:00:00,2023-07-16 02:00:00,80.38
Montenegro,MNE,2023-07-16 01:00:00,2023-07-16 03:00:00,78.8
Montenegro,MNE,2023-07-16 02:00:00,2023-07-16 04:00:00,71.07
Montenegro,MNE,2023-07-16 03:00:00,2023-07-16 05:00:00,71.15
Montenegro,MNE,2023-07-16 04:00:00,2023-07-16 06:00:00,60.83
Montenegro,MNE,2023-07-16 05:00:00,2023-07-16 07:00:00,90.08
Montenegro,MNE,2023-07-16 06:00:00,2023-07-16 08:00:00,86.42
Montenegro,MNE,2023-07-16 07:00:00,2023-07-16 09:00:00,83.19
Montenegro,MNE,2023-07-16 08:00:00,2023-07-16 10:00:00,79.56
Montenegro,MNE,2023-07-16 09:00:00,2023-07-16 11:00:00,89.09
Montenegro,MNE,2023-07-16 10:00:00,2023-07-16 12:00:00,89.19
Montenegro,MNE,2023-07-16 11:00:00,2023-07-16 13:00:00,89.89
Montenegro,MNE,2023-07-16 12:00:00,2023-07-16 14:00:00,82.1
Montenegro,MNE,2023-07-16 13:00:00,2023-07-16 15:00:00,90.04
Montenegro,MNE,2023-07-16 14:00:00,2023-07-16 16:00:00,90.09
Montenegro,MNE,2023-07-16 15:00:00,2023-07-16 17:00:00,90.05
Montenegro,MNE,2023-07-16 16:00:00,2023-07-16 18:00:00,91.66
Montenegro,MNE,2023-07-16 17:00:00,2023-07-16 19:00:00,94.98
Montenegro,MNE,2023-07-16 18:00:00,2023-07-16 20:00:00,119.59
Montenegro,MNE,2023-07-16 19:00:00,2023-07-16 21:00:00,125.68
Montenegro,MNE,2023-07-16 20:00:00,2023-07-16 22:00:00,105.66
Montenegro,MNE,2023-07-16 21:00:00,2023-07-16 23:00:00,105.59
Montenegro,MNE,2023-07-16 22:00:00,2023-07-17 00:00:00,98.44
Montenegro,MNE,2023-07-16 23:00:00,2023-07-17 01:00:00,85.9
Montenegro,MNE,2023-07-17 00:00:00,2023-07-17 02:00:00,81.92
Montenegro,MNE,2023-07-17 01:00:00,2023-07-17 03:00:00,79.2
Montenegro,MNE,2023-07-17 02:00:00,2023-07-17 04:00:00,79.13
Montenegro,MNE,2023-07-17 03:00:00,2023-07-17 05:00:00,86.22
Montenegro,MNE,2023-07-17 04:00:00,2023-07-17 06:00:00,102.24
Montenegro,MNE,2023-07-17 05:00:00,2023-07-17 07:00:00,107.07
Montenegro,MNE,2023-07-17 06:00:00,2023-07-17 08:00:00,99.58
Montenegro,MNE,2023-07-17 07:00:00,2023-07-17 09:00:00,91.4
Montenegro,MNE,2023-07-17 08:00:00,2023-07-17 10:00:00,91.94
Montenegro,MNE,2023-07-17 09:00:00,2023-07-17 11:00:00,90.09
Montenegro,MNE,2023-07-17 10:00:00,2023-07-17 12:00:00,90.08
Montenegro,MNE,2023-07-17 11:00:00,2023-07-17 13:00:00,90.07
Montenegro,MNE,2023-07-17 12:00:00,2023-07-17 14:00:00,90.79
Montenegro,MNE,2023-07-17 13:00:00,2023-07-17 15:00:00,90.07
Montenegro,MNE,2023-07-17 14:00:00,2023-07-17 16:00:00,92.2
Montenegro,MNE,2023-07-17 15:00:00,2023-07-17 17:00:00,101.4
Montenegro,MNE,2023-07-17 16:00:00,2023-07-17 18:00:00,117.1
Montenegro,MNE,2023-07-17 17:00:00,2023-07-17 19:00:00,141.77
Montenegro,MNE,2023-07-17 18:00:00,2023-07-17 20:00:00,143.4
Montenegro,MNE,2023-07-17 19:00:00,2023-07-17 21:00:00,131.4
Montenegro,MNE,2023-07-17 20:00:00,2023-07-17 22:00:00,116.54
Montenegro,MNE,2023-07-17 21:00:00,2023-07-17 23:00:00,107.4
Montenegro,MNE,2023-07-17 22:00:00,2023-07-18 00:00:00,108.39
Montenegro,MNE,2023-07-17 23:00:00,2023-07-18 01:00:00,104.44
Montenegro,MNE,2023-07-18 00:00:00,2023-07-18 02:00:00,103.78
Montenegro,MNE,2023-07-18 01:00:00,2023-07-18 03:00:00,100.06
Montenegro,MNE,2023-07-18 02:00:00,2023-07-18 04:00:00,97.91
Montenegro,MNE,2023-07-18 03:00:00,2023-07-18 05:00:00,97.85
Montenegro,MNE,2023-07-18 04:00:00,2023-07-18 06:00:00,113.99
Montenegro,MNE,2023-07-18 05:00:00,2023-07-18 07:00:00,125.01
Montenegro,MNE,2023-07-18 06:00:00,2023-07-18 08:00:00,118.94
Montenegro,MNE,2023-07-18 07:00:00,2023-07-18 09:00:00,104.74
Montenegro,MNE,2023-07-18 08:00:00,2023-07-18 10:00:00,104.12
Montenegro,MNE,2023-07-18 09:00:00,2023-07-18 11:00:00,100.06
Montenegro,MNE,2023-07-18 10:00:00,2023-07-18 12:00:00,100.06
Montenegro,MNE,2023-07-18 11:00:00,2023-07-18 13:00:00,100.06
Montenegro,MNE,2023-07-18 12:00:00,2023-07-18 14:00:00,100.03
Montenegro,MNE,2023-07-18 13:00:00,2023-07-18 15:00:00,100.09
Montenegro,MNE,2023-07-18 14:00:00,2023-07-18 16:00:00,102.39
Montenegro,MNE,2023-07-18 15:00:00,2023-07-18 17:00:00,132.05
Montenegro,MNE,2023-07-18 16:00:00,2023-07-18 18:00:00,140.22
Montenegro,MNE,2023-07-18 17:00:00,2023-07-18 19:00:00,176.43
Montenegro,MNE,2023-07-18 18:00:00,2023-07-18 20:00:00,185.66
Montenegro,MNE,2023-07-18 19:00:00,2023-07-18 21:00:00,181.05
Montenegro,MNE,2023-07-18 20:00:00,2023-07-18 22:00:00,139.86
Montenegro,MNE,2023-07-18 21:00:00,2023-07-18 23:00:00,128.53
Montenegro,MNE,2023-07-18 22:00:00,2023-07-19 00:00:00,109.11
Montenegro,MNE,2023-07-18 23:00:00,2023-07-19 01:00:00,100.48
Montenegro,MNE,2023-07-19 00:00:00,2023-07-19 02:00:00,97.57
Montenegro,MNE,2023-07-19 01:00:00,2023-07-19 03:00:00,97.27
Montenegro,MNE,2023-07-19 02:00:00,2023-07-19 04:00:00,97.87
Montenegro,MNE,2023-07-19 03:00:00,2023-07-19 05:00:00,100.67
Montenegro,MNE,2023-07-19 04:00:00,2023-07-19 06:00:00,112.14
Montenegro,MNE,2023-07-19 05:00:00,2023-07-19 07:00:00,120.62
Montenegro,MNE,2023-07-19 06:00:00,2023-07-19 08:00:00,115.58
Montenegro,MNE,2023-07-19 07:00:00,2023-07-19 09:00:00,101.57
Montenegro,MNE,2023-07-19 08:00:00,2023-07-19 10:00:00,100.09
Montenegro,MNE,2023-07-19 09:00:00,2023-07-19 11:00:00,100.09
Montenegro,MNE,2023-07-19 10:00:00,2023-07-19 12:00:00,100.06
Montenegro,MNE,2023-07-19 11:00:00,2023-07-19 13:00:00,99.67
Montenegro,MNE,2023-07-19 12:00:00,2023-07-19 14:00:00,101.48
Montenegro,MNE,2023-07-19 13:00:00,2023-07-19 15:00:00,102.89
Montenegro,MNE,2023-07-19 14:00:00,2023-07-19 16:00:00,118.25
Montenegro,MNE,2023-07-19 15:00:00,2023-07-19 17:00:00,134.48
Montenegro,MNE,2023-07-19 16:00:00,2023-07-19 18:00:00,154.73
Montenegro,MNE,2023-07-19 17:00:00,2023-07-19 19:00:00,170.44
Montenegro,MNE,2023-07-19 18:00:00,2023-07-19 20:00:00,180.11
Montenegro,MNE,2023-07-19 19:00:00,2023-07-19 21:00:00,159.96
Montenegro,MNE,2023-07-19 20:00:00,2023-07-19 22:00:00,143.24
Montenegro,MNE,2023-07-19 21:00:00,2023-07-19 23:00:00,123.92
Montenegro,MNE,2023-07-19 22:00:00,2023-07-20 00:00:00,118.08
Montenegro,MNE,2023-07-19 23:00:00,2023-07-20 01:00:00,104.33
Montenegro,MNE,2023-07-20 00:00:00,2023-07-20 02:00:00,100.19
Montenegro,MNE,2023-07-20 01:00:00,2023-07-20 03:00:00,100.03
Montenegro,MNE,2023-07-20 02:00:00,2023-07-20 04:00:00,100.06
Montenegro,MNE,2023-07-20 03:00:00,2023-07-20 05:00:00,104.12
Montenegro,MNE,2023-07-20 04:00:00,2023-07-20 06:00:00,105.06
Montenegro,MNE,2023-07-20 05:00:00,2023-07-20 07:00:00,116.06
Montenegro,MNE,2023-07-20 06:00:00,2023-07-20 08:00:00,112.08
Montenegro,MNE,2023-07-20 07:00:00,2023-07-20 09:00:00,115.46
Montenegro,MNE,2023-07-20 08:00:00,2023-07-20 10:00:00,106.46
Montenegro,MNE,2023-07-20 09:00:00,2023-07-20 11:00:00,105.16
Montenegro,MNE,2023-07-20 10:00:00,2023-07-20 12:00:00,104.82
Montenegro,MNE,2023-07-20 11:00:00,2023-07-20 13:00:00,108.39
Montenegro,MNE,2023-07-20 12:00:00,2023-07-20 14:00:00,115.97
Montenegro,MNE,2023-07-20 13:00:00,2023-07-20 15:00:00,118.95
Montenegro,MNE,2023-07-20 14:00:00,2023-07-20 16:00:00,132.76
Montenegro,MNE,2023-07-20 15:00:00,2023-07-20 17:00:00,139.9
Montenegro,MNE,2023-07-20 16:00:00,2023-07-20 18:00:00,174.19
Montenegro,MNE,2023-07-20 17:00:00,2023-07-20 19:00:00,187.68
Montenegro,MNE,2023-07-20 18:00:00,2023-07-20 20:00:00,195.02
Montenegro,MNE,2023-07-20 19:00:00,2023-07-20 21:00:00,176.38
Montenegro,MNE,2023-07-20 20:00:00,2023-07-20 22:00:00,153.39
Montenegro,MNE,2023-07-20 21:00:00,2023-07-20 23:00:00,138.64
Montenegro,MNE,2023-07-20 22:00:00,2023-07-21 00:00:00,112.39
Montenegro,MNE,2023-07-20 23:00:00,2023-07-21 01:00:00,102.79
Montenegro,MNE,2023-07-21 00:00:00,2023-07-21 02:00:00,97.79
Montenegro,MNE,2023-07-21 01:00:00,2023-07-21 03:00:00,97.09
Montenegro,MNE,2023-07-21 02:00:00,2023-07-21 04:00:00,97.89
Montenegro,MNE,2023-07-21 03:00:00,2023-07-21 05:00:00,102.79
Montenegro,MNE,2023-07-21 04:00:00,2023-07-21 06:00:00,120.85
Montenegro,MNE,2023-07-21 05:00:00,2023-07-21 07:00:00,120.25
Montenegro,MNE,2023-07-21 06:00:00,2023-07-21 08:00:00,114.92
Montenegro,MNE,2023-07-21 07:00:00,2023-07-21 09:00:00,109.69
Montenegro,MNE,2023-07-21 08:00:00,2023-07-21 10:00:00,110.09
Montenegro,MNE,2023-07-21 09:00:00,2023-07-21 11:00:00,111.47
Montenegro,MNE,2023-07-21 10:00:00,2023-07-21 12:00:00,108.51
Montenegro,MNE,2023-07-21 11:00:00,2023-07-21 13:00:00,110.01
Montenegro,MNE,2023-07-21 12:00:00,2023-07-21 14:00:00,111.61
Montenegro,MNE,2023-07-21 13:00:00,2023-07-21 15:00:00,112.49
Montenegro,MNE,2023-07-21 14:00:00,2023-07-21 16:00:00,121.96
Montenegro,MNE,2023-07-21 15:00:00,2023-07-21 17:00:00,125.67
Montenegro,MNE,2023-07-21 16:00:00,2023-07-21 18:00:00,160.61
Montenegro,MNE,2023-07-21 17:00:00,2023-07-21 19:00:00,172.55
Montenegro,MNE,2023-07-21 18:00:00,2023-07-21 20:00:00,186.25
Montenegro,MNE,2023-07-21 19:00:00,2023-07-21 21:00:00,182.85
Montenegro,MNE,2023-07-21 20:00:00,2023-07-21 22:00:00,132.65
Montenegro,MNE,2023-07-21 21:00:00,2023-07-21 23:00:00,110.92
Montenegro,MNE,2023-07-21 22:00:00,2023-07-22 00:00:00,116.56
Montenegro,MNE,2023-07-21 23:00:00,2023-07-22 01:00:00,111.26
Montenegro,MNE,2023-07-22 00:00:00,2023-07-22 02:00:00,104.51
Montenegro,MNE,2023-07-22 01:00:00,2023-07-22 03:00:00,95.96
Montenegro,MNE,2023-07-22 02:00:00,2023-07-22 04:00:00,97.91
Montenegro,MNE,2023-07-22 03:00:00,2023-07-22 05:00:00,97.95
Montenegro,MNE,2023-07-22 04:00:00,2023-07-22 06:00:00,104.34
Montenegro,MNE,2023-07-22 05:00:00,2023-07-22 07:00:00,104.69
Montenegro,MNE,2023-07-22 06:00:00,2023-07-22 08:00:00,104.88
Montenegro,MNE,2023-07-22 07:00:00,2023-07-22 09:00:00,110.0
Montenegro,MNE,2023-07-22 08:00:00,2023-07-22 10:00:00,105.02
Montenegro,MNE,2023-07-22 09:00:00,2023-07-22 11:00:00,101.04
Montenegro,MNE,2023-07-22 10:00:00,2023-07-22 12:00:00,100.93
Montenegro,MNE,2023-07-22 11:00:00,2023-07-22 13:00:00,97.63
Montenegro,MNE,2023-07-22 12:00:00,2023-07-22 14:00:00,97.29
Montenegro,MNE,2023-07-22 13:00:00,2023-07-22 15:00:00,101.3
Montenegro,MNE,2023-07-22 14:00:00,2023-07-22 16:00:00,101.02
Montenegro,MNE,2023-07-22 15:00:00,2023-07-22 17:00:00,110.1
Montenegro,MNE,2023-07-22 16:00:00,2023-07-22 18:00:00,125.82
Montenegro,MNE,2023-07-22 17:00:00,2023-07-22 19:00:00,153.58
Montenegro,MNE,2023-07-22 18:00:00,2023-07-22 20:00:00,158.86
Montenegro,MNE,2023-07-22 19:00:00,2023-07-22 21:00:00,153.62
Montenegro,MNE,2023-07-22 20:00:00,2023-07-22 22:00:00,132.98
Montenegro,MNE,2023-07-22 21:00:00,2023-07-22 23:00:00,116.58
Montenegro,MNE,2023-07-22 22:00:00,2023-07-23 00:00:00,118.86
Montenegro,MNE,2023-07-22 23:00:00,2023-07-23 01:00:00,160.07
Montenegro,MNE,2023-07-23 00:00:00,2023-07-23 02:00:00,110.03
Montenegro,MNE,2023-07-23 01:00:00,2023-07-23 03:00:00,93.54
Montenegro,MNE,2023-07-23 02:00:00,2023-07-23 04:00:00,104.83
Montenegro,MNE,2023-07-23 03:00:00,2023-07-23 05:00:00,97.61
Montenegro,MNE,2023-07-23 04:00:00,2023-07-23 06:00:00,104.88
Montenegro,MNE,2023-07-23 05:00:00,2023-07-23 07:00:00,105.0
Montenegro,MNE,2023-07-23 06:00:00,2023-07-23 08:00:00,88.27
Montenegro,MNE,2023-07-23 07:00:00,2023-07-23 09:00:00,97.48
Montenegro,MNE,2023-07-23 08:00:00,2023-07-23 10:00:00,89.74
Montenegro,MNE,2023-07-23 09:00:00,2023-07-23 11:00:00,85.6
Montenegro,MNE,2023-07-23 10:00:00,2023-07-23 12:00:00,86.56
Montenegro,MNE,2023-07-23 11:00:00,2023-07-23 13:00:00,80.58
Montenegro,MNE,2023-07-23 12:00:00,2023-07-23 14:00:00,110.01
Montenegro,MNE,2023-07-23 13:00:00,2023-07-23 15:00:00,94.54
Montenegro,MNE,2023-07-23 14:00:00,2023-07-23 16:00:00,110.02
Montenegro,MNE,2023-07-23 15:00:00,2023-07-23 17:00:00,111.4
Montenegro,MNE,2023-07-23 16:00:00,2023-07-23 18:00:00,125.42
Montenegro,MNE,2023-07-23 17:00:00,2023-07-23 19:00:00,153.48
Montenegro,MNE,2023-07-23 18:00:00,2023-07-23 20:00:00,188.97
Montenegro,MNE,2023-07-23 19:00:00,2023-07-23 21:00:00,188.45
Montenegro,MNE,2023-07-23 20:00:00,2023-07-23 22:00:00,139.76
Montenegro,MNE,2023-07-23 21:00:00,2023-07-23 23:00:00,129.91
Montenegro,MNE,2023-07-23 22:00:00,2023-07-24 00:00:00,111.64
Montenegro,MNE,2023-07-23 23:00:00,2023-07-24 01:00:00,131.23
Montenegro,MNE,2023-07-24 00:00:00,2023-07-24 02:00:00,90.94
Montenegro,MNE,2023-07-24 01:00:00,2023-07-24 03:00:00,83.61
Montenegro,MNE,2023-07-24 02:00:00,2023-07-24 04:00:00,83.58
Montenegro,MNE,2023-07-24 03:00:00,2023-07-24 05:00:00,95.95
Montenegro,MNE,2023-07-24 04:00:00,2023-07-24 06:00:00,104.35
Montenegro,MNE,2023-07-24 05:00:00,2023-07-24 07:00:00,118.22
Montenegro,MNE,2023-07-24 06:00:00,2023-07-24 08:00:00,111.26
Montenegro,MNE,2023-07-24 07:00:00,2023-07-24 09:00:00,110.08
Montenegro,MNE,2023-07-24 08:00:00,2023-07-24 10:00:00,110.03
Montenegro,MNE,2023-07-24 09:00:00,2023-07-24 11:00:00,111.53
Montenegro,MNE,2023-07-24 10:00:00,2023-07-24 12:00:00,110.1
Montenegro,MNE,2023-07-24 11:00:00,2023-07-24 13:00:00,110.1
Montenegro,MNE,2023-07-24 12:00:00,2023-07-24 14:00:00,111.95
Montenegro,MNE,2023-07-24 13:00:00,2023-07-24 15:00:00,112.95
Montenegro,MNE,2023-07-24 14:00:00,2023-07-24 16:00:00,118.95
Montenegro,MNE,2023-07-24 15:00:00,2023-07-24 17:00:00,119.47
Montenegro,MNE,2023-07-24 16:00:00,2023-07-24 18:00:00,129.97
Montenegro,MNE,2023-07-24 17:00:00,2023-07-24 19:00:00,158.27
Montenegro,MNE,2023-07-24 18:00:00,2023-07-24 20:00:00,167.53
Montenegro,MNE,2023-07-24 19:00:00,2023-07-24 21:00:00,148.73
Montenegro,MNE,2023-07-24 20:00:00,2023-07-24 22:00:00,118.31
Montenegro,MNE,2023-07-24 21:00:00,2023-07-24 23:00:00,108.18
Montenegro,MNE,2023-07-24 22:00:00,2023-07-25 00:00:00,111.95
Montenegro,MNE,2023-07-24 23:00:00,2023-07-25 01:00:00,104.33
Montenegro,MNE,2023-07-25 00:00:00,2023-07-25 02:00:00,104.49
Montenegro,MNE,2023-07-25 01:00:00,2023-07-25 03:00:00,97.18
Montenegro,MNE,2023-07-25 02:00:00,2023-07-25 04:00:00,90.61
Montenegro,MNE,2023-07-25 03:00:00,2023-07-25 05:00:00,97.37
Montenegro,MNE,2023-07-25 04:00:00,2023-07-25 06:00:00,108.86
Montenegro,MNE,2023-07-25 05:00:00,2023-07-25 07:00:00,121.63
Montenegro,MNE,2023-07-25 06:00:00,2023-07-25 08:00:00,114.49
Montenegro,MNE,2023-07-25 07:00:00,2023-07-25 09:00:00,112.05
Montenegro,MNE,2023-07-25 08:00:00,2023-07-25 10:00:00,107.05
Montenegro,MNE,2023-07-25 09:00:00,2023-07-25 11:00:00,104.91
Montenegro,MNE,2023-07-25 10:00:00,2023-07-25 12:00:00,104.03
Montenegro,MNE,2023-07-25 11:00:00,2023-07-25 13:00:00,102.09
Montenegro,MNE,2023-07-25 12:00:00,2023-07-25 14:00:00,104.78
Montenegro,MNE,2023-07-25 13:00:00,2023-07-25 15:00:00,110.08
Montenegro,MNE,2023-07-25 14:00:00,2023-07-25 16:00:00,111.77
Montenegro,MNE,2023-07-25 15:00:00,2023-07-25 17:00:00,132.46
Montenegro,MNE,2023-07-25 16:00:00,2023-07-25 18:00:00,159.84
Montenegro,MNE,2023-07-25 17:00:00,2023-07-25 19:00:00,154.16
Montenegro,MNE,2023-07-25 18:00:00,2023-07-25 20:00:00,169.22
Montenegro,MNE,2023-07-25 19:00:00,2023-07-25 21:00:00,147.55
Montenegro,MNE,2023-07-25 20:00:00,2023-07-25 22:00:00,129.96
Montenegro,MNE,2023-07-25 21:00:00,2023-07-25 23:00:00,125.42
Montenegro,MNE,2023-07-25 22:00:00,2023-07-26 00:00:00,97.14
Montenegro,MNE,2023-07-25 23:00:00,2023-07-26 01:00:00,90.75
Montenegro,MNE,2023-07-26 00:00:00,2023-07-26 02:00:00,86.42
Montenegro,MNE,2023-07-26 01:00:00,2023-07-26 03:00:00,81.07
Montenegro,MNE,2023-07-26 02:00:00,2023-07-26 04:00:00,83.02
Montenegro,MNE,2023-07-26 03:00:00,2023-07-26 05:00:00,87.1
Montenegro,MNE,2023-07-26 04:00:00,2023-07-26 06:00:00,101.92
Montenegro,MNE,2023-07-26 05:00:00,2023-07-26 07:00:00,113.09
Montenegro,MNE,2023-07-26 06:00:00,2023-07-26 08:00:00,112.99
Montenegro,MNE,2023-07-26 07:00:00,2023-07-26 09:00:00,104.82
Montenegro,MNE,2023-07-26 08:00:00,2023-07-26 10:00:00,109.39
Montenegro,MNE,2023-07-26 09:00:00,2023-07-26 11:00:00,110.0
Montenegro,MNE,2023-07-26 10:00:00,2023-07-26 12:00:00,97.28
Montenegro,MNE,2023-07-26 11:00:00,2023-07-26 13:00:00,99.89
Montenegro,MNE,2023-07-26 12:00:00,2023-07-26 14:00:00,102.24
Montenegro,MNE,2023-07-26 13:00:00,2023-07-26 15:00:00,110.05
Montenegro,MNE,2023-07-26 14:00:00,2023-07-26 16:00:00,110.08
Montenegro,MNE,2023-07-26 15:00:00,2023-07-26 17:00:00,108.59
Montenegro,MNE,2023-07-26 16:00:00,2023-07-26 18:00:00,128.21
Montenegro,MNE,2023-07-26 17:00:00,2023-07-26 19:00:00,134.02
Montenegro,MNE,2023-07-26 18:00:00,2023-07-26 20:00:00,137.92
Montenegro,MNE,2023-07-26 19:00:00,2023-07-26 21:00:00,130.14
Montenegro,MNE,2023-07-26 20:00:00,2023-07-26 22:00:00,113.19
Montenegro,MNE,2023-07-26 21:00:00,2023-07-26 23:00:00,104.33
Montenegro,MNE,2023-07-26 22:00:00,2023-07-27 00:00:00,108.17
Montenegro,MNE,2023-07-26 23:00:00,2023-07-27 01:00:00,97.75
Montenegro,MNE,2023-07-27 00:00:00,2023-07-27 02:00:00,90.63
Montenegro,MNE,2023-07-27 01:00:00,2023-07-27 03:00:00,89.32
Montenegro,MNE,2023-07-27 02:00:00,2023-07-27 04:00:00,84.59
Montenegro,MNE,2023-07-27 03:00:00,2023-07-27 05:00:00,90.02
Montenegro,MNE,2023-07-27 04:00:00,2023-07-27 06:00:00,104.15
Montenegro,MNE,2023-07-27 05:00:00,2023-07-27 07:00:00,114.85
Montenegro,MNE,2023-07-27 06:00:00,2023-07-27 08:00:00,115.89
Montenegro,MNE,2023-07-27 07:00:00,2023-07-27 09:00:00,108.89
Montenegro,MNE,2023-07-27 08:00:00,2023-07-27 10:00:00,104.36
Montenegro,MNE,2023-07-27 09:00:00,2023-07-27 11:00:00,103.92
Montenegro,MNE,2023-07-27 10:00:00,2023-07-27 12:00:00,103.62
Montenegro,MNE,2023-07-27 11:00:00,2023-07-27 13:00:00,103.76
Montenegro,MNE,2023-07-27 12:00:00,2023-07-27 14:00:00,104.55
Montenegro,MNE,2023-07-27 13:00:00,2023-07-27 15:00:00,110.02
Montenegro,MNE,2023-07-27 14:00:00,2023-07-27 16:00:00,111.67
Montenegro,MNE,2023-07-27 15:00:00,2023-07-27 17:00:00,118.11
Montenegro,MNE,2023-07-27 16:00:00,2023-07-27 18:00:00,127.49
Montenegro,MNE,2023-07-27 17:00:00,2023-07-27 19:00:00,145.23
Montenegro,MNE,2023-07-27 18:00:00,2023-07-27 20:00:00,160.42
Montenegro,MNE,2023-07-27 19:00:00,2023-07-27 21:00:00,146.86
Montenegro,MNE,2023-07-27 20:00:00,2023-07-27 22:00:00,120.79
Montenegro,MNE,2023-07-27 21:00:00,2023-07-27 23:00:00,111.13
Montenegro,MNE,2023-07-27 22:00:00,2023-07-28 00:00:00,108.05
Montenegro,MNE,2023-07-27 23:00:00,2023-07-28 01:00:00,91.54
Montenegro,MNE,2023-07-28 00:00:00,2023-07-28 02:00:00,86.89
Montenegro,MNE,2023-07-28 01:00:00,2023-07-28 03:00:00,86.27
Montenegro,MNE,2023-07-28 02:00:00,2023-07-28 04:00:00,87.43
Montenegro,MNE,2023-07-28 03:00:00,2023-07-28 05:00:00,95.61
Montenegro,MNE,2023-07-28 04:00:00,2023-07-28 06:00:00,105.42
Montenegro,MNE,2023-07-28 05:00:00,2023-07-28 07:00:00,112.39
Montenegro,MNE,2023-07-28 06:00:00,2023-07-28 08:00:00,112.02
Montenegro,MNE,2023-07-28 07:00:00,2023-07-28 09:00:00,105.52
Montenegro,MNE,2023-07-28 08:00:00,2023-07-28 10:00:00,104.98
Montenegro,MNE,2023-07-28 09:00:00,2023-07-28 11:00:00,104.37
Montenegro,MNE,2023-07-28 10:00:00,2023-07-28 12:00:00,90.86
Montenegro,MNE,2023-07-28 11:00:00,2023-07-28 13:00:00,95.19
Montenegro,MNE,2023-07-28 12:00:00,2023-07-28 14:00:00,98.67
Montenegro,MNE,2023-07-28 13:00:00,2023-07-28 15:00:00,106.57
Montenegro,MNE,2023-07-28 14:00:00,2023-07-28 16:00:00,109.61
Montenegro,MNE,2023-07-28 15:00:00,2023-07-28 17:00:00,112.69
Montenegro,MNE,2023-07-28 16:00:00,2023-07-28 18:00:00,129.98
Montenegro,MNE,2023-07-28 17:00:00,2023-07-28 19:00:00,152.96
Montenegro,MNE,2023-07-28 18:00:00,2023-07-28 20:00:00,159.72
Montenegro,MNE,2023-07-28 19:00:00,2023-07-28 21:00:00,145.72
Montenegro,MNE,2023-07-28 20:00:00,2023-07-28 22:00:00,128.31
Montenegro,MNE,2023-07-28 21:00:00,2023-07-28 23:00:00,112.24
Montenegro,MNE,2023-07-28 22:00:00,2023-07-29 00:00:00,15.01
Montenegro,MNE,2023-07-28 23:00:00,2023-07-29 01:00:00,0.93
Montenegro,MNE,2023-07-29 00:00:00,2023-07-29 02:00:00,0.92
Montenegro,MNE,2023-07-29 01:00:00,2023-07-29 03:00:00,0.92
Montenegro,MNE,2023-07-29 02:00:00,2023-07-29 04:00:00,0.94
Montenegro,MNE,2023-07-29 03:00:00,2023-07-29 05:00:00,0.94
Montenegro,MNE,2023-07-29 04:00:00,2023-07-29 06:00:00,0.93
Montenegro,MNE,2023-07-29 05:00:00,2023-07-29 07:00:00,104.26
Montenegro,MNE,2023-07-29 06:00:00,2023-07-29 08:00:00,104.49
Montenegro,MNE,2023-07-29 07:00:00,2023-07-29 09:00:00,98.96
Montenegro,MNE,2023-07-29 08:00:00,2023-07-29 10:00:00,95.91
Montenegro,MNE,2023-07-29 09:00:00,2023-07-29 11:00:00,90.79
Montenegro,MNE,2023-07-29 10:00:00,2023-07-29 12:00:00,90.76
Montenegro,MNE,2023-07-29 11:00:00,2023-07-29 13:00:00,90.08
Montenegro,MNE,2023-07-29 12:00:00,2023-07-29 14:00:00,90.09
Montenegro,MNE,2023-07-29 13:00:00,2023-07-29 15:00:00,90.09
Montenegro,MNE,2023-07-29 14:00:00,2023-07-29 16:00:00,96.92
Montenegro,MNE,2023-07-29 15:00:00,2023-07-29 17:00:00,104.62
Montenegro,MNE,2023-07-29 16:00:00,2023-07-29 18:00:00,111.85
Montenegro,MNE,2023-07-29 17:00:00,2023-07-29 19:00:00,129.97
Montenegro,MNE,2023-07-29 18:00:00,2023-07-29 20:00:00,15.0
Montenegro,MNE,2023-07-29 19:00:00,2023-07-29 21:00:00,15.09
Montenegro,MNE,2023-07-29 20:00:00,2023-07-29 22:00:00,90.1
Montenegro,MNE,2023-07-29 21:00:00,2023-07-29 23:00:00,90.08
Montenegro,MNE,2023-07-29 22:00:00,2023-07-30 00:00:00,107.99
Montenegro,MNE,2023-07-29 23:00:00,2023-07-30 01:00:00,104.49
Montenegro,MNE,2023-07-30 00:00:00,2023-07-30 02:00:00,90.86
Montenegro,MNE,2023-07-30 01:00:00,2023-07-30 03:00:00,90.54
Montenegro,MNE,2023-07-30 02:00:00,2023-07-30 04:00:00,90.5
Montenegro,MNE,2023-07-30 03:00:00,2023-07-30 05:00:00,90.47
Montenegro,MNE,2023-07-30 04:00:00,2023-07-30 06:00:00,89.96
Montenegro,MNE,2023-07-30 05:00:00,2023-07-30 07:00:00,83.85
Montenegro,MNE,2023-07-30 06:00:00,2023-07-30 08:00:00,86.83
Montenegro,MNE,2023-07-30 07:00:00,2023-07-30 09:00:00,86.43
Montenegro,MNE,2023-07-30 08:00:00,2023-07-30 10:00:00,78.92
Montenegro,MNE,2023-07-30 09:00:00,2023-07-30 11:00:00,70.06
Montenegro,MNE,2023-07-30 10:00:00,2023-07-30 12:00:00,71.03
Montenegro,MNE,2023-07-30 11:00:00,2023-07-30 13:00:00,71.03
Montenegro,MNE,2023-07-30 12:00:00,2023-07-30 14:00:00,70.06
Montenegro,MNE,2023-07-30 13:00:00,2023-07-30 15:00:00,70.93
Montenegro,MNE,2023-07-30 14:00:00,2023-07-30 16:00:00,70.06
Montenegro,MNE,2023-07-30 15:00:00,2023-07-30 17:00:00,86.88
Montenegro,MNE,2023-07-30 16:00:00,2023-07-30 18:00:00,97.61
Montenegro,MNE,2023-07-30 17:00:00,2023-07-30 19:00:00,111.52
Montenegro,MNE,2023-07-30 18:00:00,2023-07-30 20:00:00,132.97
Montenegro,MNE,2023-07-30 19:00:00,2023-07-30 21:00:00,132.97
Montenegro,MNE,2023-07-30 20:00:00,2023-07-30 22:00:00,118.33
Montenegro,MNE,2023-07-30 21:00:00,2023-07-30 23:00:00,104.93
Montenegro,MNE,2023-07-30 22:00:00,2023-07-31 00:00:00,99.93
Montenegro,MNE,2023-07-30 23:00:00,2023-07-31 01:00:00,94.94
Montenegro,MNE,2023-07-31 00:00:00,2023-07-31 02:00:00,90.09
Montenegro,MNE,2023-07-31 01:00:00,2023-07-31 03:00:00,77.42
Montenegro,MNE,2023-07-31 02:00:00,2023-07-31 04:00:00,74.18
Montenegro,MNE,2023-07-31 03:00:00,2023-07-31 05:00:00,90.2
Montenegro,MNE,2023-07-31 04:00:00,2023-07-31 06:00:00,90.13
Montenegro,MNE,2023-07-31 05:00:00,2023-07-31 07:00:00,97.7
Montenegro,MNE,2023-07-31 06:00:00,2023-07-31 08:00:00,104.49
Montenegro,MNE,2023-07-31 07:00:00,2023-07-31 09:00:00,99.25
Montenegro,MNE,2023-07-31 08:00:00,2023-07-31 10:00:00,98.45
Montenegro,MNE,2023-07-31 09:00:00,2023-07-31 11:00:00,99.98
Montenegro,MNE,2023-07-31 10:00:00,2023-07-31 12:00:00,96.94
Montenegro,MNE,2023-07-31 11:00:00,2023-07-31 13:00:00,97.01
Montenegro,MNE,2023-07-31 12:00:00,2023-07-31 14:00:00,99.96
Montenegro,MNE,2023-07-31 13:00:00,2023-07-31 15:00:00,99.94
Montenegro,MNE,2023-07-31 14:00:00,2023-07-31 16:00:00,102.99
Montenegro,MNE,2023-07-31 15:00:00,2023-07-31 17:00:00,104.99
Montenegro,MNE,2023-07-31 16:00:00,2023-07-31 18:00:00,125.38
Montenegro,MNE,2023-07-31 17:00:00,2023-07-31 19:00:00,132.45
Montenegro,MNE,2023-07-31 18:00:00,2023-07-31 20:00:00,143.13
Montenegro,MNE,2023-07-31 19:00:00,2023-07-31 21:00:00,139.48
Montenegro,MNE,2023-07-31 20:00:00,2023-07-31 22:00:00,111.74
Montenegro,MNE,2023-07-31 21:00:00,2023-07-31 23:00:00,107.82
Montenegro,MNE,2023-07-31 22:00:00,2023-08-01 00:00:00,104.41
Montenegro,MNE,2023-07-31 23:00:00,2023-08-01 01:00:00,90.1
Montenegro,MNE,2023-08-01 00:00:00,2023-08-01 02:00:00,85.8
Montenegro,MNE,2023-08-01 01:00:00,2023-08-01 03:00:00,83.14
Montenegro,MNE,2023-08-01 02:00:00,2023-08-01 04:00:00,85.04
Montenegro,MNE,2023-08-01 03:00:00,2023-08-01 05:00:00,86.64
Montenegro,MNE,2023-08-01 04:00:00,2023-08-01 06:00:00,97.12
Montenegro,MNE,2023-08-01 05:00:00,2023-08-01 07:00:00,101.17
Montenegro,MNE,2023-08-01 06:00:00,2023-08-01 08:00:00,104.2
Montenegro,MNE,2023-08-01 07:00:00,2023-08-01 09:00:00,94.8
Montenegro,MNE,2023-08-01 08:00:00,2023-08-01 10:00:00,93.21
Montenegro,MNE,2023-08-01 09:00:00,2023-08-01 11:00:00,97.46
Montenegro,MNE,2023-08-01 10:00:00,2023-08-01 12:00:00,93.67
Montenegro,MNE,2023-08-01 11:00:00,2023-08-01 13:00:00,90.9
Montenegro,MNE,2023-08-01 12:00:00,2023-08-01 14:00:00,93.8
Montenegro,MNE,2023-08-01 13:00:00,2023-08-01 15:00:00,97.34
Montenegro,MNE,2023-08-01 14:00:00,2023-08-01 16:00:00,97.66
Montenegro,MNE,2023-08-01 15:00:00,2023-08-01 17:00:00,97.67
Montenegro,MNE,2023-08-01 16:00:00,2023-08-01 18:00:00,109.99
Montenegro,MNE,2023-08-01 17:00:00,2023-08-01 19:00:00,114.94
Montenegro,MNE,2023-08-01 18:00:00,2023-08-01 20:00:00,128.86
Montenegro,MNE,2023-08-01 19:00:00,2023-08-01 21:00:00,123.75
Montenegro,MNE,2023-08-01 20:00:00,2023-08-01 22:00:00,106.89
Montenegro,MNE,2023-08-01 21:00:00,2023-08-01 23:00:00,96.82
Montenegro,MNE,2023-08-01 22:00:00,2023-08-02 00:00:00,97.27
Montenegro,MNE,2023-08-01 23:00:00,2023-08-02 01:00:00,88.42
Montenegro,MNE,2023-08-02 00:00:00,2023-08-02 02:00:00,77.18
Montenegro,MNE,2023-08-02 01:00:00,2023-08-02 03:00:00,72.69
Montenegro,MNE,2023-08-02 02:00:00,2023-08-02 04:00:00,75.06
Montenegro,MNE,2023-08-02 03:00:00,2023-08-02 05:00:00,83.25
Montenegro,MNE,2023-08-02 04:00:00,2023-08-02 06:00:00,91.08
Montenegro,MNE,2023-08-02 05:00:00,2023-08-02 07:00:00,104.2
Montenegro,MNE,2023-08-02 06:00:00,2023-08-02 08:00:00,102.46
Montenegro,MNE,2023-08-02 07:00:00,2023-08-02 09:00:00,97.65
Montenegro,MNE,2023-08-02 08:00:00,2023-08-02 10:00:00,97.47
Montenegro,MNE,2023-08-02 09:00:00,2023-08-02 11:00:00,97.19
Montenegro,MNE,2023-08-02 10:00:00,2023-08-02 12:00:00,90.83
Montenegro,MNE,2023-08-02 11:00:00,2023-08-02 13:00:00,90.72
Montenegro,MNE,2023-08-02 12:00:00,2023-08-02 14:00:00,92.8
Montenegro,MNE,2023-08-02 13:00:00,2023-08-02 15:00:00,97.47
Montenegro,MNE,2023-08-02 14:00:00,2023-08-02 16:00:00,97.95
Montenegro,MNE,2023-08-02 15:00:00,2023-08-02 17:00:00,104.73
Montenegro,MNE,2023-08-02 16:00:00,2023-08-02 18:00:00,115.04
Montenegro,MNE,2023-08-02 17:00:00,2023-08-02 19:00:00,133.94
Montenegro,MNE,2023-08-02 18:00:00,2023-08-02 20:00:00,127.99
Montenegro,MNE,2023-08-02 19:00:00,2023-08-02 21:00:00,119.99
Montenegro,MNE,2023-08-02 20:00:00,2023-08-02 22:00:00,111.48
Montenegro,MNE,2023-08-02 21:00:00,2023-08-02 23:00:00,104.63
Montenegro,MNE,2023-08-02 22:00:00,2023-08-03 00:00:00,97.75
Montenegro,MNE,2023-08-02 23:00:00,2023-08-03 01:00:00,90.18
Montenegro,MNE,2023-08-03 00:00:00,2023-08-03 02:00:00,84.7
Montenegro,MNE,2023-08-03 01:00:00,2023-08-03 03:00:00,81.35
Montenegro,MNE,2023-08-03 02:00:00,2023-08-03 04:00:00,82.63
Montenegro,MNE,2023-08-03 03:00:00,2023-08-03 05:00:00,81.21
Montenegro,MNE,2023-08-03 04:00:00,2023-08-03 06:00:00,84.48
Montenegro,MNE,2023-08-03 05:00:00,2023-08-03 07:00:00,111.32
Montenegro,MNE,2023-08-03 06:00:00,2023-08-03 08:00:00,111.63
Montenegro,MNE,2023-08-03 07:00:00,2023-08-03 09:00:00,104.75
Montenegro,MNE,2023-08-03 08:00:00,2023-08-03 10:00:00,102.69
Montenegro,MNE,2023-08-03 09:00:00,2023-08-03 11:00:00,101.41
Montenegro,MNE,2023-08-03 10:00:00,2023-08-03 12:00:00,97.6
Montenegro,MNE,2023-08-03 11:00:00,2023-08-03 13:00:00,96.58
Montenegro,MNE,2023-08-03 12:00:00,2023-08-03 14:00:00,104.59
Montenegro,MNE,2023-08-03 13:00:00,2023-08-03 15:00:00,104.38
Montenegro,MNE,2023-08-03 14:00:00,2023-08-03 16:00:00,104.65
Montenegro,MNE,2023-08-03 15:00:00,2023-08-03 17:00:00,104.46
Montenegro,MNE,2023-08-03 16:00:00,2023-08-03 18:00:00,118.75
Montenegro,MNE,2023-08-03 17:00:00,2023-08-03 19:00:00,128.62
Montenegro,MNE,2023-08-03 18:00:00,2023-08-03 20:00:00,146.28
Montenegro,MNE,2023-08-03 19:00:00,2023-08-03 21:00:00,138.74
Montenegro,MNE,2023-08-03 20:00:00,2023-08-03 22:00:00,113.74
Montenegro,MNE,2023-08-03 21:00:00,2023-08-03 23:00:00,102.46
Montenegro,MNE,2023-08-03 22:00:00,2023-08-04 00:00:00,104.86
Montenegro,MNE,2023-08-03 23:00:00,2023-08-04 01:00:00,98.59
Montenegro,MNE,2023-08-04 00:00:00,2023-08-04 02:00:00,94.98
Montenegro,MNE,2023-08-04 01:00:00,2023-08-04 03:00:00,81.26
Montenegro,MNE,2023-08-04 02:00:00,2023-08-04 04:00:00,80.89
Montenegro,MNE,2023-08-04 03:00:00,2023-08-04 05:00:00,83.81
Montenegro,MNE,2023-08-04 04:00:00,2023-08-04 06:00:00,100.84
Montenegro,MNE,2023-08-04 05:00:00,2023-08-04 07:00:00,112.66
Montenegro,MNE,2023-08-04 06:00:00,2023-08-04 08:00:00,111.78
Montenegro,MNE,2023-08-04 07:00:00,2023-08-04 09:00:00,107.56
Montenegro,MNE,2023-08-04 08:00:00,2023-08-04 10:00:00,104.61
Montenegro,MNE,2023-08-04 09:00:00,2023-08-04 11:00:00,102.44
Montenegro,MNE,2023-08-04 10:00:00,2023-08-04 12:00:00,97.49
Montenegro,MNE,2023-08-04 11:00:00,2023-08-04 13:00:00,97.5
Montenegro,MNE,2023-08-04 12:00:00,2023-08-04 14:00:00,97.53
Montenegro,MNE,2023-08-04 13:00:00,2023-08-04 15:00:00,100.94
Montenegro,MNE,2023-08-04 14:00:00,2023-08-04 16:00:00,102.46
Montenegro,MNE,2023-08-04 15:00:00,2023-08-04 17:00:00,104.86
Montenegro,MNE,2023-08-04 16:00:00,2023-08-04 18:00:00,111.31
Montenegro,MNE,2023-08-04 17:00:00,2023-08-04 19:00:00,125.07
Montenegro,MNE,2023-08-04 18:00:00,2023-08-04 20:00:00,133.63
Montenegro,MNE,2023-08-04 19:00:00,2023-08-04 21:00:00,119.62
Montenegro,MNE,2023-08-04 20:00:00,2023-08-04 22:00:00,109.96
Montenegro,MNE,2023-08-04 21:00:00,2023-08-04 23:00:00,98.16
Montenegro,MNE,2023-08-04 22:00:00,2023-08-05 00:00:00,99.2
Montenegro,MNE,2023-08-04 23:00:00,2023-08-05 01:00:00,92.11
Montenegro,MNE,2023-08-05 00:00:00,2023-08-05 02:00:00,87.4
Montenegro,MNE,2023-08-05 01:00:00,2023-08-05 03:00:00,84.58
Montenegro,MNE,2023-08-05 02:00:00,2023-08-05 04:00:00,82.7
Montenegro,MNE,2023-08-05 03:00:00,2023-08-05 05:00:00,79.3
Montenegro,MNE,2023-08-05 04:00:00,2023-08-05 06:00:00,84.89
Montenegro,MNE,2023-08-05 05:00:00,2023-08-05 07:00:00,87.31
Montenegro,MNE,2023-08-05 06:00:00,2023-08-05 08:00:00,86.03
Montenegro,MNE,2023-08-05 07:00:00,2023-08-05 09:00:00,83.54
Montenegro,MNE,2023-08-05 08:00:00,2023-08-05 10:00:00,83.36
Montenegro,MNE,2023-08-05 09:00:00,2023-08-05 11:00:00,75.08
Montenegro,MNE,2023-08-05 10:00:00,2023-08-05 12:00:00,67.68
Montenegro,MNE,2023-08-05 11:00:00,2023-08-05 13:00:00,59.51
Montenegro,MNE,2023-08-05 12:00:00,2023-08-05 14:00:00,59.08
Montenegro,MNE,2023-08-05 13:00:00,2023-08-05 15:00:00,63.66
Montenegro,MNE,2023-08-05 14:00:00,2023-08-05 16:00:00,69.5
Montenegro,MNE,2023-08-05 15:00:00,2023-08-05 17:00:00,87.34
Montenegro,MNE,2023-08-05 16:00:00,2023-08-05 18:00:00,102.5
Montenegro,MNE,2023-08-05 17:00:00,2023-08-05 19:00:00,107.95
Montenegro,MNE,2023-08-05 18:00:00,2023-08-05 20:00:00,119.85
Montenegro,MNE,2023-08-05 19:00:00,2023-08-05 21:00:00,111.21
Montenegro,MNE,2023-08-05 20:00:00,2023-08-05 22:00:00,99.65
Montenegro,MNE,2023-08-05 21:00:00,2023-08-05 23:00:00,95.44
Montenegro,MNE,2023-08-05 22:00:00,2023-08-06 00:00:00,90.92
Montenegro,MNE,2023-08-05 23:00:00,2023-08-06 01:00:00,87.55
Montenegro,MNE,2023-08-06 00:00:00,2023-08-06 02:00:00,83.81
Montenegro,MNE,2023-08-06 01:00:00,2023-08-06 03:00:00,83.83
Montenegro,MNE,2023-08-06 02:00:00,2023-08-06 04:00:00,87.16
Montenegro,MNE,2023-08-06 03:00:00,2023-08-06 05:00:00,83.2
Montenegro,MNE,2023-08-06 04:00:00,2023-08-06 06:00:00,83.21
Montenegro,MNE,2023-08-06 05:00:00,2023-08-06 07:00:00,70.61
Montenegro,MNE,2023-08-06 06:00:00,2023-08-06 08:00:00,68.26
Montenegro,MNE,2023-08-06 07:00:00,2023-08-06 09:00:00,73.25
Montenegro,MNE,2023-08-06 08:00:00,2023-08-06 10:00:00,69.52
Montenegro,MNE,2023-08-06 09:00:00,2023-08-06 11:00:00,48.9
Montenegro,MNE,2023-08-06 10:00:00,2023-08-06 12:00:00,41.75
Montenegro,MNE,2023-08-06 11:00:00,2023-08-06 13:00:00,41.53
Montenegro,MNE,2023-08-06 12:00:00,2023-08-06 14:00:00,41.29
Montenegro,MNE,2023-08-06 13:00:00,2023-08-06 15:00:00,41.35
Montenegro,MNE,2023-08-06 14:00:00,2023-08-06 16:00:00,48.6
Montenegro,MNE,2023-08-06 15:00:00,2023-08-06 17:00:00,76.11
Montenegro,MNE,2023-08-06 16:00:00,2023-08-06 18:00:00,78.4
Montenegro,MNE,2023-08-06 17:00:00,2023-08-06 19:00:00,90.29
Montenegro,MNE,2023-08-06 18:00:00,2023-08-06 20:00:00,112.97
Montenegro,MNE,2023-08-06 19:00:00,2023-08-06 21:00:00,111.11
Montenegro,MNE,2023-08-06 20:00:00,2023-08-06 22:00:00,100.16
Montenegro,MNE,2023-08-06 21:00:00,2023-08-06 23:00:00,90.09
Montenegro,MNE,2023-08-06 22:00:00,2023-08-07 00:00:00,69.88
Montenegro,MNE,2023-08-06 23:00:00,2023-08-07 01:00:00,69.16
Montenegro,MNE,2023-08-07 00:00:00,2023-08-07 02:00:00,41.47
Montenegro,MNE,2023-08-07 01:00:00,2023-08-07 03:00:00,35.09
Montenegro,MNE,2023-08-07 02:00:00,2023-08-07 04:00:00,35.06
Montenegro,MNE,2023-08-07 03:00:00,2023-08-07 05:00:00,46.78
Montenegro,MNE,2023-08-07 04:00:00,2023-08-07 06:00:00,68.47
Montenegro,MNE,2023-08-07 05:00:00,2023-08-07 07:00:00,104.14
Montenegro,MNE,2023-08-07 06:00:00,2023-08-07 08:00:00,104.2
Montenegro,MNE,2023-08-07 07:00:00,2023-08-07 09:00:00,97.54
Montenegro,MNE,2023-08-07 08:00:00,2023-08-07 10:00:00,83.83
Montenegro,MNE,2023-08-07 09:00:00,2023-08-07 11:00:00,83.74
Montenegro,MNE,2023-08-07 10:00:00,2023-08-07 12:00:00,83.76
Montenegro,MNE,2023-08-07 11:00:00,2023-08-07 13:00:00,83.74
Montenegro,MNE,2023-08-07 12:00:00,2023-08-07 14:00:00,83.62
Montenegro,MNE,2023-08-07 13:00:00,2023-08-07 15:00:00,76.66
Montenegro,MNE,2023-08-07 14:00:00,2023-08-07 16:00:00,83.87
Montenegro,MNE,2023-08-07 15:00:00,2023-08-07 17:00:00,97.4
Montenegro,MNE,2023-08-07 16:00:00,2023-08-07 18:00:00,109.98
Montenegro,MNE,2023-08-07 17:00:00,2023-08-07 19:00:00,111.46
Montenegro,MNE,2023-08-07 18:00:00,2023-08-07 20:00:00,114.7
Montenegro,MNE,2023-08-07 19:00:00,2023-08-07 21:00:00,111.64
Montenegro,MNE,2023-08-07 20:00:00,2023-08-07 22:00:00,104.18
Montenegro,MNE,2023-08-07 21:00:00,2023-08-07 23:00:00,97.21
Montenegro,MNE,2023-08-07 22:00:00,2023-08-08 00:00:00,99.19
Montenegro,MNE,2023-08-07 23:00:00,2023-08-08 01:00:00,93.75
Montenegro,MNE,2023-08-08 00:00:00,2023-08-08 02:00:00,66.98
Montenegro,MNE,2023-08-08 01:00:00,2023-08-08 03:00:00,66.52
Montenegro,MNE,2023-08-08 02:00:00,2023-08-08 04:00:00,45.08
Montenegro,MNE,2023-08-08 03:00:00,2023-08-08 05:00:00,55.02
Montenegro,MNE,2023-08-08 04:00:00,2023-08-08 06:00:00,80.06
Montenegro,MNE,2023-08-08 05:00:00,2023-08-08 07:00:00,91.19
Montenegro,MNE,2023-08-08 06:00:00,2023-08-08 08:00:00,91.88
Montenegro,MNE,2023-08-08 07:00:00,2023-08-08 09:00:00,87.5
Montenegro,MNE,2023-08-08 08:00:00,2023-08-08 10:00:00,76.65
Montenegro,MNE,2023-08-08 09:00:00,2023-08-08 11:00:00,70.06
Montenegro,MNE,2023-08-08 10:00:00,2023-08-08 12:00:00,66.5
Montenegro,MNE,2023-08-08 11:00:00,2023-08-08 13:00:00,61.69
Montenegro,MNE,2023-08-08 12:00:00,2023-08-08 14:00:00,61.5
Montenegro,MNE,2023-08-08 13:00:00,2023-08-08 15:00:00,70.06
Montenegro,MNE,2023-08-08 14:00:00,2023-08-08 16:00:00,82.47
Montenegro,MNE,2023-08-08 15:00:00,2023-08-08 17:00:00,95.38
Montenegro,MNE,2023-08-08 16:00:00,2023-08-08 18:00:00,99.04
Montenegro,MNE,2023-08-08 17:00:00,2023-08-08 19:00:00,111.65
Montenegro,MNE,2023-08-08 18:00:00,2023-08-08 20:00:00,125.32
Montenegro,MNE,2023-08-08 19:00:00,2023-08-08 21:00:00,113.31
Montenegro,MNE,2023-08-08 20:00:00,2023-08-08 22:00:00,105.38
Montenegro,MNE,2023-08-08 21:00:00,2023-08-08 23:00:00,93.56
Montenegro,MNE,2023-08-08 22:00:00,2023-08-09 00:00:00,97.92
Montenegro,MNE,2023-08-08 23:00:00,2023-08-09 01:00:00,67.5
Montenegro,MNE,2023-08-09 00:00:00,2023-08-09 02:00:00,55.09
Montenegro,MNE,2023-08-09 01:00:00,2023-08-09 03:00:00,51.86
Montenegro,MNE,2023-08-09 02:00:00,2023-08-09 04:00:00,54.0
Montenegro,MNE,2023-08-09 03:00:00,2023-08-09 05:00:00,67.14
Montenegro,MNE,2023-08-09 04:00:00,2023-08-09 06:00:00,89.5
Montenegro,MNE,2023-08-09 05:00:00,2023-08-09 07:00:00,96.38
Montenegro,MNE,2023-08-09 06:00:00,2023-08-09 08:00:00,95.01
Montenegro,MNE,2023-08-09 07:00:00,2023-08-09 09:00:00,84.59
Montenegro,MNE,2023-08-09 08:00:00,2023-08-09 10:00:00,77.83
Montenegro,MNE,2023-08-09 09:00:00,2023-08-09 11:00:00,72.45
Montenegro,MNE,2023-08-09 10:00:00,2023-08-09 12:00:00,71.62
Montenegro,MNE,2023-08-09 11:00:00,2023-08-09 13:00:00,71.41
Montenegro,MNE,2023-08-09 12:00:00,2023-08-09 14:00:00,71.52
Montenegro,MNE,2023-08-09 13:00:00,2023-08-09 15:00:00,79.95
Montenegro,MNE,2023-08-09 14:00:00,2023-08-09 16:00:00,91.69
Montenegro,MNE,2023-08-09 15:00:00,2023-08-09 17:00:00,107.77
Montenegro,MNE,2023-08-09 16:00:00,2023-08-09 18:00:00,111.14
Montenegro,MNE,2023-08-09 17:00:00,2023-08-09 19:00:00,118.03
Montenegro,MNE,2023-08-09 18:00:00,2023-08-09 20:00:00,131.21
Montenegro,MNE,2023-08-09 19:00:00,2023-08-09 21:00:00,120.55
Montenegro,MNE,2023-08-09 20:00:00,2023-08-09 22:00:00,107.33
Montenegro,MNE,2023-08-09 21:00:00,2023-08-09 23:00:00,97.06
Montenegro,MNE,2023-08-09 22:00:00,2023-08-10 00:00:00,99.81
Montenegro,MNE,2023-08-09 23:00:00,2023-08-10 01:00:00,91.74
Montenegro,MNE,2023-08-10 00:00:00,2023-08-10 02:00:00,87.74
Montenegro,MNE,2023-08-10 01:00:00,2023-08-10 03:00:00,83.78
Montenegro,MNE,2023-08-10 02:00:00,2023-08-10 04:00:00,83.98
Montenegro,MNE,2023-08-10 03:00:00,2023-08-10 05:00:00,95.86
Montenegro,MNE,2023-08-10 04:00:00,2023-08-10 06:00:00,100.08
Montenegro,MNE,2023-08-10 05:00:00,2023-08-10 07:00:00,118.18
Montenegro,MNE,2023-08-10 06:00:00,2023-08-10 08:00:00,111.71
Montenegro,MNE,2023-08-10 07:00:00,2023-08-10 09:00:00,95.84
Montenegro,MNE,2023-08-10 08:00:00,2023-08-10 10:00:00,91.55
Montenegro,MNE,2023-08-10 09:00:00,2023-08-10 11:00:00,83.63
Montenegro,MNE,2023-08-10 10:00:00,2023-08-10 12:00:00,75.67
Montenegro,MNE,2023-08-10 11:00:00,2023-08-10 13:00:00,75.41
Montenegro,MNE,2023-08-10 12:00:00,2023-08-10 14:00:00,71.71
Montenegro,MNE,2023-08-10 13:00:00,2023-08-10 15:00:00,79.09
Montenegro,MNE,2023-08-10 14:00:00,2023-08-10 16:00:00,87.79
Montenegro,MNE,2023-08-10 15:00:00,2023-08-10 17:00:00,98.05
Montenegro,MNE,2023-08-10 16:00:00,2023-08-10 18:00:00,108.53
Montenegro,MNE,2023-08-10 17:00:00,2023-08-10 19:00:00,132.05
Montenegro,MNE,2023-08-10 18:00:00,2023-08-10 20:00:00,143.61
Montenegro,MNE,2023-08-10 19:00:00,2023-08-10 21:00:00,139.04
Montenegro,MNE,2023-08-10 20:00:00,2023-08-10 22:00:00,119.5
Montenegro,MNE,2023-08-10 21:00:00,2023-08-10 23:00:00,100.63
Montenegro,MNE,2023-08-10 22:00:00,2023-08-11 00:00:00,99.23
Montenegro,MNE,2023-08-10 23:00:00,2023-08-11 01:00:00,92.09
Montenegro,MNE,2023-08-11 00:00:00,2023-08-11 02:00:00,87.28
Montenegro,MNE,2023-08-11 01:00:00,2023-08-11 03:00:00,78.55
Montenegro,MNE,2023-08-11 02:00:00,2023-08-11 04:00:00,83.71
Montenegro,MNE,2023-08-11 03:00:00,2023-08-11 05:00:00,90.09
Montenegro,MNE,2023-08-11 04:00:00,2023-08-11 06:00:00,100.04
Montenegro,MNE,2023-08-11 05:00:00,2023-08-11 07:00:00,108.08
Montenegro,MNE,2023-08-11 06:00:00,2023-08-11 08:00:00,103.6
Montenegro,MNE,2023-08-11 07:00:00,2023-08-11 09:00:00,95.31
Montenegro,MNE,2023-08-11 08:00:00,2023-08-11 10:00:00,83.25
Montenegro,MNE,2023-08-11 09:00:00,2023-08-11 11:00:00,81.5
Montenegro,MNE,2023-08-11 10:00:00,2023-08-11 12:00:00,79.64
Montenegro,MNE,2023-08-11 11:00:00,2023-08-11 13:00:00,75.29
Montenegro,MNE,2023-08-11 12:00:00,2023-08-11 14:00:00,75.77
Montenegro,MNE,2023-08-11 13:00:00,2023-08-11 15:00:00,79.71
Montenegro,MNE,2023-08-11 14:00:00,2023-08-11 16:00:00,87.0
Montenegro,MNE,2023-08-11 15:00:00,2023-08-11 17:00:00,99.19
Montenegro,MNE,2023-08-11 16:00:00,2023-08-11 18:00:00,107.83
Montenegro,MNE,2023-08-11 17:00:00,2023-08-11 19:00:00,123.64
Montenegro,MNE,2023-08-11 18:00:00,2023-08-11 20:00:00,131.88
Montenegro,MNE,2023-08-11 19:00:00,2023-08-11 21:00:00,123.75
Montenegro,MNE,2023-08-11 20:00:00,2023-08-11 22:00:00,109.93
Montenegro,MNE,2023-08-11 21:00:00,2023-08-11 23:00:00,101.03
Montenegro,MNE,2023-08-11 22:00:00,2023-08-12 00:00:00,91.75
Montenegro,MNE,2023-08-11 23:00:00,2023-08-12 01:00:00,81.38
Montenegro,MNE,2023-08-12 00:00:00,2023-08-12 02:00:00,79.06
Montenegro,MNE,2023-08-12 01:00:00,2023-08-12 03:00:00,73.5
Montenegro,MNE,2023-08-12 02:00:00,2023-08-12 04:00:00,71.5
Montenegro,MNE,2023-08-12 03:00:00,2023-08-12 05:00:00,68.55
Montenegro,MNE,2023-08-12 04:00:00,2023-08-12 06:00:00,71.06
Montenegro,MNE,2023-08-12 05:00:00,2023-08-12 07:00:00,58.42
Montenegro,MNE,2023-08-12 06:00:00,2023-08-12 08:00:00,59.48
Montenegro,MNE,2023-08-12 07:00:00,2023-08-12 09:00:00,59.17
Montenegro,MNE,2023-08-12 08:00:00,2023-08-12 10:00:00,37.28
Montenegro,MNE,2023-08-12 09:00:00,2023-08-12 11:00:00,29.42
Montenegro,MNE,2023-08-12 10:00:00,2023-08-12 12:00:00,25.32
Montenegro,MNE,2023-08-12 11:00:00,2023-08-12 13:00:00,23.75
Montenegro,MNE,2023-08-12 12:00:00,2023-08-12 14:00:00,23.06
Montenegro,MNE,2023-08-12 13:00:00,2023-08-12 15:00:00,21.21
Montenegro,MNE,2023-08-12 14:00:00,2023-08-12 16:00:00,50.21
Montenegro,MNE,2023-08-12 15:00:00,2023-08-12 17:00:00,69.9
Montenegro,MNE,2023-08-12 16:00:00,2023-08-12 18:00:00,87.69
Montenegro,MNE,2023-08-12 17:00:00,2023-08-12 19:00:00,99.91
Montenegro,MNE,2023-08-12 18:00:00,2023-08-12 20:00:00,103.31
Montenegro,MNE,2023-08-12 19:00:00,2023-08-12 21:00:00,99.94
Montenegro,MNE,2023-08-12 20:00:00,2023-08-12 22:00:00,97.9
Montenegro,MNE,2023-08-12 21:00:00,2023-08-12 23:00:00,83.27
Montenegro,MNE,2023-08-12 22:00:00,2023-08-13 00:00:00,81.55
Montenegro,MNE,2023-08-12 23:00:00,2023-08-13 01:00:00,69.84
Montenegro,MNE,2023-08-13 00:00:00,2023-08-13 02:00:00,69.12
Montenegro,MNE,2023-08-13 01:00:00,2023-08-13 03:00:00,62.56
Montenegro,MNE,2023-08-13 02:00:00,2023-08-13 04:00:00,62.06
Montenegro,MNE,2023-08-13 03:00:00,2023-08-13 05:00:00,55.77
Montenegro,MNE,2023-08-13 04:00:00,2023-08-13 06:00:00,55.75
Montenegro,MNE,2023-08-13 05:00:00,2023-08-13 07:00:00,19.64
Montenegro,MNE,2023-08-13 06:00:00,2023-08-13 08:00:00,20.51
Montenegro,MNE,2023-08-13 07:00:00,2023-08-13 09:00:00,11.26
Montenegro,MNE,2023-08-13 08:00:00,2023-08-13 10:00:00,6.92
Montenegro,MNE,2023-08-13 09:00:00,2023-08-13 11:00:00,6.92
Montenegro,MNE,2023-08-13 10:00:00,2023-08-13 12:00:00,6.92
Montenegro,MNE,2023-08-13 11:00:00,2023-08-13 13:00:00,6.92
Montenegro,MNE,2023-08-13 12:00:00,2023-08-13 14:00:00,6.92
Montenegro,MNE,2023-08-13 13:00:00,2023-08-13 15:00:00,11.26
Montenegro,MNE,2023-08-13 14:00:00,2023-08-13 16:00:00,28.76
Montenegro,MNE,2023-08-13 15:00:00,2023-08-13 17:00:00,55.8
Montenegro,MNE,2023-08-13 16:00:00,2023-08-13 18:00:00,79.83
Montenegro,MNE,2023-08-13 17:00:00,2023-08-13 19:00:00,101.2
Montenegro,MNE,2023-08-13 18:00:00,2023-08-13 20:00:00,109.52
Montenegro,MNE,2023-08-13 19:00:00,2023-08-13 21:00:00,104.91
Montenegro,MNE,2023-08-13 20:00:00,2023-08-13 22:00:00,99.26
Montenegro,MNE,2023-08-13 21:00:00,2023-08-13 23:00:00,85.52
Montenegro,MNE,2023-08-13 22:00:00,2023-08-14 00:00:00,84.32
Montenegro,MNE,2023-08-13 23:00:00,2023-08-14 01:00:00,76.72
Montenegro,MNE,2023-08-14 00:00:00,2023-08-14 02:00:00,69.77
Montenegro,MNE,2023-08-14 01:00:00,2023-08-14 03:00:00,62.84
Montenegro,MNE,2023-08-14 02:00:00,2023-08-14 04:00:00,62.91
Montenegro,MNE,2023-08-14 03:00:00,2023-08-14 05:00:00,69.33
Montenegro,MNE,2023-08-14 04:00:00,2023-08-14 06:00:00,80.04
Montenegro,MNE,2023-08-14 05:00:00,2023-08-14 07:00:00,83.59
Montenegro,MNE,2023-08-14 06:00:00,2023-08-14 08:00:00,90.84
Montenegro,MNE,2023-08-14 07:00:00,2023-08-14 09:00:00,87.46
Montenegro,MNE,2023-08-14 08:00:00,2023-08-14 10:00:00,76.94
Montenegro,MNE,2023-08-14 09:00:00,2023-08-14 11:00:00,90.04
Montenegro,MNE,2023-08-14 10:00:00,2023-08-14 12:00:00,90.03
Montenegro,MNE,2023-08-14 11:00:00,2023-08-14 13:00:00,90.04
Montenegro,MNE,2023-08-14 12:00:00,2023-08-14 14:00:00,90.03
Montenegro,MNE,2023-08-14 13:00:00,2023-08-14 15:00:00,88.74
Montenegro,MNE,2023-08-14 14:00:00,2023-08-14 16:00:00,83.08
Montenegro,MNE,2023-08-14 15:00:00,2023-08-14 17:00:00,91.76
Montenegro,MNE,2023-08-14 16:00:00,2023-08-14 18:00:00,97.95
Montenegro,MNE,2023-08-14 17:00:00,2023-08-14 19:00:00,111.58
Montenegro,MNE,2023-08-14 18:00:00,2023-08-14 20:00:00,125.35
Montenegro,MNE,2023-08-14 19:00:00,2023-08-14 21:00:00,114.02
Montenegro,MNE,2023-08-14 20:00:00,2023-08-14 22:00:00,99.94
Montenegro,MNE,2023-08-14 21:00:00,2023-08-14 23:00:00,90.69
Montenegro,MNE,2023-08-14 22:00:00,2023-08-15 00:00:00,92.9
Montenegro,MNE,2023-08-14 23:00:00,2023-08-15 01:00:00,83.46
Montenegro,MNE,2023-08-15 00:00:00,2023-08-15 02:00:00,78.91
Montenegro,MNE,2023-08-15 01:00:00,2023-08-15 03:00:00,71.83
Montenegro,MNE,2023-08-15 02:00:00,2023-08-15 04:00:00,75.53
Montenegro,MNE,2023-08-15 03:00:00,2023-08-15 05:00:00,83.07
Montenegro,MNE,2023-08-15 04:00:00,2023-08-15 06:00:00,87.56
Montenegro,MNE,2023-08-15 05:00:00,2023-08-15 07:00:00,84.68
Montenegro,MNE,2023-08-15 06:00:00,2023-08-15 08:00:00,87.48
Montenegro,MNE,2023-08-15 07:00:00,2023-08-15 09:00:00,79.33
Montenegro,MNE,2023-08-15 08:00:00,2023-08-15 10:00:00,52.73
Montenegro,MNE,2023-08-15 09:00:00,2023-08-15 11:00:00,47.47
Montenegro,MNE,2023-08-15 10:00:00,2023-08-15 12:00:00,55.44
Montenegro,MNE,2023-08-15 11:00:00,2023-08-15 13:00:00,55.17
Montenegro,MNE,2023-08-15 12:00:00,2023-08-15 14:00:00,55.47
Montenegro,MNE,2023-08-15 13:00:00,2023-08-15 15:00:00,63.58
Montenegro,MNE,2023-08-15 14:00:00,2023-08-15 16:00:00,71.55
Montenegro,MNE,2023-08-15 15:00:00,2023-08-15 17:00:00,87.58
Montenegro,MNE,2023-08-15 16:00:00,2023-08-15 18:00:00,99.98
Montenegro,MNE,2023-08-15 17:00:00,2023-08-15 19:00:00,121.83
Montenegro,MNE,2023-08-15 18:00:00,2023-08-15 20:00:00,131.27
Montenegro,MNE,2023-08-15 19:00:00,2023-08-15 21:00:00,115.73
Montenegro,MNE,2023-08-15 20:00:00,2023-08-15 22:00:00,107.27
Montenegro,MNE,2023-08-15 21:00:00,2023-08-15 23:00:00,99.31
Montenegro,MNE,2023-08-15 22:00:00,2023-08-16 00:00:00,99.87
Montenegro,MNE,2023-08-15 23:00:00,2023-08-16 01:00:00,95.63
Montenegro,MNE,2023-08-16 00:00:00,2023-08-16 02:00:00,91.68
Montenegro,MNE,2023-08-16 01:00:00,2023-08-16 03:00:00,87.79
Montenegro,MNE,2023-08-16 02:00:00,2023-08-16 04:00:00,87.54
Montenegro,MNE,2023-08-16 03:00:00,2023-08-16 05:00:00,91.11
Montenegro,MNE,2023-08-16 04:00:00,2023-08-16 06:00:00,103.62
Montenegro,MNE,2023-08-16 05:00:00,2023-08-16 07:00:00,107.19
Montenegro,MNE,2023-08-16 06:00:00,2023-08-16 08:00:00,109.5
Montenegro,MNE,2023-08-16 07:00:00,2023-08-16 09:00:00,100.02
Montenegro,MNE,2023-08-16 08:00:00,2023-08-16 10:00:00,94.71
Montenegro,MNE,2023-08-16 09:00:00,2023-08-16 11:00:00,82.47
Montenegro,MNE,2023-08-16 10:00:00,2023-08-16 12:00:00,83.02
Montenegro,MNE,2023-08-16 11:00:00,2023-08-16 13:00:00,83.8
Montenegro,MNE,2023-08-16 12:00:00,2023-08-16 14:00:00,85.66
Montenegro,MNE,2023-08-16 13:00:00,2023-08-16 15:00:00,93.86
Montenegro,MNE,2023-08-16 14:00:00,2023-08-16 16:00:00,99.96
Montenegro,MNE,2023-08-16 15:00:00,2023-08-16 17:00:00,111.32
Montenegro,MNE,2023-08-16 16:00:00,2023-08-16 18:00:00,115.42
Montenegro,MNE,2023-08-16 17:00:00,2023-08-16 19:00:00,139.03
Montenegro,MNE,2023-08-16 18:00:00,2023-08-16 20:00:00,147.73
Montenegro,MNE,2023-08-16 19:00:00,2023-08-16 21:00:00,131.54
Montenegro,MNE,2023-08-16 20:00:00,2023-08-16 22:00:00,115.94
Montenegro,MNE,2023-08-16 21:00:00,2023-08-16 23:00:00,103.5
Montenegro,MNE,2023-08-16 22:00:00,2023-08-17 00:00:00,97.46
Montenegro,MNE,2023-08-16 23:00:00,2023-08-17 01:00:00,92.42
Montenegro,MNE,2023-08-17 00:00:00,2023-08-17 02:00:00,87.41
Montenegro,MNE,2023-08-17 01:00:00,2023-08-17 03:00:00,84.08
Montenegro,MNE,2023-08-17 02:00:00,2023-08-17 04:00:00,84.42
Montenegro,MNE,2023-08-17 03:00:00,2023-08-17 05:00:00,79.82
Montenegro,MNE,2023-08-17 04:00:00,2023-08-17 06:00:00,79.25
Montenegro,MNE,2023-08-17 05:00:00,2023-08-17 07:00:00,95.33
Montenegro,MNE,2023-08-17 06:00:00,2023-08-17 08:00:00,103.57
Montenegro,MNE,2023-08-17 07:00:00,2023-08-17 09:00:00,100.33
Montenegro,MNE,2023-08-17 08:00:00,2023-08-17 10:00:00,90.15
Montenegro,MNE,2023-08-17 09:00:00,2023-08-17 11:00:00,85.19
Montenegro,MNE,2023-08-17 10:00:00,2023-08-17 12:00:00,81.34
Montenegro,MNE,2023-08-17 11:00:00,2023-08-17 13:00:00,83.55
Montenegro,MNE,2023-08-17 12:00:00,2023-08-17 14:00:00,87.28
Montenegro,MNE,2023-08-17 13:00:00,2023-08-17 15:00:00,91.09
Montenegro,MNE,2023-08-17 14:00:00,2023-08-17 16:00:00,90.8
Montenegro,MNE,2023-08-17 15:00:00,2023-08-17 17:00:00,103.31
Montenegro,MNE,2023-08-17 16:00:00,2023-08-17 18:00:00,114.66
Montenegro,MNE,2023-08-17 17:00:00,2023-08-17 19:00:00,131.5
Montenegro,MNE,2023-08-17 18:00:00,2023-08-17 20:00:00,135.69
Montenegro,MNE,2023-08-17 19:00:00,2023-08-17 21:00:00,113.09
Montenegro,MNE,2023-08-17 20:00:00,2023-08-17 22:00:00,107.75
Montenegro,MNE,2023-08-17 21:00:00,2023-08-17 23:00:00,103.14
Montenegro,MNE,2023-08-17 22:00:00,2023-08-18 00:00:00,97.86
Montenegro,MNE,2023-08-17 23:00:00,2023-08-18 01:00:00,90.98
Montenegro,MNE,2023-08-18 00:00:00,2023-08-18 02:00:00,90.55
Montenegro,MNE,2023-08-18 01:00:00,2023-08-18 03:00:00,90.1
Montenegro,MNE,2023-08-18 02:00:00,2023-08-18 04:00:00,90.2
Montenegro,MNE,2023-08-18 03:00:00,2023-08-18 05:00:00,89.39
Montenegro,MNE,2023-08-18 04:00:00,2023-08-18 06:00:00,97.82
Montenegro,MNE,2023-08-18 05:00:00,2023-08-18 07:00:00,98.54
Montenegro,MNE,2023-08-18 06:00:00,2023-08-18 08:00:00,98.5
Montenegro,MNE,2023-08-18 07:00:00,2023-08-18 09:00:00,100.02
Montenegro,MNE,2023-08-18 08:00:00,2023-08-18 10:00:00,99.1
Montenegro,MNE,2023-08-18 09:00:00,2023-08-18 11:00:00,93.0
Montenegro,MNE,2023-08-18 10:00:00,2023-08-18 12:00:00,90.1
Montenegro,MNE,2023-08-18 11:00:00,2023-08-18 13:00:00,90.05
Montenegro,MNE,2023-08-18 12:00:00,2023-08-18 14:00:00,90.08
Montenegro,MNE,2023-08-18 13:00:00,2023-08-18 15:00:00,90.06
Montenegro,MNE,2023-08-18 14:00:00,2023-08-18 16:00:00,93.02
Montenegro,MNE,2023-08-18 15:00:00,2023-08-18 17:00:00,104.31
Montenegro,MNE,2023-08-18 16:00:00,2023-08-18 18:00:00,118.94
Montenegro,MNE,2023-08-18 17:00:00,2023-08-18 19:00:00,139.98
Montenegro,MNE,2023-08-18 18:00:00,2023-08-18 20:00:00,146.65
Montenegro,MNE,2023-08-18 19:00:00,2023-08-18 21:00:00,125.78
Montenegro,MNE,2023-08-18 20:00:00,2023-08-18 22:00:00,111.3
Montenegro,MNE,2023-08-18 21:00:00,2023-08-18 23:00:00,99.98
Montenegro,MNE,2023-08-18 22:00:00,2023-08-19 00:00:00,96.84
Montenegro,MNE,2023-08-18 23:00:00,2023-08-19 01:00:00,91.47
Montenegro,MNE,2023-08-19 00:00:00,2023-08-19 02:00:00,88.63
Montenegro,MNE,2023-08-19 01:00:00,2023-08-19 03:00:00,84.28
Montenegro,MNE,2023-08-19 02:00:00,2023-08-19 04:00:00,84.64
Montenegro,MNE,2023-08-19 03:00:00,2023-08-19 05:00:00,84.98
Montenegro,MNE,2023-08-19 04:00:00,2023-08-19 06:00:00,90.03
Montenegro,MNE,2023-08-19 05:00:00,2023-08-19 07:00:00,93.1
Montenegro,MNE,2023-08-19 06:00:00,2023-08-19 08:00:00,80.78
Montenegro,MNE,2023-08-19 07:00:00,2023-08-19 09:00:00,75.46
Montenegro,MNE,2023-08-19 08:00:00,2023-08-19 10:00:00,59.11
Montenegro,MNE,2023-08-19 09:00:00,2023-08-19 11:00:00,43.25
Montenegro,MNE,2023-08-19 10:00:00,2023-08-19 12:00:00,35.03
Montenegro,MNE,2023-08-19 11:00:00,2023-08-19 13:00:00,31.45
Montenegro,MNE,2023-08-19 12:00:00,2023-08-19 14:00:00,29.94
Montenegro,MNE,2023-08-19 13:00:00,2023-08-19 15:00:00,35.43
Montenegro,MNE,2023-08-19 14:00:00,2023-08-19 16:00:00,51.53
Montenegro,MNE,2023-08-19 15:00:00,2023-08-19 17:00:00,87.93
Montenegro,MNE,2023-08-19 16:00:00,2023-08-19 18:00:00,108.16
Montenegro,MNE,2023-08-19 17:00:00,2023-08-19 19:00:00,128.28
Montenegro,MNE,2023-08-19 18:00:00,2023-08-19 20:00:00,133.28
Montenegro,MNE,2023-08-19 19:00:00,2023-08-19 21:00:00,132.65
Montenegro,MNE,2023-08-19 20:00:00,2023-08-19 22:00:00,121.78
Montenegro,MNE,2023-08-19 21:00:00,2023-08-19 23:00:00,111.74
Montenegro,MNE,2023-08-19 22:00:00,2023-08-20 00:00:00,104.54
Montenegro,MNE,2023-08-19 23:00:00,2023-08-20 01:00:00,104.59
Montenegro,MNE,2023-08-20 00:00:00,2023-08-20 02:00:00,97.47
Montenegro,MNE,2023-08-20 01:00:00,2023-08-20 03:00:00,90.7
Montenegro,MNE,2023-08-20 02:00:00,2023-08-20 04:00:00,90.6
Montenegro,MNE,2023-08-20 03:00:00,2023-08-20 05:00:00,90.1
Montenegro,MNE,2023-08-20 04:00:00,2023-08-20 06:00:00,90.14
Montenegro,MNE,2023-08-20 05:00:00,2023-08-20 07:00:00,90.49
Montenegro,MNE,2023-08-20 06:00:00,2023-08-20 08:00:00,83.7
Montenegro,MNE,2023-08-20 07:00:00,2023-08-20 09:00:00,76.69
Montenegro,MNE,2023-08-20 08:00:00,2023-08-20 10:00:00,55.67
Montenegro,MNE,2023-08-20 09:00:00,2023-08-20 11:00:00,31.08
Montenegro,MNE,2023-08-20 10:00:00,2023-08-20 12:00:00,30.98
Montenegro,MNE,2023-08-20 11:00:00,2023-08-20 13:00:00,15.02
Montenegro,MNE,2023-08-20 12:00:00,2023-08-20 14:00:00,15.02
Montenegro,MNE,2023-08-20 13:00:00,2023-08-20 15:00:00,20.83
Montenegro,MNE,2023-08-20 14:00:00,2023-08-20 16:00:00,62.86
Montenegro,MNE,2023-08-20 15:00:00,2023-08-20 17:00:00,90.91
Montenegro,MNE,2023-08-20 16:00:00,2023-08-20 18:00:00,107.68
Montenegro,MNE,2023-08-20 17:00:00,2023-08-20 19:00:00,120.57
Montenegro,MNE,2023-08-20 18:00:00,2023-08-20 20:00:00,152.07
Montenegro,MNE,2023-08-20 19:00:00,2023-08-20 21:00:00,125.93
Montenegro,MNE,2023-08-20 20:00:00,2023-08-20 22:00:00,125.59
Montenegro,MNE,2023-08-20 21:00:00,2023-08-20 23:00:00,111.64
Montenegro,MNE,2023-08-20 22:00:00,2023-08-21 00:00:00,100.06
Montenegro,MNE,2023-08-20 23:00:00,2023-08-21 01:00:00,90.93
Montenegro,MNE,2023-08-21 00:00:00,2023-08-21 02:00:00,90.36
Montenegro,MNE,2023-08-21 01:00:00,2023-08-21 03:00:00,90.07
Montenegro,MNE,2023-08-21 02:00:00,2023-08-21 04:00:00,90.43
Montenegro,MNE,2023-08-21 03:00:00,2023-08-21 05:00:00,96.04
Montenegro,MNE,2023-08-21 04:00:00,2023-08-21 06:00:00,111.07
Montenegro,MNE,2023-08-21 05:00:00,2023-08-21 07:00:00,122.04
Montenegro,MNE,2023-08-21 06:00:00,2023-08-21 08:00:00,119.84
Montenegro,MNE,2023-08-21 07:00:00,2023-08-21 09:00:00,115.51
Montenegro,MNE,2023-08-21 08:00:00,2023-08-21 10:00:00,97.73
Montenegro,MNE,2023-08-21 09:00:00,2023-08-21 11:00:00,90.66
Montenegro,MNE,2023-08-21 10:00:00,2023-08-21 12:00:00,83.95
Montenegro,MNE,2023-08-21 11:00:00,2023-08-21 13:00:00,83.67
Montenegro,MNE,2023-08-21 12:00:00,2023-08-21 14:00:00,86.96
Montenegro,MNE,2023-08-21 13:00:00,2023-08-21 15:00:00,90.76
Montenegro,MNE,2023-08-21 14:00:00,2023-08-21 16:00:00,98.98
Montenegro,MNE,2023-08-21 15:00:00,2023-08-21 17:00:00,120.55
Montenegro,MNE,2023-08-21 16:00:00,2023-08-21 18:00:00,157.52
Montenegro,MNE,2023-08-21 17:00:00,2023-08-21 19:00:00,174.95
Montenegro,MNE,2023-08-21 18:00:00,2023-08-21 20:00:00,181.85
Montenegro,MNE,2023-08-21 19:00:00,2023-08-21 21:00:00,167.5
Montenegro,MNE,2023-08-21 20:00:00,2023-08-21 22:00:00,139.33
Montenegro,MNE,2023-08-21 21:00:00,2023-08-21 23:00:00,109.55
Montenegro,MNE,2023-08-21 22:00:00,2023-08-22 00:00:00,111.13
Montenegro,MNE,2023-08-21 23:00:00,2023-08-22 01:00:00,103.32
Montenegro,MNE,2023-08-22 00:00:00,2023-08-22 02:00:00,96.44
Montenegro,MNE,2023-08-22 01:00:00,2023-08-22 03:00:00,93.37
Montenegro,MNE,2023-08-22 02:00:00,2023-08-22 04:00:00,94.61
Montenegro,MNE,2023-08-22 03:00:00,2023-08-22 05:00:00,101.59
Montenegro,MNE,2023-08-22 04:00:00,2023-08-22 06:00:00,109.96
Montenegro,MNE,2023-08-22 05:00:00,2023-08-22 07:00:00,126.47
Montenegro,MNE,2023-08-22 06:00:00,2023-08-22 08:00:00,123.07
Montenegro,MNE,2023-08-22 07:00:00,2023-08-22 09:00:00,112.16
Montenegro,MNE,2023-08-22 08:00:00,2023-08-22 10:00:00,107.09
Montenegro,MNE,2023-08-22 09:00:00,2023-08-22 11:00:00,99.17
Montenegro,MNE,2023-08-22 10:00:00,2023-08-22 12:00:00,95.09
Montenegro,MNE,2023-08-22 11:00:00,2023-08-22 13:00:00,91.58
Montenegro,MNE,2023-08-22 12:00:00,2023-08-22 14:00:00,91.77
Montenegro,MNE,2023-08-22 13:00:00,2023-08-22 15:00:00,99.09
Montenegro,MNE,2023-08-22 14:00:00,2023-08-22 16:00:00,107.67
Montenegro,MNE,2023-08-22 15:00:00,2023-08-22 17:00:00,115.33
Montenegro,MNE,2023-08-22 16:00:00,2023-08-22 18:00:00,151.09
Montenegro,MNE,2023-08-22 17:00:00,2023-08-22 19:00:00,187.95
Montenegro,MNE,2023-08-22 18:00:00,2023-08-22 20:00:00,204.01
Montenegro,MNE,2023-08-22 19:00:00,2023-08-22 21:00:00,171.22
Montenegro,MNE,2023-08-22 20:00:00,2023-08-22 22:00:00,139.37
Montenegro,MNE,2023-08-22 21:00:00,2023-08-22 23:00:00,121.45
Montenegro,MNE,2023-08-22 22:00:00,2023-08-23 00:00:00,120.33
Montenegro,MNE,2023-08-22 23:00:00,2023-08-23 01:00:00,111.29
Montenegro,MNE,2023-08-23 00:00:00,2023-08-23 02:00:00,107.93
Montenegro,MNE,2023-08-23 01:00:00,2023-08-23 03:00:00,105.86
Montenegro,MNE,2023-08-23 02:00:00,2023-08-23 04:00:00,107.63
Montenegro,MNE,2023-08-23 03:00:00,2023-08-23 05:00:00,115.84
Montenegro,MNE,2023-08-23 04:00:00,2023-08-23 06:00:00,129.93
Montenegro,MNE,2023-08-23 05:00:00,2023-08-23 07:00:00,144.6
Montenegro,MNE,2023-08-23 06:00:00,2023-08-23 08:00:00,141.06
Montenegro,MNE,2023-08-23 07:00:00,2023-08-23 09:00:00,125.52
Montenegro,MNE,2023-08-23 08:00:00,2023-08-23 10:00:00,115.73
Montenegro,MNE,2023-08-23 09:00:00,2023-08-23 11:00:00,110.56
Montenegro,MNE,2023-08-23 10:00:00,2023-08-23 12:00:00,105.07
Montenegro,MNE,2023-08-23 11:00:00,2023-08-23 13:00:00,103.95
Montenegro,MNE,2023-08-23 12:00:00,2023-08-23 14:00:00,105.95
Montenegro,MNE,2023-08-23 13:00:00,2023-08-23 15:00:00,114.37
Montenegro,MNE,2023-08-23 14:00:00,2023-08-23 16:00:00,130.18
Montenegro,MNE,2023-08-23 15:00:00,2023-08-23 17:00:00,143.63
Montenegro,MNE,2023-08-23 16:00:00,2023-08-23 18:00:00,181.05
Montenegro,MNE,2023-08-23 17:00:00,2023-08-23 19:00:00,212.39
Montenegro,MNE,2023-08-23 18:00:00,2023-08-23 20:00:00,233.97
Montenegro,MNE,2023-08-23 19:00:00,2023-08-23 21:00:00,185.67
Montenegro,MNE,2023-08-23 20:00:00,2023-08-23 22:00:00,153.6
Montenegro,MNE,2023-08-23 21:00:00,2023-08-23 23:00:00,137.47
Montenegro,MNE,2023-08-23 22:00:00,2023-08-24 00:00:00,130.37
Montenegro,MNE,2023-08-23 23:00:00,2023-08-24 01:00:00,118.52
Montenegro,MNE,2023-08-24 00:00:00,2023-08-24 02:00:00,104.94
Montenegro,MNE,2023-08-24 01:00:00,2023-08-24 03:00:00,113.36
Montenegro,MNE,2023-08-24 02:00:00,2023-08-24 04:00:00,111.25
Montenegro,MNE,2023-08-24 03:00:00,2023-08-24 05:00:00,116.25
Montenegro,MNE,2023-08-24 04:00:00,2023-08-24 06:00:00,139.63
Montenegro,MNE,2023-08-24 05:00:00,2023-08-24 07:00:00,165.97
Montenegro,MNE,2023-08-24 06:00:00,2023-08-24 08:00:00,153.9
Montenegro,MNE,2023-08-24 07:00:00,2023-08-24 09:00:00,133.48
Montenegro,MNE,2023-08-24 08:00:00,2023-08-24 10:00:00,121.47
Montenegro,MNE,2023-08-24 09:00:00,2023-08-24 11:00:00,115.58
Montenegro,MNE,2023-08-24 10:00:00,2023-08-24 12:00:00,112.68
Montenegro,MNE,2023-08-24 11:00:00,2023-08-24 13:00:00,118.93
Montenegro,MNE,2023-08-24 12:00:00,2023-08-24 14:00:00,125.9
Montenegro,MNE,2023-08-24 13:00:00,2023-08-24 15:00:00,143.95
Montenegro,MNE,2023-08-24 14:00:00,2023-08-24 16:00:00,161.08
Montenegro,MNE,2023-08-24 15:00:00,2023-08-24 17:00:00,167.88
Montenegro,MNE,2023-08-24 16:00:00,2023-08-24 18:00:00,223.82
Montenegro,MNE,2023-08-24 17:00:00,2023-08-24 19:00:00,263.2
Montenegro,MNE,2023-08-24 18:00:00,2023-08-24 20:00:00,263.87
Montenegro,MNE,2023-08-24 19:00:00,2023-08-24 21:00:00,228.42
Montenegro,MNE,2023-08-24 20:00:00,2023-08-24 22:00:00,160.87
Montenegro,MNE,2023-08-24 21:00:00,2023-08-24 23:00:00,135.54
Montenegro,MNE,2023-08-24 22:00:00,2023-08-25 00:00:00,113.8
Montenegro,MNE,2023-08-24 23:00:00,2023-08-25 01:00:00,104.5
Montenegro,MNE,2023-08-25 00:00:00,2023-08-25 02:00:00,97.14
Montenegro,MNE,2023-08-25 01:00:00,2023-08-25 03:00:00,104.36
Montenegro,MNE,2023-08-25 02:00:00,2023-08-25 04:00:00,104.07
Montenegro,MNE,2023-08-25 03:00:00,2023-08-25 05:00:00,106.78
Montenegro,MNE,2023-08-25 04:00:00,2023-08-25 06:00:00,120.11
Montenegro,MNE,2023-08-25 05:00:00,2023-08-25 07:00:00,137.35
Montenegro,MNE,2023-08-25 06:00:00,2023-08-25 08:00:00,133.41
Montenegro,MNE,2023-08-25 07:00:00,2023-08-25 09:00:00,125.96
Montenegro,MNE,2023-08-25 08:00:00,2023-08-25 10:00:00,113.8
Montenegro,MNE,2023-08-25 09:00:00,2023-08-25 11:00:00,109.22
Montenegro,MNE,2023-08-25 10:00:00,2023-08-25 12:00:00,104.58
Montenegro,MNE,2023-08-25 11:00:00,2023-08-25 13:00:00,104.1
Montenegro,MNE,2023-08-25 12:00:00,2023-08-25 14:00:00,122.06
Montenegro,MNE,2023-08-25 13:00:00,2023-08-25 15:00:00,122.9
Montenegro,MNE,2023-08-25 14:00:00,2023-08-25 16:00:00,140.79
Montenegro,MNE,2023-08-25 15:00:00,2023-08-25 17:00:00,158.17
Montenegro,MNE,2023-08-25 16:00:00,2023-08-25 18:00:00,203.73
Montenegro,MNE,2023-08-25 17:00:00,2023-08-25 19:00:00,230.53
Montenegro,MNE,2023-08-25 18:00:00,2023-08-25 20:00:00,226.4
Montenegro,MNE,2023-08-25 19:00:00,2023-08-25 21:00:00,199.28
Montenegro,MNE,2023-08-25 20:00:00,2023-08-25 22:00:00,142.1
Montenegro,MNE,2023-08-25 21:00:00,2023-08-25 23:00:00,122.65
Montenegro,MNE,2023-08-25 22:00:00,2023-08-26 00:00:00,125.53
Montenegro,MNE,2023-08-25 23:00:00,2023-08-26 01:00:00,119.19
Montenegro,MNE,2023-08-26 00:00:00,2023-08-26 02:00:00,118.66
Montenegro,MNE,2023-08-26 01:00:00,2023-08-26 03:00:00,114.18
Montenegro,MNE,2023-08-26 02:00:00,2023-08-26 04:00:00,111.5
Montenegro,MNE,2023-08-26 03:00:00,2023-08-26 05:00:00,113.42
Montenegro,MNE,2023-08-26 04:00:00,2023-08-26 06:00:00,118.32
Montenegro,MNE,2023-08-26 05:00:00,2023-08-26 07:00:00,118.06
Montenegro,MNE,2023-08-26 06:00:00,2023-08-26 08:00:00,113.96
Montenegro,MNE,2023-08-26 07:00:00,2023-08-26 09:00:00,97.92
Montenegro,MNE,2023-08-26 08:00:00,2023-08-26 10:00:00,97.39
Montenegro,MNE,2023-08-26 09:00:00,2023-08-26 11:00:00,99.85
Montenegro,MNE,2023-08-26 10:00:00,2023-08-26 12:00:00,98.57
Montenegro,MNE,2023-08-26 11:00:00,2023-08-26 13:00:00,97.83
Montenegro,MNE,2023-08-26 12:00:00,2023-08-26 14:00:00,104.1
Montenegro,MNE,2023-08-26 13:00:00,2023-08-26 15:00:00,125.41
Montenegro,MNE,2023-08-26 14:00:00,2023-08-26 16:00:00,153.19
Montenegro,MNE,2023-08-26 15:00:00,2023-08-26 17:00:00,164.27
Montenegro,MNE,2023-08-26 16:00:00,2023-08-26 18:00:00,201.87
Montenegro,MNE,2023-08-26 17:00:00,2023-08-26 19:00:00,228.91
Montenegro,MNE,2023-08-26 18:00:00,2023-08-26 20:00:00,228.41
Montenegro,MNE,2023-08-26 19:00:00,2023-08-26 21:00:00,192.77
Montenegro,MNE,2023-08-26 20:00:00,2023-08-26 22:00:00,163.77
Montenegro,MNE,2023-08-26 21:00:00,2023-08-26 23:00:00,125.46
Montenegro,MNE,2023-08-26 22:00:00,2023-08-27 00:00:00,108.51
Montenegro,MNE,2023-08-26 23:00:00,2023-08-27 01:00:00,98.89
Montenegro,MNE,2023-08-27 00:00:00,2023-08-27 02:00:00,97.71
Montenegro,MNE,2023-08-27 01:00:00,2023-08-27 03:00:00,95.19
Montenegro,MNE,2023-08-27 02:00:00,2023-08-27 04:00:00,91.68
Montenegro,MNE,2023-08-27 03:00:00,2023-08-27 05:00:00,97.37
Montenegro,MNE,2023-08-27 04:00:00,2023-08-27 06:00:00,93.84
Montenegro,MNE,2023-08-27 05:00:00,2023-08-27 07:00:00,94.67
Montenegro,MNE,2023-08-27 06:00:00,2023-08-27 08:00:00,92.59
Montenegro,MNE,2023-08-27 07:00:00,2023-08-27 09:00:00,91.53
Montenegro,MNE,2023-08-27 08:00:00,2023-08-27 10:00:00,86.92
Montenegro,MNE,2023-08-27 09:00:00,2023-08-27 11:00:00,81.83
Montenegro,MNE,2023-08-27 10:00:00,2023-08-27 12:00:00,79.63
Montenegro,MNE,2023-08-27 11:00:00,2023-08-27 13:00:00,74.91
Montenegro,MNE,2023-08-27 12:00:00,2023-08-27 14:00:00,74.92
Montenegro,MNE,2023-08-27 13:00:00,2023-08-27 15:00:00,86.33
Montenegro,MNE,2023-08-27 14:00:00,2023-08-27 16:00:00,97.43
Montenegro,MNE,2023-08-27 15:00:00,2023-08-27 17:00:00,118.06
Montenegro,MNE,2023-08-27 16:00:00,2023-08-27 18:00:00,138.38
Montenegro,MNE,2023-08-27 17:00:00,2023-08-27 19:00:00,181.15
Montenegro,MNE,2023-08-27 18:00:00,2023-08-27 20:00:00,198.25
Montenegro,MNE,2023-08-27 19:00:00,2023-08-27 21:00:00,143.07
Montenegro,MNE,2023-08-27 20:00:00,2023-08-27 22:00:00,126.32
Montenegro,MNE,2023-08-27 21:00:00,2023-08-27 23:00:00,114.73
Montenegro,MNE,2023-08-27 22:00:00,2023-08-28 00:00:00,97.92
Montenegro,MNE,2023-08-27 23:00:00,2023-08-28 01:00:00,90.9
Montenegro,MNE,2023-08-28 00:00:00,2023-08-28 02:00:00,90.98
Montenegro,MNE,2023-08-28 01:00:00,2023-08-28 03:00:00,91.56
Montenegro,MNE,2023-08-28 02:00:00,2023-08-28 04:00:00,90.95
Montenegro,MNE,2023-08-28 03:00:00,2023-08-28 05:00:00,97.2
Montenegro,MNE,2023-08-28 04:00:00,2023-08-28 06:00:00,120.37
Montenegro,MNE,2023-08-28 05:00:00,2023-08-28 07:00:00,132.05
Montenegro,MNE,2023-08-28 06:00:00,2023-08-28 08:00:00,128.96
Montenegro,MNE,2023-08-28 07:00:00,2023-08-28 09:00:00,119.95
Montenegro,MNE,2023-08-28 08:00:00,2023-08-28 10:00:00,112.62
Montenegro,MNE,2023-08-28 09:00:00,2023-08-28 11:00:00,105.26
Montenegro,MNE,2023-08-28 10:00:00,2023-08-28 12:00:00,99.36
Montenegro,MNE,2023-08-28 11:00:00,2023-08-28 13:00:00,98.5
Montenegro,MNE,2023-08-28 12:00:00,2023-08-28 14:00:00,98.5
Montenegro,MNE,2023-08-28 13:00:00,2023-08-28 15:00:00,111.52
Montenegro,MNE,2023-08-28 14:00:00,2023-08-28 16:00:00,125.42
Montenegro,MNE,2023-08-28 15:00:00,2023-08-28 17:00:00,122.08
Montenegro,MNE,2023-08-28 16:00:00,2023-08-28 18:00:00,150.35
Montenegro,MNE,2023-08-28 17:00:00,2023-08-28 19:00:00,157.75
Montenegro,MNE,2023-08-28 18:00:00,2023-08-28 20:00:00,159.25
Montenegro,MNE,2023-08-28 19:00:00,2023-08-28 21:00:00,134.7
Montenegro,MNE,2023-08-28 20:00:00,2023-08-28 22:00:00,121.43
Montenegro,MNE,2023-08-28 21:00:00,2023-08-28 23:00:00,104.61
Montenegro,MNE,2023-08-28 22:00:00,2023-08-29 00:00:00,109.47
Montenegro,MNE,2023-08-28 23:00:00,2023-08-29 01:00:00,105.12
Montenegro,MNE,2023-08-29 00:00:00,2023-08-29 02:00:00,97.96
Montenegro,MNE,2023-08-29 01:00:00,2023-08-29 03:00:00,96.88
Montenegro,MNE,2023-08-29 02:00:00,2023-08-29 04:00:00,98.07
Montenegro,MNE,2023-08-29 03:00:00,2023-08-29 05:00:00,107.49
Montenegro,MNE,2023-08-29 04:00:00,2023-08-29 06:00:00,119.91
Montenegro,MNE,2023-08-29 05:00:00,2023-08-29 07:00:00,123.0
Montenegro,MNE,2023-08-29 06:00:00,2023-08-29 08:00:00,129.4
Montenegro,MNE,2023-08-29 07:00:00,2023-08-29 09:00:00,130.45
Montenegro,MNE,2023-08-29 08:00:00,2023-08-29 10:00:00,128.0
Montenegro,MNE,2023-08-29 09:00:00,2023-08-29 11:00:00,115.65
Montenegro,MNE,2023-08-29 10:00:00,2023-08-29 12:00:00,109.98
Montenegro,MNE,2023-08-29 11:00:00,2023-08-29 13:00:00,106.22
Montenegro,MNE,2023-08-29 12:00:00,2023-08-29 14:00:00,107.43
Montenegro,MNE,2023-08-29 13:00:00,2023-08-29 15:00:00,112.21
Montenegro,MNE,2023-08-29 14:00:00,2023-08-29 16:00:00,128.01
Montenegro,MNE,2023-08-29 15:00:00,2023-08-29 17:00:00,119.98
Montenegro,MNE,2023-08-29 16:00:00,2023-08-29 18:00:00,131.64
Montenegro,MNE,2023-08-29 17:00:00,2023-08-29 19:00:00,145.05
Montenegro,MNE,2023-08-29 18:00:00,2023-08-29 20:00:00,160.1
Montenegro,MNE,2023-08-29 19:00:00,2023-08-29 21:00:00,146.47
Montenegro,MNE,2023-08-29 20:00:00,2023-08-29 22:00:00,119.97
Montenegro,MNE,2023-08-29 21:00:00,2023-08-29 23:00:00,112.71
Montenegro,MNE,2023-08-29 22:00:00,2023-08-30 00:00:00,104.63
Montenegro,MNE,2023-08-29 23:00:00,2023-08-30 01:00:00,103.83
Montenegro,MNE,2023-08-30 00:00:00,2023-08-30 02:00:00,95.81
Montenegro,MNE,2023-08-30 01:00:00,2023-08-30 03:00:00,95.59
Montenegro,MNE,2023-08-30 02:00:00,2023-08-30 04:00:00,99.61
Montenegro,MNE,2023-08-30 03:00:00,2023-08-30 05:00:00,98.96
Montenegro,MNE,2023-08-30 04:00:00,2023-08-30 06:00:00,119.9
Montenegro,MNE,2023-08-30 05:00:00,2023-08-30 07:00:00,131.78
Montenegro,MNE,2023-08-30 06:00:00,2023-08-30 08:00:00,138.15
Montenegro,MNE,2023-08-30 07:00:00,2023-08-30 09:00:00,123.32
Montenegro,MNE,2023-08-30 08:00:00,2023-08-30 10:00:00,113.35
Montenegro,MNE,2023-08-30 09:00:00,2023-08-30 11:00:00,107.24
Montenegro,MNE,2023-08-30 10:00:00,2023-08-30 12:00:00,99.54
Montenegro,MNE,2023-08-30 11:00:00,2023-08-30 13:00:00,95.04
Montenegro,MNE,2023-08-30 12:00:00,2023-08-30 14:00:00,93.68
Montenegro,MNE,2023-08-30 13:00:00,2023-08-30 15:00:00,96.76
Montenegro,MNE,2023-08-30 14:00:00,2023-08-30 16:00:00,104.64
Montenegro,MNE,2023-08-30 15:00:00,2023-08-30 17:00:00,120.04
Montenegro,MNE,2023-08-30 16:00:00,2023-08-30 18:00:00,135.66
Montenegro,MNE,2023-08-30 17:00:00,2023-08-30 19:00:00,155.11
Montenegro,MNE,2023-08-30 18:00:00,2023-08-30 20:00:00,158.45
Montenegro,MNE,2023-08-30 19:00:00,2023-08-30 21:00:00,145.13
Montenegro,MNE,2023-08-30 20:00:00,2023-08-30 22:00:00,122.6
Montenegro,MNE,2023-08-30 21:00:00,2023-08-30 23:00:00,113.95
Montenegro,MNE,2023-08-30 22:00:00,2023-08-31 00:00:00,97.13
Montenegro,MNE,2023-08-30 23:00:00,2023-08-31 01:00:00,90.81
Montenegro,MNE,2023-08-31 00:00:00,2023-08-31 02:00:00,90.07
Montenegro,MNE,2023-08-31 01:00:00,2023-08-31 03:00:00,83.99
Montenegro,MNE,2023-08-31 02:00:00,2023-08-31 04:00:00,90.27
Montenegro,MNE,2023-08-31 03:00:00,2023-08-31 05:00:00,91.43
Montenegro,MNE,2023-08-31 04:00:00,2023-08-31 06:00:00,111.43
Montenegro,MNE,2023-08-31 05:00:00,2023-08-31 07:00:00,124.4
Montenegro,MNE,2023-08-31 06:00:00,2023-08-31 08:00:00,125.63
Montenegro,MNE,2023-08-31 07:00:00,2023-08-31 09:00:00,118.49
Montenegro,MNE,2023-08-31 08:00:00,2023-08-31 10:00:00,104.89
Montenegro,MNE,2023-08-31 09:00:00,2023-08-31 11:00:00,102.31
Montenegro,MNE,2023-08-31 10:00:00,2023-08-31 12:00:00,100.03
Montenegro,MNE,2023-08-31 11:00:00,2023-08-31 13:00:00,100.02
Montenegro,MNE,2023-08-31 12:00:00,2023-08-31 14:00:00,100.02
Montenegro,MNE,2023-08-31 13:00:00,2023-08-31 15:00:00,99.55
Montenegro,MNE,2023-08-31 14:00:00,2023-08-31 16:00:00,104.59
Montenegro,MNE,2023-08-31 15:00:00,2023-08-31 17:00:00,111.87
Montenegro,MNE,2023-08-31 16:00:00,2023-08-31 18:00:00,125.3
Montenegro,MNE,2023-08-31 17:00:00,2023-08-31 19:00:00,139.96
Montenegro,MNE,2023-08-31 18:00:00,2023-08-31 20:00:00,153.22
Montenegro,MNE,2023-08-31 19:00:00,2023-08-31 21:00:00,132.54
Montenegro,MNE,2023-08-31 20:00:00,2023-08-31 22:00:00,122.58
Montenegro,MNE,2023-08-31 21:00:00,2023-08-31 23:00:00,97.87
Montenegro,MNE,2023-08-31 22:00:00,2023-09-01 00:00:00,112.13
Montenegro,MNE,2023-08-31 23:00:00,2023-09-01 01:00:00,103.92
Montenegro,MNE,2023-09-01 00:00:00,2023-09-01 02:00:00,89.95
Montenegro,MNE,2023-09-01 01:00:00,2023-09-01 03:00:00,88.1
Montenegro,MNE,2023-09-01 02:00:00,2023-09-01 04:00:00,90.15
Montenegro,MNE,2023-09-01 03:00:00,2023-09-01 05:00:00,97.31
Montenegro,MNE,2023-09-01 04:00:00,2023-09-01 06:00:00,132.69
Montenegro,MNE,2023-09-01 05:00:00,2023-09-01 07:00:00,140.62
Montenegro,MNE,2023-09-01 06:00:00,2023-09-01 08:00:00,140.66
Montenegro,MNE,2023-09-01 07:00:00,2023-09-01 09:00:00,122.26
Montenegro,MNE,2023-09-01 08:00:00,2023-09-01 10:00:00,104.62
Montenegro,MNE,2023-09-01 09:00:00,2023-09-01 11:00:00,96.95
Montenegro,MNE,2023-09-01 10:00:00,2023-09-01 12:00:00,95.97
Montenegro,MNE,2023-09-01 11:00:00,2023-09-01 13:00:00,95.66
Montenegro,MNE,2023-09-01 12:00:00,2023-09-01 14:00:00,104.64
Montenegro,MNE,2023-09-01 13:00:00,2023-09-01 15:00:00,104.65
Montenegro,MNE,2023-09-01 14:00:00,2023-09-01 16:00:00,113.09
Montenegro,MNE,2023-09-01 15:00:00,2023-09-01 17:00:00,122.62
Montenegro,MNE,2023-09-01 16:00:00,2023-09-01 18:00:00,149.17
Montenegro,MNE,2023-09-01 17:00:00,2023-09-01 19:00:00,184.88
Montenegro,MNE,2023-09-01 18:00:00,2023-09-01 20:00:00,188.65
Montenegro,MNE,2023-09-01 19:00:00,2023-09-01 21:00:00,164.24
Montenegro,MNE,2023-09-01 20:00:00,2023-09-01 22:00:00,122.36
Montenegro,MNE,2023-09-01 21:00:00,2023-09-01 23:00:00,122.41
Montenegro,MNE,2023-09-01 22:00:00,2023-09-02 00:00:00,111.87
Montenegro,MNE,2023-09-01 23:00:00,2023-09-02 01:00:00,106.45
Montenegro,MNE,2023-09-02 00:00:00,2023-09-02 02:00:00,100.71
Montenegro,MNE,2023-09-02 01:00:00,2023-09-02 03:00:00,95.97
Montenegro,MNE,2023-09-02 02:00:00,2023-09-02 04:00:00,95.87
Montenegro,MNE,2023-09-02 03:00:00,2023-09-02 05:00:00,95.89
Montenegro,MNE,2023-09-02 04:00:00,2023-09-02 06:00:00,104.35
Montenegro,MNE,2023-09-02 05:00:00,2023-09-02 07:00:00,102.58
Montenegro,MNE,2023-09-02 06:00:00,2023-09-02 08:00:00,104.39
Montenegro,MNE,2023-09-02 07:00:00,2023-09-02 09:00:00,95.72
Montenegro,MNE,2023-09-02 08:00:00,2023-09-02 10:00:00,87.44
Montenegro,MNE,2023-09-02 09:00:00,2023-09-02 11:00:00,86.74
Montenegro,MNE,2023-09-02 10:00:00,2023-09-02 12:00:00,80.18
Montenegro,MNE,2023-09-02 11:00:00,2023-09-02 13:00:00,73.43
Montenegro,MNE,2023-09-02 12:00:00,2023-09-02 14:00:00,69.85
Montenegro,MNE,2023-09-02 13:00:00,2023-09-02 15:00:00,77.68
Montenegro,MNE,2023-09-02 14:00:00,2023-09-02 16:00:00,86.72
Montenegro,MNE,2023-09-02 15:00:00,2023-09-02 17:00:00,104.62
Montenegro,MNE,2023-09-02 16:00:00,2023-09-02 18:00:00,171.23
Montenegro,MNE,2023-09-02 17:00:00,2023-09-02 19:00:00,208.3
Montenegro,MNE,2023-09-02 18:00:00,2023-09-02 20:00:00,176.06
Montenegro,MNE,2023-09-02 19:00:00,2023-09-02 21:00:00,140.28
Montenegro,MNE,2023-09-02 20:00:00,2023-09-02 22:00:00,117.08
Montenegro,MNE,2023-09-02 21:00:00,2023-09-02 23:00:00,105.3
Montenegro,MNE,2023-09-02 22:00:00,2023-09-03 00:00:00,96.0
Montenegro,MNE,2023-09-02 23:00:00,2023-09-03 01:00:00,93.56
Montenegro,MNE,2023-09-03 00:00:00,2023-09-03 02:00:00,91.03
Montenegro,MNE,2023-09-03 01:00:00,2023-09-03 03:00:00,87.7
Montenegro,MNE,2023-09-03 02:00:00,2023-09-03 04:00:00,87.57
Montenegro,MNE,2023-09-03 03:00:00,2023-09-03 05:00:00,87.12
Montenegro,MNE,2023-09-03 04:00:00,2023-09-03 06:00:00,87.85
Montenegro,MNE,2023-09-03 05:00:00,2023-09-03 07:00:00,90.0
Montenegro,MNE,2023-09-03 06:00:00,2023-09-03 08:00:00,95.96
Montenegro,MNE,2023-09-03 07:00:00,2023-09-03 09:00:00,95.35
Montenegro,MNE,2023-09-03 08:00:00,2023-09-03 10:00:00,83.87
Montenegro,MNE,2023-09-03 09:00:00,2023-09-03 11:00:00,75.75
Montenegro,MNE,2023-09-03 10:00:00,2023-09-03 12:00:00,71.63
Montenegro,MNE,2023-09-03 11:00:00,2023-09-03 13:00:00,52.92
Montenegro,MNE,2023-09-03 12:00:00,2023-09-03 14:00:00,46.72
Montenegro,MNE,2023-09-03 13:00:00,2023-09-03 15:00:00,51.5
Montenegro,MNE,2023-09-03 14:00:00,2023-09-03 16:00:00,88.98
Montenegro,MNE,2023-09-03 15:00:00,2023-09-03 17:00:00,95.6
Montenegro,MNE,2023-09-03 16:00:00,2023-09-03 18:00:00,107.25
Montenegro,MNE,2023-09-03 17:00:00,2023-09-03 19:00:00,139.74
Montenegro,MNE,2023-09-03 18:00:00,2023-09-03 20:00:00,147.04
Montenegro,MNE,2023-09-03 19:00:00,2023-09-03 21:00:00,119.25
Montenegro,MNE,2023-09-03 20:00:00,2023-09-03 22:00:00,107.25
Montenegro,MNE,2023-09-03 21:00:00,2023-09-03 23:00:00,99.5
Montenegro,MNE,2023-09-03 22:00:00,2023-09-04 00:00:00,90.76
Montenegro,MNE,2023-09-03 23:00:00,2023-09-04 01:00:00,83.73
Montenegro,MNE,2023-09-04 00:00:00,2023-09-04 02:00:00,83.36
Montenegro,MNE,2023-09-04 01:00:00,2023-09-04 03:00:00,80.2
Montenegro,MNE,2023-09-04 02:00:00,2023-09-04 04:00:00,80.69
Montenegro,MNE,2023-09-04 03:00:00,2023-09-04 05:00:00,89.02
Montenegro,MNE,2023-09-04 04:00:00,2023-09-04 06:00:00,111.03
Montenegro,MNE,2023-09-04 05:00:00,2023-09-04 07:00:00,125.21
Montenegro,MNE,2023-09-04 06:00:00,2023-09-04 08:00:00,119.7
Montenegro,MNE,2023-09-04 07:00:00,2023-09-04 09:00:00,105.86
Montenegro,MNE,2023-09-04 08:00:00,2023-09-04 10:00:00,100.07
Montenegro,MNE,2023-09-04 09:00:00,2023-09-04 11:00:00,91.53
Montenegro,MNE,2023-09-04 10:00:00,2023-09-04 12:00:00,81.85
Montenegro,MNE,2023-09-04 11:00:00,2023-09-04 13:00:00,76.9
Montenegro,MNE,2023-09-04 12:00:00,2023-09-04 14:00:00,77.2
Montenegro,MNE,2023-09-04 13:00:00,2023-09-04 15:00:00,90.36
Montenegro,MNE,2023-09-04 14:00:00,2023-09-04 16:00:00,97.17
Montenegro,MNE,2023-09-04 15:00:00,2023-09-04 17:00:00,97.59
Montenegro,MNE,2023-09-04 16:00:00,2023-09-04 18:00:00,117.05
Montenegro,MNE,2023-09-04 17:00:00,2023-09-04 19:00:00,122.9
Montenegro,MNE,2023-09-04 18:00:00,2023-09-04 20:00:00,119.97
Montenegro,MNE,2023-09-04 19:00:00,2023-09-04 21:00:00,119.93
Montenegro,MNE,2023-09-04 20:00:00,2023-09-04 22:00:00,114.86
Montenegro,MNE,2023-09-04 21:00:00,2023-09-04 23:00:00,97.74
Montenegro,MNE,2023-09-04 22:00:00,2023-09-05 00:00:00,95.07
Montenegro,MNE,2023-09-04 23:00:00,2023-09-05 01:00:00,87.39
Montenegro,MNE,2023-09-05 00:00:00,2023-09-05 02:00:00,86.47
Montenegro,MNE,2023-09-05 01:00:00,2023-09-05 03:00:00,86.72
Montenegro,MNE,2023-09-05 02:00:00,2023-09-05 04:00:00,86.84
Montenegro,MNE,2023-09-05 03:00:00,2023-09-05 05:00:00,95.34
Montenegro,MNE,2023-09-05 04:00:00,2023-09-05 06:00:00,105.08
Montenegro,MNE,2023-09-05 05:00:00,2023-09-05 07:00:00,117.86
Montenegro,MNE,2023-09-05 06:00:00,2023-09-05 08:00:00,122.26
Montenegro,MNE,2023-09-05 07:00:00,2023-09-05 09:00:00,118.62
Montenegro,MNE,2023-09-05 08:00:00,2023-09-05 10:00:00,96.68
Montenegro,MNE,2023-09-05 09:00:00,2023-09-05 11:00:00,87.22
Montenegro,MNE,2023-09-05 10:00:00,2023-09-05 12:00:00,84.16
Montenegro,MNE,2023-09-05 11:00:00,2023-09-05 13:00:00,80.08
Montenegro,MNE,2023-09-05 12:00:00,2023-09-05 14:00:00,80.07
Montenegro,MNE,2023-09-05 13:00:00,2023-09-05 15:00:00,86.76
Montenegro,MNE,2023-09-05 14:00:00,2023-09-05 16:00:00,95.73
Montenegro,MNE,2023-09-05 15:00:00,2023-09-05 17:00:00,106.95
Montenegro,MNE,2023-09-05 16:00:00,2023-09-05 18:00:00,119.9
Montenegro,MNE,2023-09-05 17:00:00,2023-09-05 19:00:00,142.4
Montenegro,MNE,2023-09-05 18:00:00,2023-09-05 20:00:00,135.06
Montenegro,MNE,2023-09-05 19:00:00,2023-09-05 21:00:00,119.95
Montenegro,MNE,2023-09-05 20:00:00,2023-09-05 22:00:00,105.43
Montenegro,MNE,2023-09-05 21:00:00,2023-09-05 23:00:00,104.01
Montenegro,MNE,2023-09-05 22:00:00,2023-09-06 00:00:00,94.05
Montenegro,MNE,2023-09-05 23:00:00,2023-09-06 01:00:00,86.98
Montenegro,MNE,2023-09-06 00:00:00,2023-09-06 02:00:00,86.8
Montenegro,MNE,2023-09-06 01:00:00,2023-09-06 03:00:00,86.51
Montenegro,MNE,2023-09-06 02:00:00,2023-09-06 04:00:00,90.45
Montenegro,MNE,2023-09-06 03:00:00,2023-09-06 05:00:00,95.42
Montenegro,MNE,2023-09-06 04:00:00,2023-09-06 06:00:00,109.92
Montenegro,MNE,2023-09-06 05:00:00,2023-09-06 07:00:00,118.27
Montenegro,MNE,2023-09-06 06:00:00,2023-09-06 08:00:00,113.75
Montenegro,MNE,2023-09-06 07:00:00,2023-09-06 09:00:00,95.68
Montenegro,MNE,2023-09-06 08:00:00,2023-09-06 10:00:00,93.05
Montenegro,MNE,2023-09-06 09:00:00,2023-09-06 11:00:00,86.81
Montenegro,MNE,2023-09-06 10:00:00,2023-09-06 12:00:00,79.1
Montenegro,MNE,2023-09-06 11:00:00,2023-09-06 13:00:00,77.68
Montenegro,MNE,2023-09-06 12:00:00,2023-09-06 14:00:00,79.0
Montenegro,MNE,2023-09-06 13:00:00,2023-09-06 15:00:00,86.55
Montenegro,MNE,2023-09-06 14:00:00,2023-09-06 16:00:00,88.7
Montenegro,MNE,2023-09-06 15:00:00,2023-09-06 17:00:00,101.53
Montenegro,MNE,2023-09-06 16:00:00,2023-09-06 18:00:00,122.55
Montenegro,MNE,2023-09-06 17:00:00,2023-09-06 19:00:00,158.46
Montenegro,MNE,2023-09-06 18:00:00,2023-09-06 20:00:00,150.31
Montenegro,MNE,2023-09-06 19:00:00,2023-09-06 21:00:00,122.38
Montenegro,MNE,2023-09-06 20:00:00,2023-09-06 22:00:00,104.91
Montenegro,MNE,2023-09-06 21:00:00,2023-09-06 23:00:00,97.18
Montenegro,MNE,2023-09-06 22:00:00,2023-09-07 00:00:00,90.77
Montenegro,MNE,2023-09-06 23:00:00,2023-09-07 01:00:00,80.3
Montenegro,MNE,2023-09-07 00:00:00,2023-09-07 02:00:00,81.63
Montenegro,MNE,2023-09-07 01:00:00,2023-09-07 03:00:00,80.25
Montenegro,MNE,2023-09-07 02:00:00,2023-09-07 04:00:00,82.01
Montenegro,MNE,2023-09-07 03:00:00,2023-09-07 05:00:00,85.25
Montenegro,MNE,2023-09-07 04:00:00,2023-09-07 06:00:00,104.04
Montenegro,MNE,2023-09-07 05:00:00,2023-09-07 07:00:00,111.4
Montenegro,MNE,2023-09-07 06:00:00,2023-09-07 08:00:00,110.98
Montenegro,MNE,2023-09-07 07:00:00,2023-09-07 09:00:00,103.05
Montenegro,MNE,2023-09-07 08:00:00,2023-09-07 10:00:00,95.58
Montenegro,MNE,2023-09-07 09:00:00,2023-09-07 11:00:00,83.28
Montenegro,MNE,2023-09-07 10:00:00,2023-09-07 12:00:00,76.09
Montenegro,MNE,2023-09-07 11:00:00,2023-09-07 13:00:00,72.06
Montenegro,MNE,2023-09-07 12:00:00,2023-09-07 14:00:00,71.98
Montenegro,MNE,2023-09-07 13:00:00,2023-09-07 15:00:00,76.73
Montenegro,MNE,2023-09-07 14:00:00,2023-09-07 16:00:00,85.16
Montenegro,MNE,2023-09-07 15:00:00,2023-09-07 17:00:00,104.4
Montenegro,MNE,2023-09-07 16:00:00,2023-09-07 18:00:00,125.57
Montenegro,MNE,2023-09-07 17:00:00,2023-09-07 19:00:00,160.43
Montenegro,MNE,2023-09-07 18:00:00,2023-09-07 20:00:00,146.86
Montenegro,MNE,2023-09-07 19:00:00,2023-09-07 21:00:00,119.66
Montenegro,MNE,2023-09-07 20:00:00,2023-09-07 22:00:00,106.03
Montenegro,MNE,2023-09-07 21:00:00,2023-09-07 23:00:00,96.78
Montenegro,MNE,2023-09-07 22:00:00,2023-09-08 00:00:00,88.92
Montenegro,MNE,2023-09-07 23:00:00,2023-09-08 01:00:00,83.09
Montenegro,MNE,2023-09-08 00:00:00,2023-09-08 02:00:00,80.26
Montenegro,MNE,2023-09-08 01:00:00,2023-09-08 03:00:00,76.78
Montenegro,MNE,2023-09-08 02:00:00,2023-09-08 04:00:00,80.97
Montenegro,MNE,2023-09-08 03:00:00,2023-09-08 05:00:00,83.85
Montenegro,MNE,2023-09-08 04:00:00,2023-09-08 06:00:00,97.67
Montenegro,MNE,2023-09-08 05:00:00,2023-09-08 07:00:00,102.9
Montenegro,MNE,2023-09-08 06:00:00,2023-09-08 08:00:00,113.05
Montenegro,MNE,2023-09-08 07:00:00,2023-09-08 09:00:00,97.2
Montenegro,MNE,2023-09-08 08:00:00,2023-09-08 10:00:00,85.0
Montenegro,MNE,2023-09-08 09:00:00,2023-09-08 11:00:00,82.49
Montenegro,MNE,2023-09-08 10:00:00,2023-09-08 12:00:00,74.94
Montenegro,MNE,2023-09-08 11:00:00,2023-09-08 13:00:00,69.98
Montenegro,MNE,2023-09-08 12:00:00,2023-09-08 14:00:00,69.98
Montenegro,MNE,2023-09-08 13:00:00,2023-09-08 15:00:00,78.22
Montenegro,MNE,2023-09-08 14:00:00,2023-09-08 16:00:00,84.65
Montenegro,MNE,2023-09-08 15:00:00,2023-09-08 17:00:00,104.86
Montenegro,MNE,2023-09-08 16:00:00,2023-09-08 18:00:00,125.85
Montenegro,MNE,2023-09-08 17:00:00,2023-09-08 19:00:00,153.89
Montenegro,MNE,2023-09-08 18:00:00,2023-09-08 20:00:00,146.66
Montenegro,MNE,2023-09-08 19:00:00,2023-09-08 21:00:00,132.31
Montenegro,MNE,2023-09-08 20:00:00,2023-09-08 22:00:00,111.68
Montenegro,MNE,2023-09-08 21:00:00,2023-09-08 23:00:00,99.82
Montenegro,MNE,2023-09-08 22:00:00,2023-09-09 00:00:00,98.1
Montenegro,MNE,2023-09-08 23:00:00,2023-09-09 01:00:00,91.62
Montenegro,MNE,2023-09-09 00:00:00,2023-09-09 02:00:00,87.99
Montenegro,MNE,2023-09-09 01:00:00,2023-09-09 03:00:00,85.09
Montenegro,MNE,2023-09-09 02:00:00,2023-09-09 04:00:00,85.07
Montenegro,MNE,2023-09-09 03:00:00,2023-09-09 05:00:00,90.02
Montenegro,MNE,2023-09-09 04:00:00,2023-09-09 06:00:00,97.23
Montenegro,MNE,2023-09-09 05:00:00,2023-09-09 07:00:00,97.96
Montenegro,MNE,2023-09-09 06:00:00,2023-09-09 08:00:00,96.83
Montenegro,MNE,2023-09-09 07:00:00,2023-09-09 09:00:00,86.67
Montenegro,MNE,2023-09-09 08:00:00,2023-09-09 10:00:00,72.3
Montenegro,MNE,2023-09-09 09:00:00,2023-09-09 11:00:00,61.72
Montenegro,MNE,2023-09-09 10:00:00,2023-09-09 12:00:00,44.94
Montenegro,MNE,2023-09-09 11:00:00,2023-09-09 13:00:00,39.9
Montenegro,MNE,2023-09-09 12:00:00,2023-09-09 14:00:00,39.49
Montenegro,MNE,2023-09-09 13:00:00,2023-09-09 15:00:00,55.21
Montenegro,MNE,2023-09-09 14:00:00,2023-09-09 16:00:00,73.16
Montenegro,MNE,2023-09-09 15:00:00,2023-09-09 17:00:00,92.34
Montenegro,MNE,2023-09-09 16:00:00,2023-09-09 18:00:00,122.53
Montenegro,MNE,2023-09-09 17:00:00,2023-09-09 19:00:00,153.39
Montenegro,MNE,2023-09-09 18:00:00,2023-09-09 20:00:00,153.69
Montenegro,MNE,2023-09-09 19:00:00,2023-09-09 21:00:00,138.72
Montenegro,MNE,2023-09-09 20:00:00,2023-09-09 22:00:00,116.02
Montenegro,MNE,2023-09-09 21:00:00,2023-09-09 23:00:00,105.45
Montenegro,MNE,2023-09-09 22:00:00,2023-09-10 00:00:00,97.29
Montenegro,MNE,2023-09-09 23:00:00,2023-09-10 01:00:00,93.08
Montenegro,MNE,2023-09-10 00:00:00,2023-09-10 02:00:00,89.76
Montenegro,MNE,2023-09-10 01:00:00,2023-09-10 03:00:00,85.5
Montenegro,MNE,2023-09-10 02:00:00,2023-09-10 04:00:00,85.71
Montenegro,MNE,2023-09-10 03:00:00,2023-09-10 05:00:00,85.09
Montenegro,MNE,2023-09-10 04:00:00,2023-09-10 06:00:00,87.5
Montenegro,MNE,2023-09-10 05:00:00,2023-09-10 07:00:00,89.5
Montenegro,MNE,2023-09-10 06:00:00,2023-09-10 08:00:00,87.92
Montenegro,MNE,2023-09-10 07:00:00,2023-09-10 09:00:00,69.15
Montenegro,MNE,2023-09-10 08:00:00,2023-09-10 10:00:00,48.59
Montenegro,MNE,2023-09-10 09:00:00,2023-09-10 11:00:00,31.46
Montenegro,MNE,2023-09-10 10:00:00,2023-09-10 12:00:00,21.46
Montenegro,MNE,2023-09-10 11:00:00,2023-09-10 13:00:00,21.58
Montenegro,MNE,2023-09-10 12:00:00,2023-09-10 14:00:00,21.35
Montenegro,MNE,2023-09-10 13:00:00,2023-09-10 15:00:00,29.94
Montenegro,MNE,2023-09-10 14:00:00,2023-09-10 16:00:00,65.66
Montenegro,MNE,2023-09-10 15:00:00,2023-09-10 17:00:00,91.79
Montenegro,MNE,2023-09-10 16:00:00,2023-09-10 18:00:00,109.94
Montenegro,MNE,2023-09-10 17:00:00,2023-09-10 19:00:00,135.86
Montenegro,MNE,2023-09-10 18:00:00,2023-09-10 20:00:00,143.36
Montenegro,MNE,2023-09-10 19:00:00,2023-09-10 21:00:00,121.71
Montenegro,MNE,2023-09-10 20:00:00,2023-09-10 22:00:00,109.93
Montenegro,MNE,2023-09-10 21:00:00,2023-09-10 23:00:00,98.69
Montenegro,MNE,2023-09-10 22:00:00,2023-09-11 00:00:00,91.74
Montenegro,MNE,2023-09-10 23:00:00,2023-09-11 01:00:00,88.35
Montenegro,MNE,2023-09-11 00:00:00,2023-09-11 02:00:00,82.87
Montenegro,MNE,2023-09-11 01:00:00,2023-09-11 03:00:00,83.32
Montenegro,MNE,2023-09-11 02:00:00,2023-09-11 04:00:00,78.44
Montenegro,MNE,2023-09-11 03:00:00,2023-09-11 05:00:00,96.29
Montenegro,MNE,2023-09-11 04:00:00,2023-09-11 06:00:00,109.97
Montenegro,MNE,2023-09-11 05:00:00,2023-09-11 07:00:00,111.43
Montenegro,MNE,2023-09-11 06:00:00,2023-09-11 08:00:00,108.51
Montenegro,MNE,2023-09-11 07:00:00,2023-09-11 09:00:00,101.5
Montenegro,MNE,2023-09-11 08:00:00,2023-09-11 10:00:00,95.5
Montenegro,MNE,2023-09-11 09:00:00,2023-09-11 11:00:00,90.64
Montenegro,MNE,2023-09-11 10:00:00,2023-09-11 12:00:00,81.0
Montenegro,MNE,2023-09-11 11:00:00,2023-09-11 13:00:00,83.64
Montenegro,MNE,2023-09-11 12:00:00,2023-09-11 14:00:00,83.91
Montenegro,MNE,2023-09-11 13:00:00,2023-09-11 15:00:00,90.93
Montenegro,MNE,2023-09-11 14:00:00,2023-09-11 16:00:00,102.71
Montenegro,MNE,2023-09-11 15:00:00,2023-09-11 17:00:00,125.19
Montenegro,MNE,2023-09-11 16:00:00,2023-09-11 18:00:00,154.92
Montenegro,MNE,2023-09-11 17:00:00,2023-09-11 19:00:00,204.95
Montenegro,MNE,2023-09-11 18:00:00,2023-09-11 20:00:00,171.05
Montenegro,MNE,2023-09-11 19:00:00,2023-09-11 21:00:00,150.43
Montenegro,MNE,2023-09-11 20:00:00,2023-09-11 22:00:00,125.55
Montenegro,MNE,2023-09-11 21:00:00,2023-09-11 23:00:00,111.51
Montenegro,MNE,2023-09-11 22:00:00,2023-09-12 00:00:00,111.73
Montenegro,MNE,2023-09-11 23:00:00,2023-09-12 01:00:00,111.71
Montenegro,MNE,2023-09-12 00:00:00,2023-09-12 02:00:00,104.82
Montenegro,MNE,2023-09-12 01:00:00,2023-09-12 03:00:00,100.92
Montenegro,MNE,2023-09-12 02:00:00,2023-09-12 04:00:00,103.96
Montenegro,MNE,2023-09-12 03:00:00,2023-09-12 05:00:00,111.23
Montenegro,MNE,2023-09-12 04:00:00,2023-09-12 06:00:00,125.1
Montenegro,MNE,2023-09-12 05:00:00,2023-09-12 07:00:00,174.65
Montenegro,MNE,2023-09-12 06:00:00,2023-09-12 08:00:00,151.07
Montenegro,MNE,2023-09-12 07:00:00,2023-09-12 09:00:00,125.8
Montenegro,MNE,2023-09-12 08:00:00,2023-09-12 10:00:00,106.08
Montenegro,MNE,2023-09-12 09:00:00,2023-09-12 11:00:00,100.88
Montenegro,MNE,2023-09-12 10:00:00,2023-09-12 12:00:00,97.97
Montenegro,MNE,2023-09-12 11:00:00,2023-09-12 13:00:00,97.96
Montenegro,MNE,2023-09-12 12:00:00,2023-09-12 14:00:00,97.96
Montenegro,MNE,2023-09-12 13:00:00,2023-09-12 15:00:00,104.85
Montenegro,MNE,2023-09-12 14:00:00,2023-09-12 16:00:00,111.67
Montenegro,MNE,2023-09-12 15:00:00,2023-09-12 17:00:00,134.81
Montenegro,MNE,2023-09-12 16:00:00,2023-09-12 18:00:00,218.89
Montenegro,MNE,2023-09-12 17:00:00,2023-09-12 19:00:00,268.62
Montenegro,MNE,2023-09-12 18:00:00,2023-09-12 20:00:00,224.28
Montenegro,MNE,2023-09-12 19:00:00,2023-09-12 21:00:00,197.94
Montenegro,MNE,2023-09-12 20:00:00,2023-09-12 22:00:00,126.02
Montenegro,MNE,2023-09-12 21:00:00,2023-09-12 23:00:00,112.08
Montenegro,MNE,2023-09-12 22:00:00,2023-09-13 00:00:00,104.8
Montenegro,MNE,2023-09-12 23:00:00,2023-09-13 01:00:00,103.92
Montenegro,MNE,2023-09-13 00:00:00,2023-09-13 02:00:00,97.3
Montenegro,MNE,2023-09-13 01:00:00,2023-09-13 03:00:00,95.92
Montenegro,MNE,2023-09-13 02:00:00,2023-09-13 04:00:00,98.11
Montenegro,MNE,2023-09-13 03:00:00,2023-09-13 05:00:00,103.05
Montenegro,MNE,2023-09-13 04:00:00,2023-09-13 06:00:00,114.22
Montenegro,MNE,2023-09-13 05:00:00,2023-09-13 07:00:00,125.41
Montenegro,MNE,2023-09-13 06:00:00,2023-09-13 08:00:00,125.27
Montenegro,MNE,2023-09-13 07:00:00,2023-09-13 09:00:00,111.74
Montenegro,MNE,2023-09-13 08:00:00,2023-09-13 10:00:00,107.65
Montenegro,MNE,2023-09-13 09:00:00,2023-09-13 11:00:00,97.91
Montenegro,MNE,2023-09-13 10:00:00,2023-09-13 12:00:00,95.03
Montenegro,MNE,2023-09-13 11:00:00,2023-09-13 13:00:00,94.93
Montenegro,MNE,2023-09-13 12:00:00,2023-09-13 14:00:00,94.93
Montenegro,MNE,2023-09-13 13:00:00,2023-09-13 15:00:00,94.93
Montenegro,MNE,2023-09-13 14:00:00,2023-09-13 16:00:00,104.4
Montenegro,MNE,2023-09-13 15:00:00,2023-09-13 17:00:00,109.6
Montenegro,MNE,2023-09-13 16:00:00,2023-09-13 18:00:00,139.11
Montenegro,MNE,2023-09-13 17:00:00,2023-09-13 19:00:00,173.24
Montenegro,MNE,2023-09-13 18:00:00,2023-09-13 20:00:00,167.44
Montenegro,MNE,2023-09-13 19:00:00,2023-09-13 21:00:00,139.17
Montenegro,MNE,2023-09-13 20:00:00,2023-09-13 22:00:00,118.78
Montenegro,MNE,2023-09-13 21:00:00,2023-09-13 23:00:00,106.83
Montenegro,MNE,2023-09-13 22:00:00,2023-09-14 00:00:00,104.33
Montenegro,MNE,2023-09-13 23:00:00,2023-09-14 01:00:00,107.95
Montenegro,MNE,2023-09-14 00:00:00,2023-09-14 02:00:00,99.36
Montenegro,MNE,2023-09-14 01:00:00,2023-09-14 03:00:00,100.13
Montenegro,MNE,2023-09-14 02:00:00,2023-09-14 04:00:00,101.67
Montenegro,MNE,2023-09-14 03:00:00,2023-09-14 05:00:00,110.21
Montenegro,MNE,2023-09-14 04:00:00,2023-09-14 06:00:00,139.56
Montenegro,MNE,2023-09-14 05:00:00,2023-09-14 07:00:00,150.05
Montenegro,MNE,2023-09-14 06:00:00,2023-09-14 08:00:00,142.15
Montenegro,MNE,2023-09-14 07:00:00,2023-09-14 09:00:00,125.96
Montenegro,MNE,2023-09-14 08:00:00,2023-09-14 10:00:00,111.87
Montenegro,MNE,2023-09-14 09:00:00,2023-09-14 11:00:00,104.92
Montenegro,MNE,2023-09-14 10:00:00,2023-09-14 12:00:00,98.95
Montenegro,MNE,2023-09-14 11:00:00,2023-09-14 13:00:00,97.91
Montenegro,MNE,2023-09-14 12:00:00,2023-09-14 14:00:00,96.55
Montenegro,MNE,2023-09-14 13:00:00,2023-09-14 15:00:00,102.2
Montenegro,MNE,2023-09-14 14:00:00,2023-09-14 16:00:00,109.86
Montenegro,MNE,2023-09-14 15:00:00,2023-09-14 17:00:00,131.75
Montenegro,MNE,2023-09-14 16:00:00,2023-09-14 18:00:00,160.89
Montenegro,MNE,2023-09-14 17:00:00,2023-09-14 19:00:00,221.35
Montenegro,MNE,2023-09-14 18:00:00,2023-09-14 20:00:00,194.95
Montenegro,MNE,2023-09-14 19:00:00,2023-09-14 21:00:00,148.84
Montenegro,MNE,2023-09-14 20:00:00,2023-09-14 22:00:00,117.02
Montenegro,MNE,2023-09-14 21:00:00,2023-09-14 23:00:00,111.03
Montenegro,MNE,2023-09-14 22:00:00,2023-09-15 00:00:00,104.76
Montenegro,MNE,2023-09-14 23:00:00,2023-09-15 01:00:00,99.03
Montenegro,MNE,2023-09-15 00:00:00,2023-09-15 02:00:00,97.32
Montenegro,MNE,2023-09-15 01:00:00,2023-09-15 03:00:00,95.27
Montenegro,MNE,2023-09-15 02:00:00,2023-09-15 04:00:00,97.56
Montenegro,MNE,2023-09-15 03:00:00,2023-09-15 05:00:00,106.31
Montenegro,MNE,2023-09-15 04:00:00,2023-09-15 06:00:00,118.27
Montenegro,MNE,2023-09-15 05:00:00,2023-09-15 07:00:00,143.3
Montenegro,MNE,2023-09-15 06:00:00,2023-09-15 08:00:00,124.93
Montenegro,MNE,2023-09-15 07:00:00,2023-09-15 09:00:00,111.14
Montenegro,MNE,2023-09-15 08:00:00,2023-09-15 10:00:00,99.96
Montenegro,MNE,2023-09-15 09:00:00,2023-09-15 11:00:00,92.23
Montenegro,MNE,2023-09-15 10:00:00,2023-09-15 12:00:00,90.05
Montenegro,MNE,2023-09-15 11:00:00,2023-09-15 13:00:00,90.06
Montenegro,MNE,2023-09-15 12:00:00,2023-09-15 14:00:00,90.61
Montenegro,MNE,2023-09-15 13:00:00,2023-09-15 15:00:00,97.08
Montenegro,MNE,2023-09-15 14:00:00,2023-09-15 16:00:00,104.6
Montenegro,MNE,2023-09-15 15:00:00,2023-09-15 17:00:00,118.8
Montenegro,MNE,2023-09-15 16:00:00,2023-09-15 18:00:00,150.44
Montenegro,MNE,2023-09-15 17:00:00,2023-09-15 19:00:00,183.08
Montenegro,MNE,2023-09-15 18:00:00,2023-09-15 20:00:00,153.29
Montenegro,MNE,2023-09-15 19:00:00,2023-09-15 21:00:00,130.28
Montenegro,MNE,2023-09-15 20:00:00,2023-09-15 22:00:00,110.55
Montenegro,MNE,2023-09-15 21:00:00,2023-09-15 23:00:00,95.52
Montenegro,MNE,2023-09-15 22:00:00,2023-09-16 00:00:00,105.92
Montenegro,MNE,2023-09-15 23:00:00,2023-09-16 01:00:00,100.97
Montenegro,MNE,2023-09-16 00:00:00,2023-09-16 02:00:00,99.94
Montenegro,MNE,2023-09-16 01:00:00,2023-09-16 03:00:00,98.97
Montenegro,MNE,2023-09-16 02:00:00,2023-09-16 04:00:00,98.95
Montenegro,MNE,2023-09-16 03:00:00,2023-09-16 05:00:00,93.12
Montenegro,MNE,2023-09-16 04:00:00,2023-09-16 06:00:00,97.86
Montenegro,MNE,2023-09-16 05:00:00,2023-09-16 07:00:00,99.58
Montenegro,MNE,2023-09-16 06:00:00,2023-09-16 08:00:00,99.03
Montenegro,MNE,2023-09-16 07:00:00,2023-09-16 09:00:00,91.5
Montenegro,MNE,2023-09-16 08:00:00,2023-09-16 10:00:00,83.74
Montenegro,MNE,2023-09-16 09:00:00,2023-09-16 11:00:00,69.95
Montenegro,MNE,2023-09-16 10:00:00,2023-09-16 12:00:00,56.73
Montenegro,MNE,2023-09-16 11:00:00,2023-09-16 13:00:00,51.86
Montenegro,MNE,2023-09-16 12:00:00,2023-09-16 14:00:00,54.77
Montenegro,MNE,2023-09-16 13:00:00,2023-09-16 15:00:00,64.98
Montenegro,MNE,2023-09-16 14:00:00,2023-09-16 16:00:00,85.77
Montenegro,MNE,2023-09-16 15:00:00,2023-09-16 17:00:00,111.98
Montenegro,MNE,2023-09-16 16:00:00,2023-09-16 18:00:00,146.92
Montenegro,MNE,2023-09-16 17:00:00,2023-09-16 19:00:00,168.31
Montenegro,MNE,2023-09-16 18:00:00,2023-09-16 20:00:00,154.69
Montenegro,MNE,2023-09-16 19:00:00,2023-09-16 21:00:00,124.98
Montenegro,MNE,2023-09-16 20:00:00,2023-09-16 22:00:00,105.27
Montenegro,MNE,2023-09-16 21:00:00,2023-09-16 23:00:00,104.97
Montenegro,MNE,2023-09-16 22:00:00,2023-09-17 00:00:00,100.08
Montenegro,MNE,2023-09-16 23:00:00,2023-09-17 01:00:00,93.75
Montenegro,MNE,2023-09-17 00:00:00,2023-09-17 02:00:00,90.85
Montenegro,MNE,2023-09-17 01:00:00,2023-09-17 03:00:00,89.94
Montenegro,MNE,2023-09-17 02:00:00,2023-09-17 04:00:00,88.22
Montenegro,MNE,2023-09-17 03:00:00,2023-09-17 05:00:00,87.74
Montenegro,MNE,2023-09-17 04:00:00,2023-09-17 06:00:00,94.71
Montenegro,MNE,2023-09-17 05:00:00,2023-09-17 07:00:00,100.07
Montenegro,MNE,2023-09-17 06:00:00,2023-09-17 08:00:00,99.6
Montenegro,MNE,2023-09-17 07:00:00,2023-09-17 09:00:00,76.5
Montenegro,MNE,2023-09-17 08:00:00,2023-09-17 10:00:00,63.47
Montenegro,MNE,2023-09-17 09:00:00,2023-09-17 11:00:00,43.07
Montenegro,MNE,2023-09-17 10:00:00,2023-09-17 12:00:00,21.47
Montenegro,MNE,2023-09-17 11:00:00,2023-09-17 13:00:00,20.07
Montenegro,MNE,2023-09-17 12:00:00,2023-09-17 14:00:00,20.07
Montenegro,MNE,2023-09-17 13:00:00,2023-09-17 15:00:00,35.67
Montenegro,MNE,2023-09-17 14:00:00,2023-09-17 16:00:00,62.9
Montenegro,MNE,2023-09-17 15:00:00,2023-09-17 17:00:00,93.48
Montenegro,MNE,2023-09-17 16:00:00,2023-09-17 18:00:00,112.3
Montenegro,MNE,2023-09-17 17:00:00,2023-09-17 19:00:00,132.02
Montenegro,MNE,2023-09-17 18:00:00,2023-09-17 20:00:00,131.05
Montenegro,MNE,2023-09-17 19:00:00,2023-09-17 21:00:00,118.53
Montenegro,MNE,2023-09-17 20:00:00,2023-09-17 22:00:00,85.18
Montenegro,MNE,2023-09-17 21:00:00,2023-09-17 23:00:00,75.07
Montenegro,MNE,2023-09-17 22:00:00,2023-09-18 00:00:00,90.29
Montenegro,MNE,2023-09-17 23:00:00,2023-09-18 01:00:00,83.3
Montenegro,MNE,2023-09-18 00:00:00,2023-09-18 02:00:00,74.02
Montenegro,MNE,2023-09-18 01:00:00,2023-09-18 03:00:00,65.05
Montenegro,MNE,2023-09-18 02:00:00,2023-09-18 04:00:00,67.09
Montenegro,MNE,2023-09-18 03:00:00,2023-09-18 05:00:00,79.19
Montenegro,MNE,2023-09-18 04:00:00,2023-09-18 06:00:00,100.7
Montenegro,MNE,2023-09-18 05:00:00,2023-09-18 07:00:00,119.99
Montenegro,MNE,2023-09-18 06:00:00,2023-09-18 08:00:00,109.83
Montenegro,MNE,2023-09-18 07:00:00,2023-09-18 09:00:00,104.37
Montenegro,MNE,2023-09-18 08:00:00,2023-09-18 10:00:00,87.86
Montenegro,MNE,2023-09-18 09:00:00,2023-09-18 11:00:00,80.86
Montenegro,MNE,2023-09-18 10:00:00,2023-09-18 12:00:00,78.46
Montenegro,MNE,2023-09-18 11:00:00,2023-09-18 13:00:00,60.56
Montenegro,MNE,2023-09-18 12:00:00,2023-09-18 14:00:00,69.56
Montenegro,MNE,2023-09-18 13:00:00,2023-09-18 15:00:00,79.36
Montenegro,MNE,2023-09-18 14:00:00,2023-09-18 16:00:00,94.86
Montenegro,MNE,2023-09-18 15:00:00,2023-09-18 17:00:00,113.02
Montenegro,MNE,2023-09-18 16:00:00,2023-09-18 18:00:00,126.45
Montenegro,MNE,2023-09-18 17:00:00,2023-09-18 19:00:00,153.95
Montenegro,MNE,2023-09-18 18:00:00,2023-09-18 20:00:00,132.5
Montenegro,MNE,2023-09-18 19:00:00,2023-09-18 21:00:00,110.08
Montenegro,MNE,2023-09-18 20:00:00,2023-09-18 22:00:00,96.26
Montenegro,MNE,2023-09-18 21:00:00,2023-09-18 23:00:00,87.16
Montenegro,MNE,2023-09-18 22:00:00,2023-09-19 00:00:00,75.9
Montenegro,MNE,2023-09-18 23:00:00,2023-09-19 01:00:00,58.78
Montenegro,MNE,2023-09-19 00:00:00,2023-09-19 02:00:00,50.4
Montenegro,MNE,2023-09-19 01:00:00,2023-09-19 03:00:00,50.75
Montenegro,MNE,2023-09-19 02:00:00,2023-09-19 04:00:00,43.25
Montenegro,MNE,2023-09-19 03:00:00,2023-09-19 05:00:00,67.85
Montenegro,MNE,2023-09-19 04:00:00,2023-09-19 06:00:00,97.55
Montenegro,MNE,2023-09-19 05:00:00,2023-09-19 07:00:00,109.99
Montenegro,MNE,2023-09-19 06:00:00,2023-09-19 08:00:00,105.75
Montenegro,MNE,2023-09-19 07:00:00,2023-09-19 09:00:00,85.85
Montenegro,MNE,2023-09-19 08:00:00,2023-09-19 10:00:00,53.5
Montenegro,MNE,2023-09-19 09:00:00,2023-09-19 11:00:00,37.42
Montenegro,MNE,2023-09-19 10:00:00,2023-09-19 12:00:00,37.95
Montenegro,MNE,2023-09-19 11:00:00,2023-09-19 13:00:00,27.4
Montenegro,MNE,2023-09-19 12:00:00,2023-09-19 14:00:00,47.95
Montenegro,MNE,2023-09-19 13:00:00,2023-09-19 15:00:00,81.95
Montenegro,MNE,2023-09-19 14:00:00,2023-09-19 16:00:00,82.76
Montenegro,MNE,2023-09-19 15:00:00,2023-09-19 17:00:00,102.5
Montenegro,MNE,2023-09-19 16:00:00,2023-09-19 18:00:00,112.0
Montenegro,MNE,2023-09-19 17:00:00,2023-09-19 19:00:00,135.75
Montenegro,MNE,2023-09-19 18:00:00,2023-09-19 20:00:00,109.94
Montenegro,MNE,2023-09-19 19:00:00,2023-09-19 21:00:00,88.46
Montenegro,MNE,2023-09-19 20:00:00,2023-09-19 22:00:00,81.35
Montenegro,MNE,2023-09-19 21:00:00,2023-09-19 23:00:00,75.28
Montenegro,MNE,2023-09-19 22:00:00,2023-09-20 00:00:00,53.97
Montenegro,MNE,2023-09-19 23:00:00,2023-09-20 01:00:00,45.21
Montenegro,MNE,2023-09-20 00:00:00,2023-09-20 02:00:00,38.52
Montenegro,MNE,2023-09-20 01:00:00,2023-09-20 03:00:00,31.79
Montenegro,MNE,2023-09-20 02:00:00,2023-09-20 04:00:00,40.58
Montenegro,MNE,2023-09-20 03:00:00,2023-09-20 05:00:00,76.07
Montenegro,MNE,2023-09-20 04:00:00,2023-09-20 06:00:00,113.35
Montenegro,MNE,2023-09-20 05:00:00,2023-09-20 07:00:00,118.04
Montenegro,MNE,2023-09-20 06:00:00,2023-09-20 08:00:00,119.46
Montenegro,MNE,2023-09-20 07:00:00,2023-09-20 09:00:00,92.07
Montenegro,MNE,2023-09-20 08:00:00,2023-09-20 10:00:00,71.42
Montenegro,MNE,2023-09-20 09:00:00,2023-09-20 11:00:00,58.16
Montenegro,MNE,2023-09-20 10:00:00,2023-09-20 12:00:00,64.79
Montenegro,MNE,2023-09-20 11:00:00,2023-09-20 13:00:00,56.05
Montenegro,MNE,2023-09-20 12:00:00,2023-09-20 14:00:00,79.96
Montenegro,MNE,2023-09-20 13:00:00,2023-09-20 15:00:00,93.85
Montenegro,MNE,2023-09-20 14:00:00,2023-09-20 16:00:00,105.92
Montenegro,MNE,2023-09-20 15:00:00,2023-09-20 17:00:00,123.19
Montenegro,MNE,2023-09-20 16:00:00,2023-09-20 18:00:00,144.6
Montenegro,MNE,2023-09-20 17:00:00,2023-09-20 19:00:00,175.06
Montenegro,MNE,2023-09-20 18:00:00,2023-09-20 20:00:00,147.62
Montenegro,MNE,2023-09-20 19:00:00,2023-09-20 21:00:00,117.32
Montenegro,MNE,2023-09-20 20:00:00,2023-09-20 22:00:00,100.82
Montenegro,MNE,2023-09-20 21:00:00,2023-09-20 23:00:00,85.0
Montenegro,MNE,2023-09-20 22:00:00,2023-09-21 00:00:00,84.79
Montenegro,MNE,2023-09-20 23:00:00,2023-09-21 01:00:00,71.56
Montenegro,MNE,2023-09-21 00:00:00,2023-09-21 02:00:00,69.6
Montenegro,MNE,2023-09-21 01:00:00,2023-09-21 03:00:00,59.76
Montenegro,MNE,2023-09-21 02:00:00,2023-09-21 04:00:00,65.06
Montenegro,MNE,2023-09-21 03:00:00,2023-09-21 05:00:00,86.21
Montenegro,MNE,2023-09-21 04:00:00,2023-09-21 06:00:00,111.05
Montenegro,MNE,2023-09-21 05:00:00,2023-09-21 07:00:00,122.96
Montenegro,MNE,2023-09-21 06:00:00,2023-09-21 08:00:00,119.18
Montenegro,MNE,2023-09-21 07:00:00,2023-09-21 09:00:00,104.95
Montenegro,MNE,2023-09-21 08:00:00,2023-09-21 10:00:00,100.01
Montenegro,MNE,2023-09-21 09:00:00,2023-09-21 11:00:00,95.55
Montenegro,MNE,2023-09-21 10:00:00,2023-09-21 12:00:00,93.3
Montenegro,MNE,2023-09-21 11:00:00,2023-09-21 13:00:00,88.5
Montenegro,MNE,2023-09-21 12:00:00,2023-09-21 14:00:00,88.0
Montenegro,MNE,2023-09-21 13:00:00,2023-09-21 15:00:00,96.05
Montenegro,MNE,2023-09-21 14:00:00,2023-09-21 16:00:00,114.62
Montenegro,MNE,2023-09-21 15:00:00,2023-09-21 17:00:00,126.62
Montenegro,MNE,2023-09-21 16:00:00,2023-09-21 18:00:00,162.44
Montenegro,MNE,2023-09-21 17:00:00,2023-09-21 19:00:00,208.64
Montenegro,MNE,2023-09-21 18:00:00,2023-09-21 20:00:00,180.95
Montenegro,MNE,2023-09-21 19:00:00,2023-09-21 21:00:00,138.95
Montenegro,MNE,2023-09-21 20:00:00,2023-09-21 22:00:00,110.32
Montenegro,MNE,2023-09-21 21:00:00,2023-09-21 23:00:00,97.37
Montenegro,MNE,2023-09-21 22:00:00,2023-09-22 00:00:00,85.9
Montenegro,MNE,2023-09-21 23:00:00,2023-09-22 01:00:00,80.35
Montenegro,MNE,2023-09-22 00:00:00,2023-09-22 02:00:00,77.85
Montenegro,MNE,2023-09-22 01:00:00,2023-09-22 03:00:00,73.04
Montenegro,MNE,2023-09-22 02:00:00,2023-09-22 04:00:00,77.87
Montenegro,MNE,2023-09-22 03:00:00,2023-09-22 05:00:00,88.82
Montenegro,MNE,2023-09-22 04:00:00,2023-09-22 06:00:00,111.04
Montenegro,MNE,2023-09-22 05:00:00,2023-09-22 07:00:00,131.13
Montenegro,MNE,2023-09-22 06:00:00,2023-09-22 08:00:00,123.27
Montenegro,MNE,2023-09-22 07:00:00,2023-09-22 09:00:00,110.52
Montenegro,MNE,2023-09-22 08:00:00,2023-09-22 10:00:00,99.11
Montenegro,MNE,2023-09-22 09:00:00,2023-09-22 11:00:00,87.46
Montenegro,MNE,2023-09-22 10:00:00,2023-09-22 12:00:00,82.14
Montenegro,MNE,2023-09-22 11:00:00,2023-09-22 13:00:00,79.87
Montenegro,MNE,2023-09-22 12:00:00,2023-09-22 14:00:00,80.04
Montenegro,MNE,2023-09-22 13:00:00,2023-09-22 15:00:00,85.15
Montenegro,MNE,2023-09-22 14:00:00,2023-09-22 16:00:00,99.6
Montenegro,MNE,2023-09-22 15:00:00,2023-09-22 17:00:00,111.1
Montenegro,MNE,2023-09-22 16:00:00,2023-09-22 18:00:00,132.85
Montenegro,MNE,2023-09-22 17:00:00,2023-09-22 19:00:00,170.73
Montenegro,MNE,2023-09-22 18:00:00,2023-09-22 20:00:00,147.42
Montenegro,MNE,2023-09-22 19:00:00,2023-09-22 21:00:00,117.96
Montenegro,MNE,2023-09-22 20:00:00,2023-09-22 22:00:00,99.04
Montenegro,MNE,2023-09-22 21:00:00,2023-09-22 23:00:00,93.58
Montenegro,MNE,2023-09-22 22:00:00,2023-09-23 00:00:00,101.24
Montenegro,MNE,2023-09-22 23:00:00,2023-09-23 01:00:00,95.67
Montenegro,MNE,2023-09-23 00:00:00,2023-09-23 02:00:00,92.5
Montenegro,MNE,2023-09-23 01:00:00,2023-09-23 03:00:00,89.09
Montenegro,MNE,2023-09-23 02:00:00,2023-09-23 04:00:00,89.08
Montenegro,MNE,2023-09-23 03:00:00,2023-09-23 05:00:00,89.63
Montenegro,MNE,2023-09-23 04:00:00,2023-09-23 06:00:00,95.67
Montenegro,MNE,2023-09-23 05:00:00,2023-09-23 07:00:00,102.58
Montenegro,MNE,2023-09-23 06:00:00,2023-09-23 08:00:00,101.02
Montenegro,MNE,2023-09-23 07:00:00,2023-09-23 09:00:00,94.96
Montenegro,MNE,2023-09-23 08:00:00,2023-09-23 10:00:00,84.17
Montenegro,MNE,2023-09-23 09:00:00,2023-09-23 11:00:00,73.6
Montenegro,MNE,2023-09-23 10:00:00,2023-09-23 12:00:00,59.01
Montenegro,MNE,2023-09-23 11:00:00,2023-09-23 13:00:00,49.04
Montenegro,MNE,2023-09-23 12:00:00,2023-09-23 14:00:00,50.54
Montenegro,MNE,2023-09-23 13:00:00,2023-09-23 15:00:00,73.04
Montenegro,MNE,2023-09-23 14:00:00,2023-09-23 16:00:00,82.89
Montenegro,MNE,2023-09-23 15:00:00,2023-09-23 17:00:00,97.91
Montenegro,MNE,2023-09-23 16:00:00,2023-09-23 18:00:00,116.49
Montenegro,MNE,2023-09-23 17:00:00,2023-09-23 19:00:00,139.45
Montenegro,MNE,2023-09-23 18:00:00,2023-09-23 20:00:00,127.16
Montenegro,MNE,2023-09-23 19:00:00,2023-09-23 21:00:00,113.89
Montenegro,MNE,2023-09-23 20:00:00,2023-09-23 22:00:00,106.06
Montenegro,MNE,2023-09-23 21:00:00,2023-09-23 23:00:00,99.14
Montenegro,MNE,2023-09-23 22:00:00,2023-09-24 00:00:00,92.46
Montenegro,MNE,2023-09-23 23:00:00,2023-09-24 01:00:00,86.05
Montenegro,MNE,2023-09-24 00:00:00,2023-09-24 02:00:00,85.5
Montenegro,MNE,2023-09-24 01:00:00,2023-09-24 03:00:00,85.5
Montenegro,MNE,2023-09-24 02:00:00,2023-09-24 04:00:00,85.5
Montenegro,MNE,2023-09-24 03:00:00,2023-09-24 05:00:00,85.5
Montenegro,MNE,2023-09-24 04:00:00,2023-09-24 06:00:00,85.55
Montenegro,MNE,2023-09-24 05:00:00,2023-09-24 07:00:00,98.57
Montenegro,MNE,2023-09-24 06:00:00,2023-09-24 08:00:00,91.27
Montenegro,MNE,2023-09-24 07:00:00,2023-09-24 09:00:00,71.69
Montenegro,MNE,2023-09-24 08:00:00,2023-09-24 10:00:00,43.67
Montenegro,MNE,2023-09-24 09:00:00,2023-09-24 11:00:00,27.06
Montenegro,MNE,2023-09-24 10:00:00,2023-09-24 12:00:00,27.06
Montenegro,MNE,2023-09-24 11:00:00,2023-09-24 13:00:00,17.65
Montenegro,MNE,2023-09-24 12:00:00,2023-09-24 14:00:00,15.5
Montenegro,MNE,2023-09-24 13:00:00,2023-09-24 15:00:00,26.06
Montenegro,MNE,2023-09-24 14:00:00,2023-09-24 16:00:00,52.06
Montenegro,MNE,2023-09-24 15:00:00,2023-09-24 17:00:00,89.55
Montenegro,MNE,2023-09-24 16:00:00,2023-09-24 18:00:00,120.95
Montenegro,MNE,2023-09-24 17:00:00,2023-09-24 19:00:00,135.75
Montenegro,MNE,2023-09-24 18:00:00,2023-09-24 20:00:00,115.02
Montenegro,MNE,2023-09-24 19:00:00,2023-09-24 21:00:00,102.06
Montenegro,MNE,2023-09-24 20:00:00,2023-09-24 22:00:00,91.33
Montenegro,MNE,2023-09-24 21:00:00,2023-09-24 23:00:00,86.05
Montenegro,MNE,2023-09-24 22:00:00,2023-09-25 00:00:00,62.84
Montenegro,MNE,2023-09-24 23:00:00,2023-09-25 01:00:00,48.92
Montenegro,MNE,2023-09-25 00:00:00,2023-09-25 02:00:00,41.48
Montenegro,MNE,2023-09-25 01:00:00,2023-09-25 03:00:00,41.15
Montenegro,MNE,2023-09-25 02:00:00,2023-09-25 04:00:00,45.82
Montenegro,MNE,2023-09-25 03:00:00,2023-09-25 05:00:00,71.58
Montenegro,MNE,2023-09-25 04:00:00,2023-09-25 06:00:00,109.26
Montenegro,MNE,2023-09-25 05:00:00,2023-09-25 07:00:00,127.74
Montenegro,MNE,2023-09-25 06:00:00,2023-09-25 08:00:00,117.98
Montenegro,MNE,2023-09-25 07:00:00,2023-09-25 09:00:00,104.05
Montenegro,MNE,2023-09-25 08:00:00,2023-09-25 10:00:00,86.75
Montenegro,MNE,2023-09-25 09:00:00,2023-09-25 11:00:00,75.55
Montenegro,MNE,2023-09-25 10:00:00,2023-09-25 12:00:00,71.25
Montenegro,MNE,2023-09-25 11:00:00,2023-09-25 13:00:00,68.76
Montenegro,MNE,2023-09-25 12:00:00,2023-09-25 14:00:00,71.32
Montenegro,MNE,2023-09-25 13:00:00,2023-09-25 15:00:00,85.35
Montenegro,MNE,2023-09-25 14:00:00,2023-09-25 16:00:00,96.05
Montenegro,MNE,2023-09-25 15:00:00,2023-09-25 17:00:00,121.22
Montenegro,MNE,2023-09-25 16:00:00,2023-09-25 18:00:00,165.52
Montenegro,MNE,2023-09-25 17:00:00,2023-09-25 19:00:00,223.6
Montenegro,MNE,2023-09-25 18:00:00,2023-09-25 20:00:00,199.8
Montenegro,MNE,2023-09-25 19:00:00,2023-09-25 21:00:00,176.68
Montenegro,MNE,2023-09-25 20:00:00,2023-09-25 22:00:00,132.43
Montenegro,MNE,2023-09-25 21:00:00,2023-09-25 23:00:00,105.0
Montenegro,MNE,2023-09-25 22:00:00,2023-09-26 00:00:00,109.47
Montenegro,MNE,2023-09-25 23:00:00,2023-09-26 01:00:00,97.73
Montenegro,MNE,2023-09-26 00:00:00,2023-09-26 02:00:00,97.51
Montenegro,MNE,2023-09-26 01:00:00,2023-09-26 03:00:00,97.04
Montenegro,MNE,2023-09-26 02:00:00,2023-09-26 04:00:00,91.48
Montenegro,MNE,2023-09-26 03:00:00,2023-09-26 05:00:00,109.86
Montenegro,MNE,2023-09-26 04:00:00,2023-09-26 06:00:00,125.29
Montenegro,MNE,2023-09-26 05:00:00,2023-09-26 07:00:00,146.29
Montenegro,MNE,2023-09-26 06:00:00,2023-09-26 08:00:00,135.02
Montenegro,MNE,2023-09-26 07:00:00,2023-09-26 09:00:00,115.08
Montenegro,MNE,2023-09-26 08:00:00,2023-09-26 10:00:00,111.78
Montenegro,MNE,2023-09-26 09:00:00,2023-09-26 11:00:00,99.92
Montenegro,MNE,2023-09-26 10:00:00,2023-09-26 12:00:00,97.22
Montenegro,MNE,2023-09-26 11:00:00,2023-09-26 13:00:00,95.95
Montenegro,MNE,2023-09-26 12:00:00,2023-09-26 14:00:00,97.2
Montenegro,MNE,2023-09-26 13:00:00,2023-09-26 15:00:00,102.1
Montenegro,MNE,2023-09-26 14:00:00,2023-09-26 16:00:00,111.31
Montenegro,MNE,2023-09-26 15:00:00,2023-09-26 17:00:00,126.7
Montenegro,MNE,2023-09-26 16:00:00,2023-09-26 18:00:00,174.24
Montenegro,MNE,2023-09-26 17:00:00,2023-09-26 19:00:00,273.59
Montenegro,MNE,2023-09-26 18:00:00,2023-09-26 20:00:00,174.71
Montenegro,MNE,2023-09-26 19:00:00,2023-09-26 21:00:00,125.07
Montenegro,MNE,2023-09-26 20:00:00,2023-09-26 22:00:00,109.99
Montenegro,MNE,2023-09-26 21:00:00,2023-09-26 23:00:00,106.64
Montenegro,MNE,2023-09-26 22:00:00,2023-09-27 00:00:00,104.87
Montenegro,MNE,2023-09-26 23:00:00,2023-09-27 01:00:00,102.84
Montenegro,MNE,2023-09-27 00:00:00,2023-09-27 02:00:00,97.57
Montenegro,MNE,2023-09-27 01:00:00,2023-09-27 03:00:00,96.52
Montenegro,MNE,2023-09-27 02:00:00,2023-09-27 04:00:00,98.98
Montenegro,MNE,2023-09-27 03:00:00,2023-09-27 05:00:00,104.9
Montenegro,MNE,2023-09-27 04:00:00,2023-09-27 06:00:00,129.67
Montenegro,MNE,2023-09-27 05:00:00,2023-09-27 07:00:00,135.75
Montenegro,MNE,2023-09-27 06:00:00,2023-09-27 08:00:00,137.8
Montenegro,MNE,2023-09-27 07:00:00,2023-09-27 09:00:00,118.5
Montenegro,MNE,2023-09-27 08:00:00,2023-09-27 10:00:00,104.6
Montenegro,MNE,2023-09-27 09:00:00,2023-09-27 11:00:00,100.03
Montenegro,MNE,2023-09-27 10:00:00,2023-09-27 12:00:00,98.48
Montenegro,MNE,2023-09-27 11:00:00,2023-09-27 13:00:00,97.24
Montenegro,MNE,2023-09-27 12:00:00,2023-09-27 14:00:00,97.92
Montenegro,MNE,2023-09-27 13:00:00,2023-09-27 15:00:00,100.06
Montenegro,MNE,2023-09-27 14:00:00,2023-09-27 16:00:00,111.24
Montenegro,MNE,2023-09-27 15:00:00,2023-09-27 17:00:00,131.43
Montenegro,MNE,2023-09-27 16:00:00,2023-09-27 18:00:00,153.94
Montenegro,MNE,2023-09-27 17:00:00,2023-09-27 19:00:00,181.3
Montenegro,MNE,2023-09-27 18:00:00,2023-09-27 20:00:00,153.19
Montenegro,MNE,2023-09-27 19:00:00,2023-09-27 21:00:00,119.06
Montenegro,MNE,2023-09-27 20:00:00,2023-09-27 22:00:00,107.74
Montenegro,MNE,2023-09-27 21:00:00,2023-09-27 23:00:00,94.47
Montenegro,MNE,2023-09-27 22:00:00,2023-09-28 00:00:00,90.39
Montenegro,MNE,2023-09-27 23:00:00,2023-09-28 01:00:00,83.54
Montenegro,MNE,2023-09-28 00:00:00,2023-09-28 02:00:00,83.05
Montenegro,MNE,2023-09-28 01:00:00,2023-09-28 03:00:00,83.11
Montenegro,MNE,2023-09-28 02:00:00,2023-09-28 04:00:00,83.62
Montenegro,MNE,2023-09-28 03:00:00,2023-09-28 05:00:00,93.36
Montenegro,MNE,2023-09-28 04:00:00,2023-09-28 06:00:00,112.12
Montenegro,MNE,2023-09-28 05:00:00,2023-09-28 07:00:00,128.12
Montenegro,MNE,2023-09-28 06:00:00,2023-09-28 08:00:00,123.24
Montenegro,MNE,2023-09-28 07:00:00,2023-09-28 09:00:00,109.94
Montenegro,MNE,2023-09-28 08:00:00,2023-09-28 10:00:00,108.93
Montenegro,MNE,2023-09-28 09:00:00,2023-09-28 11:00:00,97.44
Montenegro,MNE,2023-09-28 10:00:00,2023-09-28 12:00:00,92.21
Montenegro,MNE,2023-09-28 11:00:00,2023-09-28 13:00:00,90.02
Montenegro,MNE,2023-09-28 12:00:00,2023-09-28 14:00:00,87.25
Montenegro,MNE,2023-09-28 13:00:00,2023-09-28 15:00:00,97.33
Montenegro,MNE,2023-09-28 14:00:00,2023-09-28 16:00:00,106.98
Montenegro,MNE,2023-09-28 15:00:00,2023-09-28 17:00:00,124.13
Montenegro,MNE,2023-09-28 16:00:00,2023-09-28 18:00:00,149.03
Montenegro,MNE,2023-09-28 17:00:00,2023-09-28 19:00:00,181.9
Montenegro,MNE,2023-09-28 18:00:00,2023-09-28 20:00:00,158.91
Montenegro,MNE,2023-09-28 19:00:00,2023-09-28 21:00:00,125.11
Montenegro,MNE,2023-09-28 20:00:00,2023-09-28 22:00:00,104.75
Montenegro,MNE,2023-09-28 21:00:00,2023-09-28 23:00:00,104.9
Montenegro,MNE,2023-09-28 22:00:00,2023-09-29 00:00:00,103.07
Montenegro,MNE,2023-09-28 23:00:00,2023-09-29 01:00:00,97.02
Montenegro,MNE,2023-09-29 00:00:00,2023-09-29 02:00:00,90.63
Montenegro,MNE,2023-09-29 01:00:00,2023-09-29 03:00:00,83.98
Montenegro,MNE,2023-09-29 02:00:00,2023-09-29 04:00:00,86.62
Montenegro,MNE,2023-09-29 03:00:00,2023-09-29 05:00:00,93.13
Montenegro,MNE,2023-09-29 04:00:00,2023-09-29 06:00:00,116.43
Montenegro,MNE,2023-09-29 05:00:00,2023-09-29 07:00:00,131.94
Montenegro,MNE,2023-09-29 06:00:00,2023-09-29 08:00:00,124.32
Montenegro,MNE,2023-09-29 07:00:00,2023-09-29 09:00:00,109.55
Montenegro,MNE,2023-09-29 08:00:00,2023-09-29 10:00:00,100.05
Montenegro,MNE,2023-09-29 09:00:00,2023-09-29 11:00:00,93.05
Montenegro,MNE,2023-09-29 10:00:00,2023-09-29 12:00:00,89.62
Montenegro,MNE,2023-09-29 11:00:00,2023-09-29 13:00:00,84.05
Montenegro,MNE,2023-09-29 12:00:00,2023-09-29 14:00:00,86.05
Montenegro,MNE,2023-09-29 13:00:00,2023-09-29 15:00:00,90.83
Montenegro,MNE,2023-09-29 14:00:00,2023-09-29 16:00:00,98.05
Montenegro,MNE,2023-09-29 15:00:00,2023-09-29 17:00:00,118.03
Montenegro,MNE,2023-09-29 16:00:00,2023-09-29 18:00:00,144.04
Montenegro,MNE,2023-09-29 17:00:00,2023-09-29 19:00:00,174.36
Montenegro,MNE,2023-09-29 18:00:00,2023-09-29 20:00:00,136.3
Montenegro,MNE,2023-09-29 19:00:00,2023-09-29 21:00:00,113.34
Montenegro,MNE,2023-09-29 20:00:00,2023-09-29 22:00:00,109.55
Montenegro,MNE,2023-09-29 21:00:00,2023-09-29 23:00:00,102.55
Montenegro,MNE,2023-09-29 22:00:00,2023-09-30 00:00:00,102.96
Montenegro,MNE,2023-09-29 23:00:00,2023-09-30 01:00:00,97.58
Montenegro,MNE,2023-09-30 00:00:00,2023-09-30 02:00:00,90.06
Montenegro,MNE,2023-09-30 01:00:00,2023-09-30 03:00:00,85.0
Montenegro,MNE,2023-09-30 02:00:00,2023-09-30 04:00:00,83.95
Montenegro,MNE,2023-09-30 03:00:00,2023-09-30 05:00:00,90.55
Montenegro,MNE,2023-09-30 04:00:00,2023-09-30 06:00:00,97.85
Montenegro,MNE,2023-09-30 05:00:00,2023-09-30 07:00:00,109.07
Montenegro,MNE,2023-09-30 06:00:00,2023-09-30 08:00:00,105.26
Montenegro,MNE,2023-09-30 07:00:00,2023-09-30 09:00:00,99.41
Montenegro,MNE,2023-09-30 08:00:00,2023-09-30 10:00:00,89.98
Montenegro,MNE,2023-09-30 09:00:00,2023-09-30 11:00:00,86.32
Montenegro,MNE,2023-09-30 10:00:00,2023-09-30 12:00:00,59.97
Montenegro,MNE,2023-09-30 11:00:00,2023-09-30 13:00:00,43.54
Montenegro,MNE,2023-09-30 12:00:00,2023-09-30 14:00:00,42.54
Montenegro,MNE,2023-09-30 13:00:00,2023-09-30 15:00:00,69.62
Montenegro,MNE,2023-09-30 14:00:00,2023-09-30 16:00:00,85.86
Montenegro,MNE,2023-09-30 15:00:00,2023-09-30 17:00:00,110.63
Montenegro,MNE,2023-09-30 16:00:00,2023-09-30 18:00:00,140.17
Montenegro,MNE,2023-09-30 17:00:00,2023-09-30 19:00:00,168.05
Montenegro,MNE,2023-09-30 18:00:00,2023-09-30 20:00:00,140.81
Montenegro,MNE,2023-09-30 19:00:00,2023-09-30 21:00:00,119.1
Montenegro,MNE,2023-09-30 20:00:00,2023-09-30 22:00:00,111.87
Montenegro,MNE,2023-09-30 21:00:00,2023-09-30 23:00:00,104.93
Montenegro,MNE,2023-09-30 22:00:00,2023-10-01 00:00:00,104.02
Montenegro,MNE,2023-09-30 23:00:00,2023-10-01 01:00:00,97.46
Montenegro,MNE,2023-10-01 00:00:00,2023-10-01 02:00:00,90.5
Montenegro,MNE,2023-10-01 01:00:00,2023-10-01 03:00:00,93.72
Montenegro,MNE,2023-10-01 02:00:00,2023-10-01 04:00:00,84.66
Montenegro,MNE,2023-10-01 03:00:00,2023-10-01 05:00:00,90.15
Montenegro,MNE,2023-10-01 04:00:00,2023-10-01 06:00:00,87.49
Montenegro,MNE,2023-10-01 05:00:00,2023-10-01 07:00:00,90.87
Montenegro,MNE,2023-10-01 06:00:00,2023-10-01 08:00:00,91.94
Montenegro,MNE,2023-10-01 07:00:00,2023-10-01 09:00:00,83.29
Montenegro,MNE,2023-10-01 08:00:00,2023-10-01 10:00:00,59.82
Montenegro,MNE,2023-10-01 09:00:00,2023-10-01 11:00:00,37.54
Montenegro,MNE,2023-10-01 10:00:00,2023-10-01 12:00:00,11.4
Montenegro,MNE,2023-10-01 11:00:00,2023-10-01 13:00:00,13.45
Montenegro,MNE,2023-10-01 12:00:00,2023-10-01 14:00:00,6.57
Montenegro,MNE,2023-10-01 13:00:00,2023-10-01 15:00:00,44.07
Montenegro,MNE,2023-10-01 14:00:00,2023-10-01 16:00:00,69.54
Montenegro,MNE,2023-10-01 15:00:00,2023-10-01 17:00:00,97.94
Montenegro,MNE,2023-10-01 16:00:00,2023-10-01 18:00:00,117.01
Montenegro,MNE,2023-10-01 17:00:00,2023-10-01 19:00:00,132.95
Montenegro,MNE,2023-10-01 18:00:00,2023-10-01 20:00:00,125.26
Montenegro,MNE,2023-10-01 19:00:00,2023-10-01 21:00:00,110.15
Montenegro,MNE,2023-10-01 20:00:00,2023-10-01 22:00:00,104.97
Montenegro,MNE,2023-10-01 21:00:00,2023-10-01 23:00:00,97.96
Montenegro,MNE,2023-10-01 22:00:00,2023-10-02 00:00:00,97.22
Montenegro,MNE,2023-10-01 23:00:00,2023-10-02 01:00:00,90.27
Montenegro,MNE,2023-10-02 00:00:00,2023-10-02 02:00:00,83.76
Montenegro,MNE,2023-10-02 01:00:00,2023-10-02 03:00:00,83.46
Montenegro,MNE,2023-10-02 02:00:00,2023-10-02 04:00:00,83.5
Montenegro,MNE,2023-10-02 03:00:00,2023-10-02 05:00:00,92.7
Montenegro,MNE,2023-10-02 04:00:00,2023-10-02 06:00:00,116.88
Montenegro,MNE,2023-10-02 05:00:00,2023-10-02 07:00:00,145.18
Montenegro,MNE,2023-10-02 06:00:00,2023-10-02 08:00:00,130.51
Montenegro,MNE,2023-10-02 07:00:00,2023-10-02 09:00:00,111.9
Montenegro,MNE,2023-10-02 08:00:00,2023-10-02 10:00:00,97.54
Montenegro,MNE,2023-10-02 09:00:00,2023-10-02 11:00:00,91.06
Montenegro,MNE,2023-10-02 10:00:00,2023-10-02 12:00:00,91.06
Montenegro,MNE,2023-10-02 11:00:00,2023-10-02 13:00:00,85.06
Montenegro,MNE,2023-10-02 12:00:00,2023-10-02 14:00:00,85.47
Montenegro,MNE,2023-10-02 13:00:00,2023-10-02 15:00:00,95.06
Montenegro,MNE,2023-10-02 14:00:00,2023-10-02 16:00:00,104.88
Montenegro,MNE,2023-10-02 15:00:00,2023-10-02 17:00:00,123.08
Montenegro,MNE,2023-10-02 16:00:00,2023-10-02 18:00:00,167.04
Montenegro,MNE,2023-10-02 17:00:00,2023-10-02 19:00:00,203.67
Montenegro,MNE,2023-10-02 18:00:00,2023-10-02 20:00:00,148.44
Montenegro,MNE,2023-10-02 19:00:00,2023-10-02 21:00:00,132.69
Montenegro,MNE,2023-10-02 20:00:00,2023-10-02 22:00:00,111.9
Montenegro,MNE,2023-10-02 21:00:00,2023-10-02 23:00:00,104.43
Montenegro,MNE,2023-10-02 22:00:00,2023-10-03 00:00:00,88.67
Montenegro,MNE,2023-10-02 23:00:00,2023-10-03 01:00:00,71.1
Montenegro,MNE,2023-10-03 00:00:00,2023-10-03 02:00:00,62.97
Montenegro,MNE,2023-10-03 01:00:00,2023-10-03 03:00:00,55.94
Montenegro,MNE,2023-10-03 02:00:00,2023-10-03 04:00:00,55.86
Montenegro,MNE,2023-10-03 03:00:00,2023-10-03 05:00:00,76.07
Montenegro,MNE,2023-10-03 04:00:00,2023-10-03 06:00:00,97.99
Montenegro,MNE,2023-10-03 05:00:00,2023-10-03 07:00:00,109.91
Montenegro,MNE,2023-10-03 06:00:00,2023-10-03 08:00:00,94.14
Montenegro,MNE,2023-10-03 07:00:00,2023-10-03 09:00:00,93.88
Montenegro,MNE,2023-10-03 08:00:00,2023-10-03 10:00:00,100.09
Montenegro,MNE,2023-10-03 09:00:00,2023-10-03 11:00:00,100.08
Montenegro,MNE,2023-10-03 10:00:00,2023-10-03 12:00:00,100.06
Montenegro,MNE,2023-10-03 11:00:00,2023-10-03 13:00:00,100.09
Montenegro,MNE,2023-10-03 12:00:00,2023-10-03 14:00:00,100.09
Montenegro,MNE,2023-10-03 13:00:00,2023-10-03 15:00:00,100.07
Montenegro,MNE,2023-10-03 14:00:00,2023-10-03 16:00:00,97.42
Montenegro,MNE,2023-10-03 15:00:00,2023-10-03 17:00:00,89.84
Montenegro,MNE,2023-10-03 16:00:00,2023-10-03 18:00:00,121.64
Montenegro,MNE,2023-10-03 17:00:00,2023-10-03 19:00:00,160.59
Montenegro,MNE,2023-10-03 18:00:00,2023-10-03 20:00:00,110.0
Montenegro,MNE,2023-10-03 19:00:00,2023-10-03 21:00:00,86.39
Montenegro,MNE,2023-10-03 20:00:00,2023-10-03 22:00:00,94.98
Montenegro,MNE,2023-10-03 21:00:00,2023-10-03 23:00:00,84.95
Montenegro,MNE,2023-10-03 22:00:00,2023-10-04 00:00:00,80.1
Montenegro,MNE,2023-10-03 23:00:00,2023-10-04 01:00:00,80.09
Montenegro,MNE,2023-10-04 00:00:00,2023-10-04 02:00:00,76.37
Montenegro,MNE,2023-10-04 01:00:00,2023-10-04 03:00:00,75.92
Montenegro,MNE,2023-10-04 02:00:00,2023-10-04 04:00:00,75.92
Montenegro,MNE,2023-10-04 03:00:00,2023-10-04 05:00:00,90.96
Montenegro,MNE,2023-10-04 04:00:00,2023-10-04 06:00:00,111.91
Montenegro,MNE,2023-10-04 05:00:00,2023-10-04 07:00:00,125.13
Montenegro,MNE,2023-10-04 06:00:00,2023-10-04 08:00:00,108.08
Montenegro,MNE,2023-10-04 07:00:00,2023-10-04 09:00:00,104.1
Montenegro,MNE,2023-10-04 08:00:00,2023-10-04 10:00:00,118.62
Montenegro,MNE,2023-10-04 09:00:00,2023-10-04 11:00:00,114.91
Montenegro,MNE,2023-10-04 10:00:00,2023-10-04 12:00:00,101.93
Montenegro,MNE,2023-10-04 11:00:00,2023-10-04 13:00:00,104.39
Montenegro,MNE,2023-10-04 12:00:00,2023-10-04 14:00:00,111.03
Montenegro,MNE,2023-10-04 13:00:00,2023-10-04 15:00:00,118.03
Montenegro,MNE,2023-10-04 14:00:00,2023-10-04 16:00:00,111.95
Montenegro,MNE,2023-10-04 15:00:00,2023-10-04 17:00:00,132.5
Montenegro,MNE,2023-10-04 16:00:00,2023-10-04 18:00:00,167.9
Montenegro,MNE,2023-10-04 17:00:00,2023-10-04 19:00:00,208.44
Montenegro,MNE,2023-10-04 18:00:00,2023-10-04 20:00:00,146.61
Montenegro,MNE,2023-10-04 19:00:00,2023-10-04 21:00:00,111.61
Montenegro,MNE,2023-10-04 20:00:00,2023-10-04 22:00:00,97.93
Montenegro,MNE,2023-10-04 21:00:00,2023-10-04 23:00:00,114.9
Montenegro,MNE,2023-10-04 22:00:00,2023-10-05 00:00:00,114.38
Montenegro,MNE,2023-10-04 23:00:00,2023-10-05 01:00:00,112.83
Montenegro,MNE,2023-10-05 00:00:00,2023-10-05 02:00:00,111.34
Montenegro,MNE,2023-10-05 01:00:00,2023-10-05 03:00:00,109.1
Montenegro,MNE,2023-10-05 02:00:00,2023-10-05 04:00:00,109.1
Montenegro,MNE,2023-10-05 03:00:00,2023-10-05 05:00:00,111.5
Montenegro,MNE,2023-10-05 04:00:00,2023-10-05 06:00:00,119.85
Montenegro,MNE,2023-10-05 05:00:00,2023-10-05 07:00:00,146.78
Montenegro,MNE,2023-10-05 06:00:00,2023-10-05 08:00:00,146.83
Montenegro,MNE,2023-10-05 07:00:00,2023-10-05 09:00:00,118.79
Montenegro,MNE,2023-10-05 08:00:00,2023-10-05 10:00:00,104.99
Montenegro,MNE,2023-10-05 09:00:00,2023-10-05 11:00:00,104.98
Montenegro,MNE,2023-10-05 10:00:00,2023-10-05 12:00:00,97.31
Montenegro,MNE,2023-10-05 11:00:00,2023-10-05 13:00:00,97.13
Montenegro,MNE,2023-10-05 12:00:00,2023-10-05 14:00:00,99.08
Montenegro,MNE,2023-10-05 13:00:00,2023-10-05 15:00:00,104.97
Montenegro,MNE,2023-10-05 14:00:00,2023-10-05 16:00:00,111.24
Montenegro,MNE,2023-10-05 15:00:00,2023-10-05 17:00:00,125.62
Montenegro,MNE,2023-10-05 16:00:00,2023-10-05 18:00:00,163.14
Montenegro,MNE,2023-10-05 17:00:00,2023-10-05 19:00:00,203.85
Montenegro,MNE,2023-10-05 18:00:00,2023-10-05 20:00:00,160.23
Montenegro,MNE,2023-10-05 19:00:00,2023-10-05 21:00:00,121.17
Montenegro,MNE,2023-10-05 20:00:00,2023-10-05 22:00:00,104.99
Montenegro,MNE,2023-10-05 21:00:00,2023-10-05 23:00:00,97.56
Montenegro,MNE,2023-10-05 22:00:00,2023-10-06 00:00:00,105.74
Montenegro,MNE,2023-10-05 23:00:00,2023-10-06 01:00:00,104.55
Montenegro,MNE,2023-10-06 00:00:00,2023-10-06 02:00:00,104.31
Montenegro,MNE,2023-10-06 01:00:00,2023-10-06 03:00:00,104.3
Montenegro,MNE,2023-10-06 02:00:00,2023-10-06 04:00:00,104.15
Montenegro,MNE,2023-10-06 03:00:00,2023-10-06 05:00:00,109.9
Montenegro,MNE,2023-10-06 04:00:00,2023-10-06 06:00:00,115.02
Montenegro,MNE,2023-10-06 05:00:00,2023-10-06 07:00:00,132.43
Montenegro,MNE,2023-10-06 06:00:00,2023-10-06 08:00:00,146.75
Montenegro,MNE,2023-10-06 07:00:00,2023-10-06 09:00:00,111.83
Montenegro,MNE,2023-10-06 08:00:00,2023-10-06 10:00:00,118.04
Montenegro,MNE,2023-10-06 09:00:00,2023-10-06 11:00:00,110.15
Montenegro,MNE,2023-10-06 10:00:00,2023-10-06 12:00:00,97.09
Montenegro,MNE,2023-10-06 11:00:00,2023-10-06 13:00:00,97.04
Montenegro,MNE,2023-10-06 12:00:00,2023-10-06 14:00:00,104.01
Montenegro,MNE,2023-10-06 13:00:00,2023-10-06 15:00:00,111.38
Montenegro,MNE,2023-10-06 14:00:00,2023-10-06 16:00:00,118.21
Montenegro,MNE,2023-10-06 15:00:00,2023-10-06 17:00:00,124.93
Montenegro,MNE,2023-10-06 16:00:00,2023-10-06 18:00:00,146.02
Montenegro,MNE,2023-10-06 17:00:00,2023-10-06 19:00:00,198.07
Montenegro,MNE,2023-10-06 18:00:00,2023-10-06 20:00:00,140.03
Montenegro,MNE,2023-10-06 19:00:00,2023-10-06 21:00:00,122.95
Montenegro,MNE,2023-10-06 20:00:00,2023-10-06 22:00:00,104.69
Montenegro,MNE,2023-10-06 21:00:00,2023-10-06 23:00:00,83.95
Montenegro,MNE,2023-10-06 22:00:00,2023-10-07 00:00:00,77.42
Montenegro,MNE,2023-10-06 23:00:00,2023-10-07 01:00:00,69.39
Montenegro,MNE,2023-10-07 00:00:00,2023-10-07 02:00:00,64.93
Montenegro,MNE,2023-10-07 01:00:00,2023-10-07 03:00:00,55.94
Montenegro,MNE,2023-10-07 02:00:00,2023-10-07 04:00:00,55.7
Montenegro,MNE,2023-10-07 03:00:00,2023-10-07 05:00:00,62.26
Montenegro,MNE,2023-10-07 04:00:00,2023-10-07 06:00:00,72.15
Montenegro,MNE,2023-10-07 05:00:00,2023-10-07 07:00:00,90.13
Montenegro,MNE,2023-10-07 06:00:00,2023-10-07 08:00:00,88.01
Montenegro,MNE,2023-10-07 07:00:00,2023-10-07 09:00:00,71.96
Montenegro,MNE,2023-10-07 08:00:00,2023-10-07 10:00:00,62.07
Montenegro,MNE,2023-10-07 09:00:00,2023-10-07 11:00:00,48.67
Montenegro,MNE,2023-10-07 10:00:00,2023-10-07 12:00:00,20.88
Montenegro,MNE,2023-10-07 11:00:00,2023-10-07 13:00:00,24.06
Montenegro,MNE,2023-10-07 12:00:00,2023-10-07 14:00:00,24.1
Montenegro,MNE,2023-10-07 13:00:00,2023-10-07 15:00:00,31.09
Montenegro,MNE,2023-10-07 14:00:00,2023-10-07 16:00:00,62.99
Montenegro,MNE,2023-10-07 15:00:00,2023-10-07 17:00:00,97.04
Montenegro,MNE,2023-10-07 16:00:00,2023-10-07 18:00:00,109.95
Montenegro,MNE,2023-10-07 17:00:00,2023-10-07 19:00:00,126.1
Montenegro,MNE,2023-10-07 18:00:00,2023-10-07 20:00:00,111.48
Montenegro,MNE,2023-10-07 19:00:00,2023-10-07 21:00:00,97.28
Montenegro,MNE,2023-10-07 20:00:00,2023-10-07 22:00:00,90.21
Montenegro,MNE,2023-10-07 21:00:00,2023-10-07 23:00:00,83.17
Montenegro,MNE,2023-10-07 22:00:00,2023-10-08 00:00:00,87.0
Montenegro,MNE,2023-10-07 23:00:00,2023-10-08 01:00:00,86.92
Montenegro,MNE,2023-10-08 00:00:00,2023-10-08 02:00:00,80.7
Montenegro,MNE,2023-10-08 01:00:00,2023-10-08 03:00:00,72.16
Montenegro,MNE,2023-10-08 02:00:00,2023-10-08 04:00:00,74.33
Montenegro,MNE,2023-10-08 03:00:00,2023-10-08 05:00:00,78.53
Montenegro,MNE,2023-10-08 04:00:00,2023-10-08 06:00:00,89.79
Montenegro,MNE,2023-10-08 05:00:00,2023-10-08 07:00:00,81.89
Montenegro,MNE,2023-10-08 06:00:00,2023-10-08 08:00:00,77.59
Montenegro,MNE,2023-10-08 07:00:00,2023-10-08 09:00:00,76.09
Montenegro,MNE,2023-10-08 08:00:00,2023-10-08 10:00:00,62.9
Montenegro,MNE,2023-10-08 09:00:00,2023-10-08 11:00:00,56.7
Montenegro,MNE,2023-10-08 10:00:00,2023-10-08 12:00:00,53.3
Montenegro,MNE,2023-10-08 11:00:00,2023-10-08 13:00:00,45.2
Montenegro,MNE,2023-10-08 12:00:00,2023-10-08 14:00:00,45.02
Montenegro,MNE,2023-10-08 13:00:00,2023-10-08 15:00:00,54.1
Montenegro,MNE,2023-10-08 14:00:00,2023-10-08 16:00:00,66.3
Montenegro,MNE,2023-10-08 15:00:00,2023-10-08 17:00:00,111.36
Montenegro,MNE,2023-10-08 16:00:00,2023-10-08 18:00:00,134.57
Montenegro,MNE,2023-10-08 17:00:00,2023-10-08 19:00:00,151.47
Montenegro,MNE,2023-10-08 18:00:00,2023-10-08 20:00:00,140.07
Montenegro,MNE,2023-10-08 19:00:00,2023-10-08 21:00:00,138.26
Montenegro,MNE,2023-10-08 20:00:00,2023-10-08 22:00:00,115.99
Montenegro,MNE,2023-10-08 21:00:00,2023-10-08 23:00:00,107.93
Montenegro,MNE,2023-10-08 22:00:00,2023-10-09 00:00:00,104.5
Montenegro,MNE,2023-10-08 23:00:00,2023-10-09 01:00:00,87.97
Montenegro,MNE,2023-10-09 00:00:00,2023-10-09 02:00:00,87.69
Montenegro,MNE,2023-10-09 01:00:00,2023-10-09 03:00:00,68.41
Montenegro,MNE,2023-10-09 02:00:00,2023-10-09 04:00:00,80.08
Montenegro,MNE,2023-10-09 03:00:00,2023-10-09 05:00:00,87.61
Montenegro,MNE,2023-10-09 04:00:00,2023-10-09 06:00:00,109.97
Montenegro,MNE,2023-10-09 05:00:00,2023-10-09 07:00:00,130.01
Montenegro,MNE,2023-10-09 06:00:00,2023-10-09 08:00:00,129.0
Montenegro,MNE,2023-10-09 07:00:00,2023-10-09 09:00:00,113.96
Montenegro,MNE,2023-10-09 08:00:00,2023-10-09 10:00:00,99.12
Montenegro,MNE,2023-10-09 09:00:00,2023-10-09 11:00:00,94.12
Montenegro,MNE,2023-10-09 10:00:00,2023-10-09 12:00:00,82.11
Montenegro,MNE,2023-10-09 11:00:00,2023-10-09 13:00:00,77.75
Montenegro,MNE,2023-10-09 12:00:00,2023-10-09 14:00:00,94.87
Montenegro,MNE,2023-10-09 13:00:00,2023-10-09 15:00:00,103.57
Montenegro,MNE,2023-10-09 14:00:00,2023-10-09 16:00:00,111.31
Montenegro,MNE,2023-10-09 15:00:00,2023-10-09 17:00:00,140.31
Montenegro,MNE,2023-10-09 16:00:00,2023-10-09 18:00:00,161.31
Montenegro,MNE,2023-10-09 17:00:00,2023-10-09 19:00:00,210.07
Montenegro,MNE,2023-10-09 18:00:00,2023-10-09 20:00:00,167.85
Montenegro,MNE,2023-10-09 19:00:00,2023-10-09 21:00:00,116.98
Montenegro,MNE,2023-10-09 20:00:00,2023-10-09 22:00:00,118.11
Montenegro,MNE,2023-10-09 21:00:00,2023-10-09 23:00:00,106.63
Montenegro,MNE,2023-10-09 22:00:00,2023-10-10 00:00:00,113.06
Montenegro,MNE,2023-10-09 23:00:00,2023-10-10 01:00:00,111.47
Montenegro,MNE,2023-10-10 00:00:00,2023-10-10 02:00:00,106.95
Montenegro,MNE,2023-10-10 01:00:00,2023-10-10 03:00:00,106.42
Montenegro,MNE,2023-10-10 02:00:00,2023-10-10 04:00:00,109.4
Montenegro,MNE,2023-10-10 03:00:00,2023-10-10 05:00:00,117.65
Montenegro,MNE,2023-10-10 04:00:00,2023-10-10 06:00:00,131.24
Montenegro,MNE,2023-10-10 05:00:00,2023-10-10 07:00:00,155.02
Montenegro,MNE,2023-10-10 06:00:00,2023-10-10 08:00:00,154.83
Montenegro,MNE,2023-10-10 07:00:00,2023-10-10 09:00:00,132.87
Montenegro,MNE,2023-10-10 08:00:00,2023-10-10 10:00:00,113.73
Montenegro,MNE,2023-10-10 09:00:00,2023-10-10 11:00:00,111.25
Montenegro,MNE,2023-10-10 10:00:00,2023-10-10 12:00:00,106.33
Montenegro,MNE,2023-10-10 11:00:00,2023-10-10 13:00:00,110.01
Montenegro,MNE,2023-10-10 12:00:00,2023-10-10 14:00:00,111.74
Montenegro,MNE,2023-10-10 13:00:00,2023-10-10 15:00:00,118.09
Montenegro,MNE,2023-10-10 14:00:00,2023-10-10 16:00:00,148.24
Montenegro,MNE,2023-10-10 15:00:00,2023-10-10 17:00:00,167.71
Montenegro,MNE,2023-10-10 16:00:00,2023-10-10 18:00:00,198.77
Montenegro,MNE,2023-10-10 17:00:00,2023-10-10 19:00:00,200.49
Montenegro,MNE,2023-10-10 18:00:00,2023-10-10 20:00:00,180.0
Montenegro,MNE,2023-10-10 19:00:00,2023-10-10 21:00:00,146.33
Montenegro,MNE,2023-10-10 20:00:00,2023-10-10 22:00:00,120.76
Montenegro,MNE,2023-10-10 21:00:00,2023-10-10 23:00:00,104.99
Montenegro,MNE,2023-10-10 22:00:00,2023-10-11 00:00:00,97.36
Montenegro,MNE,2023-10-10 23:00:00,2023-10-11 01:00:00,83.9
Montenegro,MNE,2023-10-11 00:00:00,2023-10-11 02:00:00,79.96
Montenegro,MNE,2023-10-11 01:00:00,2023-10-11 03:00:00,77.72
Montenegro,MNE,2023-10-11 02:00:00,2023-10-11 04:00:00,82.99
Montenegro,MNE,2023-10-11 03:00:00,2023-10-11 05:00:00,100.39
Montenegro,MNE,2023-10-11 04:00:00,2023-10-11 06:00:00,136.16
Montenegro,MNE,2023-10-11 05:00:00,2023-10-11 07:00:00,167.71
Montenegro,MNE,2023-10-11 06:00:00,2023-10-11 08:00:00,155.48
Montenegro,MNE,2023-10-11 07:00:00,2023-10-11 09:00:00,128.13
Montenegro,MNE,2023-10-11 08:00:00,2023-10-11 10:00:00,104.88
Montenegro,MNE,2023-10-11 09:00:00,2023-10-11 11:00:00,90.01
Montenegro,MNE,2023-10-11 10:00:00,2023-10-11 12:00:00,90.47
Montenegro,MNE,2023-10-11 11:00:00,2023-10-11 13:00:00,94.93
Montenegro,MNE,2023-10-11 12:00:00,2023-10-11 14:00:00,94.84
Montenegro,MNE,2023-10-11 13:00:00,2023-10-11 15:00:00,103.29
Montenegro,MNE,2023-10-11 14:00:00,2023-10-11 16:00:00,129.14
Montenegro,MNE,2023-10-11 15:00:00,2023-10-11 17:00:00,172.65
Montenegro,MNE,2023-10-11 16:00:00,2023-10-11 18:00:00,203.93
Montenegro,MNE,2023-10-11 17:00:00,2023-10-11 19:00:00,224.05
Montenegro,MNE,2023-10-11 18:00:00,2023-10-11 20:00:00,176.52
Montenegro,MNE,2023-10-11 19:00:00,2023-10-11 21:00:00,124.72
Montenegro,MNE,2023-10-11 20:00:00,2023-10-11 22:00:00,102.2
Montenegro,MNE,2023-10-11 21:00:00,2023-10-11 23:00:00,92.8
Montenegro,MNE,2023-10-11 22:00:00,2023-10-12 00:00:00,101.05
Montenegro,MNE,2023-10-11 23:00:00,2023-10-12 01:00:00,83.6
Montenegro,MNE,2023-10-12 00:00:00,2023-10-12 02:00:00,83.21
Montenegro,MNE,2023-10-12 01:00:00,2023-10-12 03:00:00,83.01
Montenegro,MNE,2023-10-12 02:00:00,2023-10-12 04:00:00,83.48
Montenegro,MNE,2023-10-12 03:00:00,2023-10-12 05:00:00,94.69
Montenegro,MNE,2023-10-12 04:00:00,2023-10-12 06:00:00,139.91
Montenegro,MNE,2023-10-12 05:00:00,2023-10-12 07:00:00,160.57
Montenegro,MNE,2023-10-12 06:00:00,2023-10-12 08:00:00,152.95
Montenegro,MNE,2023-10-12 07:00:00,2023-10-12 09:00:00,132.62
Montenegro,MNE,2023-10-12 08:00:00,2023-10-12 10:00:00,118.52
Montenegro,MNE,2023-10-12 09:00:00,2023-10-12 11:00:00,117.08
Montenegro,MNE,2023-10-12 10:00:00,2023-10-12 12:00:00,111.12
Montenegro,MNE,2023-10-12 11:00:00,2023-10-12 13:00:00,111.54
Montenegro,MNE,2023-10-12 12:00:00,2023-10-12 14:00:00,118.35
Montenegro,MNE,2023-10-12 13:00:00,2023-10-12 15:00:00,125.74
Montenegro,MNE,2023-10-12 14:00:00,2023-10-12 16:00:00,139.44
Montenegro,MNE,2023-10-12 15:00:00,2023-10-12 17:00:00,168.23
Montenegro,MNE,2023-10-12 16:00:00,2023-10-12 18:00:00,207.1
Montenegro,MNE,2023-10-12 17:00:00,2023-10-12 19:00:00,235.9
Montenegro,MNE,2023-10-12 18:00:00,2023-10-12 20:00:00,192.79
Montenegro,MNE,2023-10-12 19:00:00,2023-10-12 21:00:00,160.47
Montenegro,MNE,2023-10-12 20:00:00,2023-10-12 22:00:00,139.23
Montenegro,MNE,2023-10-12 21:00:00,2023-10-12 23:00:00,132.92
Montenegro,MNE,2023-10-12 22:00:00,2023-10-13 00:00:00,119.84
Montenegro,MNE,2023-10-12 23:00:00,2023-10-13 01:00:00,107.33
Montenegro,MNE,2023-10-13 00:00:00,2023-10-13 02:00:00,103.99
Montenegro,MNE,2023-10-13 01:00:00,2023-10-13 03:00:00,99.85
Montenegro,MNE,2023-10-13 02:00:00,2023-10-13 04:00:00,99.86
Montenegro,MNE,2023-10-13 03:00:00,2023-10-13 05:00:00,119.95
Montenegro,MNE,2023-10-13 04:00:00,2023-10-13 06:00:00,143.1
Montenegro,MNE,2023-10-13 05:00:00,2023-10-13 07:00:00,172.95
Montenegro,MNE,2023-10-13 06:00:00,2023-10-13 08:00:00,147.95
Montenegro,MNE,2023-10-13 07:00:00,2023-10-13 09:00:00,127.19
Montenegro,MNE,2023-10-13 08:00:00,2023-10-13 10:00:00,106.44
Montenegro,MNE,2023-10-13 09:00:00,2023-10-13 11:00:00,98.29
Montenegro,MNE,2023-10-13 10:00:00,2023-10-13 12:00:00,95.1
Montenegro,MNE,2023-10-13 11:00:00,2023-10-13 13:00:00,97.84
Montenegro,MNE,2023-10-13 12:00:00,2023-10-13 14:00:00,104.45
Montenegro,MNE,2023-10-13 13:00:00,2023-10-13 15:00:00,127.57
Montenegro,MNE,2023-10-13 14:00:00,2023-10-13 16:00:00,140.25
Montenegro,MNE,2023-10-13 15:00:00,2023-10-13 17:00:00,171.21
Montenegro,MNE,2023-10-13 16:00:00,2023-10-13 18:00:00,199.95
Montenegro,MNE,2023-10-13 17:00:00,2023-10-13 19:00:00,219.07
Montenegro,MNE,2023-10-13 18:00:00,2023-10-13 20:00:00,192.05
Montenegro,MNE,2023-10-13 19:00:00,2023-10-13 21:00:00,153.8
Montenegro,MNE,2023-10-13 20:00:00,2023-10-13 22:00:00,138.05
Montenegro,MNE,2023-10-13 21:00:00,2023-10-13 23:00:00,124.36
Montenegro,MNE,2023-10-13 22:00:00,2023-10-14 00:00:00,136.9
Montenegro,MNE,2023-10-13 23:00:00,2023-10-14 01:00:00,137.36
Montenegro,MNE,2023-10-14 00:00:00,2023-10-14 02:00:00,128.05
Montenegro,MNE,2023-10-14 01:00:00,2023-10-14 03:00:00,125.02
Montenegro,MNE,2023-10-14 02:00:00,2023-10-14 04:00:00,116.91
Montenegro,MNE,2023-10-14 03:00:00,2023-10-14 05:00:00,107.96
Montenegro,MNE,2023-10-14 04:00:00,2023-10-14 06:00:00,127.53
Montenegro,MNE,2023-10-14 05:00:00,2023-10-14 07:00:00,115.62
Montenegro,MNE,2023-10-14 06:00:00,2023-10-14 08:00:00,103.98
Montenegro,MNE,2023-10-14 07:00:00,2023-10-14 09:00:00,100.39
Montenegro,MNE,2023-10-14 08:00:00,2023-10-14 10:00:00,95.09
Montenegro,MNE,2023-10-14 09:00:00,2023-10-14 11:00:00,81.39
Montenegro,MNE,2023-10-14 10:00:00,2023-10-14 12:00:00,83.85
Montenegro,MNE,2023-10-14 11:00:00,2023-10-14 13:00:00,90.06
Montenegro,MNE,2023-10-14 12:00:00,2023-10-14 14:00:00,80.17
Montenegro,MNE,2023-10-14 13:00:00,2023-10-14 15:00:00,101.6
Montenegro,MNE,2023-10-14 14:00:00,2023-10-14 16:00:00,135.99
Montenegro,MNE,2023-10-14 15:00:00,2023-10-14 17:00:00,157.68
Montenegro,MNE,2023-10-14 16:00:00,2023-10-14 18:00:00,177.89
Montenegro,MNE,2023-10-14 17:00:00,2023-10-14 19:00:00,184.47
Montenegro,MNE,2023-10-14 18:00:00,2023-10-14 20:00:00,160.02
Montenegro,MNE,2023-10-14 19:00:00,2023-10-14 21:00:00,151.48
Montenegro,MNE,2023-10-14 20:00:00,2023-10-14 22:00:00,151.22
Montenegro,MNE,2023-10-14 21:00:00,2023-10-14 23:00:00,131.66
Montenegro,MNE,2023-10-14 22:00:00,2023-10-15 00:00:00,100.09
Montenegro,MNE,2023-10-14 23:00:00,2023-10-15 01:00:00,91.34
Montenegro,MNE,2023-10-15 00:00:00,2023-10-15 02:00:00,90.19
Montenegro,MNE,2023-10-15 01:00:00,2023-10-15 03:00:00,83.03
Montenegro,MNE,2023-10-15 02:00:00,2023-10-15 04:00:00,90.8
Montenegro,MNE,2023-10-15 03:00:00,2023-10-15 05:00:00,95.71
Montenegro,MNE,2023-10-15 04:00:00,2023-10-15 06:00:00,79.44
Montenegro,MNE,2023-10-15 05:00:00,2023-10-15 07:00:00,93.54
Montenegro,MNE,2023-10-15 06:00:00,2023-10-15 08:00:00,94.99
Montenegro,MNE,2023-10-15 07:00:00,2023-10-15 09:00:00,87.08
Montenegro,MNE,2023-10-15 08:00:00,2023-10-15 10:00:00,83.83
Montenegro,MNE,2023-10-15 09:00:00,2023-10-15 11:00:00,68.03
Montenegro,MNE,2023-10-15 10:00:00,2023-10-15 12:00:00,42.67
Montenegro,MNE,2023-10-15 11:00:00,2023-10-15 13:00:00,38.54
Montenegro,MNE,2023-10-15 12:00:00,2023-10-15 14:00:00,45.34
Montenegro,MNE,2023-10-15 13:00:00,2023-10-15 15:00:00,69.08
Montenegro,MNE,2023-10-15 14:00:00,2023-10-15 16:00:00,97.97
Montenegro,MNE,2023-10-15 15:00:00,2023-10-15 17:00:00,125.15
Montenegro,MNE,2023-10-15 16:00:00,2023-10-15 18:00:00,155.56
Montenegro,MNE,2023-10-15 17:00:00,2023-10-15 19:00:00,170.86
Montenegro,MNE,2023-10-15 18:00:00,2023-10-15 20:00:00,151.76
Montenegro,MNE,2023-10-15 19:00:00,2023-10-15 21:00:00,125.83
Montenegro,MNE,2023-10-15 20:00:00,2023-10-15 22:00:00,117.56
Montenegro,MNE,2023-10-15 21:00:00,2023-10-15 23:00:00,108.56
Montenegro,MNE,2023-10-15 22:00:00,2023-10-16 00:00:00,90.73
Montenegro,MNE,2023-10-15 23:00:00,2023-10-16 01:00:00,83.75
Montenegro,MNE,2023-10-16 00:00:00,2023-10-16 02:00:00,83.3
Montenegro,MNE,2023-10-16 01:00:00,2023-10-16 03:00:00,83.14
Montenegro,MNE,2023-10-16 02:00:00,2023-10-16 04:00:00,83.27
Montenegro,MNE,2023-10-16 03:00:00,2023-10-16 05:00:00,104.65
Montenegro,MNE,2023-10-16 04:00:00,2023-10-16 06:00:00,140.93
Montenegro,MNE,2023-10-16 05:00:00,2023-10-16 07:00:00,170.09
Montenegro,MNE,2023-10-16 06:00:00,2023-10-16 08:00:00,174.91
Montenegro,MNE,2023-10-16 07:00:00,2023-10-16 09:00:00,146.31
Montenegro,MNE,2023-10-16 08:00:00,2023-10-16 10:00:00,139.8
Montenegro,MNE,2023-10-16 09:00:00,2023-10-16 11:00:00,125.17
Montenegro,MNE,2023-10-16 10:00:00,2023-10-16 12:00:00,111.33
Montenegro,MNE,2023-10-16 11:00:00,2023-10-16 13:00:00,104.46
Montenegro,MNE,2023-10-16 12:00:00,2023-10-16 14:00:00,106.08
Montenegro,MNE,2023-10-16 13:00:00,2023-10-16 15:00:00,122.04
Montenegro,MNE,2023-10-16 14:00:00,2023-10-16 16:00:00,139.18
Montenegro,MNE,2023-10-16 15:00:00,2023-10-16 17:00:00,171.72
Montenegro,MNE,2023-10-16 16:00:00,2023-10-16 18:00:00,220.75
Montenegro,MNE,2023-10-16 17:00:00,2023-10-16 19:00:00,247.08
Montenegro,MNE,2023-10-16 18:00:00,2023-10-16 20:00:00,192.08
Montenegro,MNE,2023-10-16 19:00:00,2023-10-16 21:00:00,172.36
Montenegro,MNE,2023-10-16 20:00:00,2023-10-16 22:00:00,146.91
Montenegro,MNE,2023-10-16 21:00:00,2023-10-16 23:00:00,132.76
Montenegro,MNE,2023-10-16 22:00:00,2023-10-17 00:00:00,125.99
Montenegro,MNE,2023-10-16 23:00:00,2023-10-17 01:00:00,118.99
Montenegro,MNE,2023-10-17 00:00:00,2023-10-17 02:00:00,115.65
Montenegro,MNE,2023-10-17 01:00:00,2023-10-17 03:00:00,111.95
Montenegro,MNE,2023-10-17 02:00:00,2023-10-17 04:00:00,114.33
Montenegro,MNE,2023-10-17 03:00:00,2023-10-17 05:00:00,123.45
Montenegro,MNE,2023-10-17 04:00:00,2023-10-17 06:00:00,166.56
Montenegro,MNE,2023-10-17 05:00:00,2023-10-17 07:00:00,192.62
Montenegro,MNE,2023-10-17 06:00:00,2023-10-17 08:00:00,193.92
Montenegro,MNE,2023-10-17 07:00:00,2023-10-17 09:00:00,160.26
Montenegro,MNE,2023-10-17 08:00:00,2023-10-17 10:00:00,141.36
Montenegro,MNE,2023-10-17 09:00:00,2023-10-17 11:00:00,132.98
Montenegro,MNE,2023-10-17 10:00:00,2023-10-17 12:00:00,125.98
Montenegro,MNE,2023-10-17 11:00:00,2023-10-17 13:00:00,118.96
Montenegro,MNE,2023-10-17 12:00:00,2023-10-17 14:00:00,125.97
Montenegro,MNE,2023-10-17 13:00:00,2023-10-17 15:00:00,132.92
Montenegro,MNE,2023-10-17 14:00:00,2023-10-17 16:00:00,153.96
Montenegro,MNE,2023-10-17 15:00:00,2023-10-17 17:00:00,186.69
Montenegro,MNE,2023-10-17 16:00:00,2023-10-17 18:00:00,211.55
Montenegro,MNE,2023-10-17 17:00:00,2023-10-17 19:00:00,218.72
Montenegro,MNE,2023-10-17 18:00:00,2023-10-17 20:00:00,181.18
Montenegro,MNE,2023-10-17 19:00:00,2023-10-17 21:00:00,161.62
Montenegro,MNE,2023-10-17 20:00:00,2023-10-17 22:00:00,132.08
Montenegro,MNE,2023-10-17 21:00:00,2023-10-17 23:00:00,124.18
Montenegro,MNE,2023-10-17 22:00:00,2023-10-18 00:00:00,113.19
Montenegro,MNE,2023-10-17 23:00:00,2023-10-18 01:00:00,107.97
Montenegro,MNE,2023-10-18 00:00:00,2023-10-18 02:00:00,102.96
Montenegro,MNE,2023-10-18 01:00:00,2023-10-18 03:00:00,96.58
Montenegro,MNE,2023-10-18 02:00:00,2023-10-18 04:00:00,103.92
Montenegro,MNE,2023-10-18 03:00:00,2023-10-18 05:00:00,118.39
Montenegro,MNE,2023-10-18 04:00:00,2023-10-18 06:00:00,145.04
Montenegro,MNE,2023-10-18 05:00:00,2023-10-18 07:00:00,171.46
Montenegro,MNE,2023-10-18 06:00:00,2023-10-18 08:00:00,164.77
Montenegro,MNE,2023-10-18 07:00:00,2023-10-18 09:00:00,148.13
Montenegro,MNE,2023-10-18 08:00:00,2023-10-18 10:00:00,123.06
Montenegro,MNE,2023-10-18 09:00:00,2023-10-18 11:00:00,105.09
Montenegro,MNE,2023-10-18 10:00:00,2023-10-18 12:00:00,103.29
Montenegro,MNE,2023-10-18 11:00:00,2023-10-18 13:00:00,100.1
Montenegro,MNE,2023-10-18 12:00:00,2023-10-18 14:00:00,114.96
Montenegro,MNE,2023-10-18 13:00:00,2023-10-18 15:00:00,124.58
Montenegro,MNE,2023-10-18 14:00:00,2023-10-18 16:00:00,155.07
Montenegro,MNE,2023-10-18 15:00:00,2023-10-18 17:00:00,175.8
Montenegro,MNE,2023-10-18 16:00:00,2023-10-18 18:00:00,195.14
Montenegro,MNE,2023-10-18 17:00:00,2023-10-18 19:00:00,207.65
Montenegro,MNE,2023-10-18 18:00:00,2023-10-18 20:00:00,182.68
Montenegro,MNE,2023-10-18 19:00:00,2023-10-18 21:00:00,155.27
Montenegro,MNE,2023-10-18 20:00:00,2023-10-18 22:00:00,139.54
Montenegro,MNE,2023-10-18 21:00:00,2023-10-18 23:00:00,131.83
Montenegro,MNE,2023-10-18 22:00:00,2023-10-19 00:00:00,99.99
Montenegro,MNE,2023-10-18 23:00:00,2023-10-19 01:00:00,90.94
Montenegro,MNE,2023-10-19 00:00:00,2023-10-19 02:00:00,83.98
Montenegro,MNE,2023-10-19 01:00:00,2023-10-19 03:00:00,76.44
Montenegro,MNE,2023-10-19 02:00:00,2023-10-19 04:00:00,90.72
Montenegro,MNE,2023-10-19 03:00:00,2023-10-19 05:00:00,116.44
Montenegro,MNE,2023-10-19 04:00:00,2023-10-19 06:00:00,151.02
Montenegro,MNE,2023-10-19 05:00:00,2023-10-19 07:00:00,148.42
Montenegro,MNE,2023-10-19 06:00:00,2023-10-19 08:00:00,146.19
Montenegro,MNE,2023-10-19 07:00:00,2023-10-19 09:00:00,129.93
Montenegro,MNE,2023-10-19 08:00:00,2023-10-19 10:00:00,115.51
Montenegro,MNE,2023-10-19 09:00:00,2023-10-19 11:00:00,107.49
Montenegro,MNE,2023-10-19 10:00:00,2023-10-19 12:00:00,104.59
Montenegro,MNE,2023-10-19 11:00:00,2023-10-19 13:00:00,103.09
Montenegro,MNE,2023-10-19 12:00:00,2023-10-19 14:00:00,103.99
Montenegro,MNE,2023-10-19 13:00:00,2023-10-19 15:00:00,107.69
Montenegro,MNE,2023-10-19 14:00:00,2023-10-19 16:00:00,123.95
Montenegro,MNE,2023-10-19 15:00:00,2023-10-19 17:00:00,134.56
Montenegro,MNE,2023-10-19 16:00:00,2023-10-19 18:00:00,148.85
Montenegro,MNE,2023-10-19 17:00:00,2023-10-19 19:00:00,160.95
Montenegro,MNE,2023-10-19 18:00:00,2023-10-19 20:00:00,132.27
Montenegro,MNE,2023-10-19 19:00:00,2023-10-19 21:00:00,119.83
Montenegro,MNE,2023-10-19 20:00:00,2023-10-19 22:00:00,90.34
Montenegro,MNE,2023-10-19 21:00:00,2023-10-19 23:00:00,75.46
Montenegro,MNE,2023-10-19 22:00:00,2023-10-20 00:00:00,80.54
Montenegro,MNE,2023-10-19 23:00:00,2023-10-20 01:00:00,69.01
Montenegro,MNE,2023-10-20 00:00:00,2023-10-20 02:00:00,64.05
Montenegro,MNE,2023-10-20 01:00:00,2023-10-20 03:00:00,55.09
Montenegro,MNE,2023-10-20 02:00:00,2023-10-20 04:00:00,65.02
Montenegro,MNE,2023-10-20 03:00:00,2023-10-20 05:00:00,82.08
Montenegro,MNE,2023-10-20 04:00:00,2023-10-20 06:00:00,118.93
Montenegro,MNE,2023-10-20 05:00:00,2023-10-20 07:00:00,132.52
Montenegro,MNE,2023-10-20 06:00:00,2023-10-20 08:00:00,123.61
Montenegro,MNE,2023-10-20 07:00:00,2023-10-20 09:00:00,101.48
Montenegro,MNE,2023-10-20 08:00:00,2023-10-20 10:00:00,100.0
Montenegro,MNE,2023-10-20 09:00:00,2023-10-20 11:00:00,93.57
Montenegro,MNE,2023-10-20 10:00:00,2023-10-20 12:00:00,93.87
Montenegro,MNE,2023-10-20 11:00:00,2023-10-20 13:00:00,92.22
Montenegro,MNE,2023-10-20 12:00:00,2023-10-20 14:00:00,84.03
Montenegro,MNE,2023-10-20 13:00:00,2023-10-20 15:00:00,84.07
Montenegro,MNE,2023-10-20 14:00:00,2023-10-20 16:00:00,114.31
Montenegro,MNE,2023-10-20 15:00:00,2023-10-20 17:00:00,135.98
Montenegro,MNE,2023-10-20 16:00:00,2023-10-20 18:00:00,155.5
Montenegro,MNE,2023-10-20 17:00:00,2023-10-20 19:00:00,159.32
Montenegro,MNE,2023-10-20 18:00:00,2023-10-20 20:00:00,145.72
Montenegro,MNE,2023-10-20 19:00:00,2023-10-20 21:00:00,108.26
Montenegro,MNE,2023-10-20 20:00:00,2023-10-20 22:00:00,100.08
Montenegro,MNE,2023-10-20 21:00:00,2023-10-20 23:00:00,84.3
Montenegro,MNE,2023-10-20 22:00:00,2023-10-21 00:00:00,45.46
Montenegro,MNE,2023-10-20 23:00:00,2023-10-21 01:00:00,34.62
Montenegro,MNE,2023-10-21 00:00:00,2023-10-21 02:00:00,24.15
Montenegro,MNE,2023-10-21 01:00:00,2023-10-21 03:00:00,23.19
Montenegro,MNE,2023-10-21 02:00:00,2023-10-21 04:00:00,23.79
Montenegro,MNE,2023-10-21 03:00:00,2023-10-21 05:00:00,24.99
Montenegro,MNE,2023-10-21 04:00:00,2023-10-21 06:00:00,38.94
Montenegro,MNE,2023-10-21 05:00:00,2023-10-21 07:00:00,76.09
Montenegro,MNE,2023-10-21 06:00:00,2023-10-21 08:00:00,78.58
Montenegro,MNE,2023-10-21 07:00:00,2023-10-21 09:00:00,76.27
Montenegro,MNE,2023-10-21 08:00:00,2023-10-21 10:00:00,48.06
Montenegro,MNE,2023-10-21 09:00:00,2023-10-21 11:00:00,39.4
Montenegro,MNE,2023-10-21 10:00:00,2023-10-21 12:00:00,44.03
Montenegro,MNE,2023-10-21 11:00:00,2023-10-21 13:00:00,39.82
Montenegro,MNE,2023-10-21 12:00:00,2023-10-21 14:00:00,34.98
Montenegro,MNE,2023-10-21 13:00:00,2023-10-21 15:00:00,52.87
Montenegro,MNE,2023-10-21 14:00:00,2023-10-21 16:00:00,78.66
Montenegro,MNE,2023-10-21 15:00:00,2023-10-21 17:00:00,97.54
Montenegro,MNE,2023-10-21 16:00:00,2023-10-21 18:00:00,129.91
Montenegro,MNE,2023-10-21 17:00:00,2023-10-21 19:00:00,135.02
Montenegro,MNE,2023-10-21 18:00:00,2023-10-21 20:00:00,111.35
Montenegro,MNE,2023-10-21 19:00:00,2023-10-21 21:00:00,90.18
Montenegro,MNE,2023-10-21 20:00:00,2023-10-21 22:00:00,64.29
Montenegro,MNE,2023-10-21 21:00:00,2023-10-21 23:00:00,54.69
Montenegro,MNE,2023-10-21 22:00:00,2023-10-22 00:00:00,62.97
Montenegro,MNE,2023-10-21 23:00:00,2023-10-22 01:00:00,45.9
Montenegro,MNE,2023-10-22 00:00:00,2023-10-22 02:00:00,43.48
Montenegro,MNE,2023-10-22 01:00:00,2023-10-22 03:00:00,35.57
Montenegro,MNE,2023-10-22 02:00:00,2023-10-22 04:00:00,32.49
Montenegro,MNE,2023-10-22 03:00:00,2023-10-22 05:00:00,36.33
Montenegro,MNE,2023-10-22 04:00:00,2023-10-22 06:00:00,51.5
Montenegro,MNE,2023-10-22 05:00:00,2023-10-22 07:00:00,66.09
Montenegro,MNE,2023-10-22 06:00:00,2023-10-22 08:00:00,75.1
Montenegro,MNE,2023-10-22 07:00:00,2023-10-22 09:00:00,75.3
Montenegro,MNE,2023-10-22 08:00:00,2023-10-22 10:00:00,62.3
Montenegro,MNE,2023-10-22 09:00:00,2023-10-22 11:00:00,62.01
Montenegro,MNE,2023-10-22 10:00:00,2023-10-22 12:00:00,27.7
Montenegro,MNE,2023-10-22 11:00:00,2023-10-22 13:00:00,27.99
Montenegro,MNE,2023-10-22 12:00:00,2023-10-22 14:00:00,37.23
Montenegro,MNE,2023-10-22 13:00:00,2023-10-22 15:00:00,66.09
Montenegro,MNE,2023-10-22 14:00:00,2023-10-22 16:00:00,87.09
Montenegro,MNE,2023-10-22 15:00:00,2023-10-22 17:00:00,97.85
Montenegro,MNE,2023-10-22 16:00:00,2023-10-22 18:00:00,118.88
Montenegro,MNE,2023-10-22 17:00:00,2023-10-22 19:00:00,125.68
Montenegro,MNE,2023-10-22 18:00:00,2023-10-22 20:00:00,118.65
Montenegro,MNE,2023-10-22 19:00:00,2023-10-22 21:00:00,100.38
Montenegro,MNE,2023-10-22 20:00:00,2023-10-22 22:00:00,104.1
Montenegro,MNE,2023-10-22 21:00:00,2023-10-22 23:00:00,97.32
Montenegro,MNE,2023-10-22 22:00:00,2023-10-23 00:00:00,90.6
Montenegro,MNE,2023-10-22 23:00:00,2023-10-23 01:00:00,81.78
Montenegro,MNE,2023-10-23 00:00:00,2023-10-23 02:00:00,77.93
Montenegro,MNE,2023-10-23 01:00:00,2023-10-23 03:00:00,76.64
Montenegro,MNE,2023-10-23 02:00:00,2023-10-23 04:00:00,84.21
Montenegro,MNE,2023-10-23 03:00:00,2023-10-23 05:00:00,97.86
Montenegro,MNE,2023-10-23 04:00:00,2023-10-23 06:00:00,134.45
Montenegro,MNE,2023-10-23 05:00:00,2023-10-23 07:00:00,155.92
Montenegro,MNE,2023-10-23 06:00:00,2023-10-23 08:00:00,154.09
Montenegro,MNE,2023-10-23 07:00:00,2023-10-23 09:00:00,132.71
Montenegro,MNE,2023-10-23 08:00:00,2023-10-23 10:00:00,118.77
Montenegro,MNE,2023-10-23 09:00:00,2023-10-23 11:00:00,114.84
Montenegro,MNE,2023-10-23 10:00:00,2023-10-23 12:00:00,108.56
Montenegro,MNE,2023-10-23 11:00:00,2023-10-23 13:00:00,108.3
Montenegro,MNE,2023-10-23 12:00:00,2023-10-23 14:00:00,108.89
Montenegro,MNE,2023-10-23 13:00:00,2023-10-23 15:00:00,117.7
Montenegro,MNE,2023-10-23 14:00:00,2023-10-23 16:00:00,132.75
Montenegro,MNE,2023-10-23 15:00:00,2023-10-23 17:00:00,152.91
Montenegro,MNE,2023-10-23 16:00:00,2023-10-23 18:00:00,192.22
Montenegro,MNE,2023-10-23 17:00:00,2023-10-23 19:00:00,186.15
Montenegro,MNE,2023-10-23 18:00:00,2023-10-23 20:00:00,150.93
Montenegro,MNE,2023-10-23 19:00:00,2023-10-23 21:00:00,136.11
Montenegro,MNE,2023-10-23 20:00:00,2023-10-23 22:00:00,132.42
Montenegro,MNE,2023-10-23 21:00:00,2023-10-23 23:00:00,111.46
Montenegro,MNE,2023-10-23 22:00:00,2023-10-24 00:00:00,108.09
Montenegro,MNE,2023-10-23 23:00:00,2023-10-24 01:00:00,99.38
Montenegro,MNE,2023-10-24 00:00:00,2023-10-24 02:00:00,95.03
Montenegro,MNE,2023-10-24 01:00:00,2023-10-24 03:00:00,92.07
Montenegro,MNE,2023-10-24 02:00:00,2023-10-24 04:00:00,95.02
Montenegro,MNE,2023-10-24 03:00:00,2023-10-24 05:00:00,104.26
Montenegro,MNE,2023-10-24 04:00:00,2023-10-24 06:00:00,132.67
Montenegro,MNE,2023-10-24 05:00:00,2023-10-24 07:00:00,160.25
Montenegro,MNE,2023-10-24 06:00:00,2023-10-24 08:00:00,153.79
Montenegro,MNE,2023-10-24 07:00:00,2023-10-24 09:00:00,135.17
Montenegro,MNE,2023-10-24 08:00:00,2023-10-24 10:00:00,125.7
Montenegro,MNE,2023-10-24 09:00:00,2023-10-24 11:00:00,121.43
Montenegro,MNE,2023-10-24 10:00:00,2023-10-24 12:00:00,115.08
Montenegro,MNE,2023-10-24 11:00:00,2023-10-24 13:00:00,117.08
Montenegro,MNE,2023-10-24 12:00:00,2023-10-24 14:00:00,125.58
Montenegro,MNE,2023-10-24 13:00:00,2023-10-24 15:00:00,132.59
Montenegro,MNE,2023-10-24 14:00:00,2023-10-24 16:00:00,141.2
Montenegro,MNE,2023-10-24 15:00:00,2023-10-24 17:00:00,153.96
Montenegro,MNE,2023-10-24 16:00:00,2023-10-24 18:00:00,181.92
Montenegro,MNE,2023-10-24 17:00:00,2023-10-24 19:00:00,181.53
Montenegro,MNE,2023-10-24 18:00:00,2023-10-24 20:00:00,153.0
Montenegro,MNE,2023-10-24 19:00:00,2023-10-24 21:00:00,135.81
Montenegro,MNE,2023-10-24 20:00:00,2023-10-24 22:00:00,112.98
Montenegro,MNE,2023-10-24 21:00:00,2023-10-24 23:00:00,110.07
Montenegro,MNE,2023-10-24 22:00:00,2023-10-25 00:00:00,97.74
Montenegro,MNE,2023-10-24 23:00:00,2023-10-25 01:00:00,97.48
Montenegro,MNE,2023-10-25 00:00:00,2023-10-25 02:00:00,90.85
Montenegro,MNE,2023-10-25 01:00:00,2023-10-25 03:00:00,90.31
Montenegro,MNE,2023-10-25 02:00:00,2023-10-25 04:00:00,90.82
Montenegro,MNE,2023-10-25 03:00:00,2023-10-25 05:00:00,97.74
Montenegro,MNE,2023-10-25 04:00:00,2023-10-25 06:00:00,122.87
Montenegro,MNE,2023-10-25 05:00:00,2023-10-25 07:00:00,146.84
Montenegro,MNE,2023-10-25 06:00:00,2023-10-25 08:00:00,153.85
Montenegro,MNE,2023-10-25 07:00:00,2023-10-25 09:00:00,139.6
Montenegro,MNE,2023-10-25 08:00:00,2023-10-25 10:00:00,125.91
Montenegro,MNE,2023-10-25 09:00:00,2023-10-25 11:00:00,126.04
Montenegro,MNE,2023-10-25 10:00:00,2023-10-25 12:00:00,120.04
Montenegro,MNE,2023-10-25 11:00:00,2023-10-25 13:00:00,117.04
Montenegro,MNE,2023-10-25 12:00:00,2023-10-25 14:00:00,124.04
Montenegro,MNE,2023-10-25 13:00:00,2023-10-25 15:00:00,129.04
Montenegro,MNE,2023-10-25 14:00:00,2023-10-25 16:00:00,133.96
Montenegro,MNE,2023-10-25 15:00:00,2023-10-25 17:00:00,148.06
Montenegro,MNE,2023-10-25 16:00:00,2023-10-25 18:00:00,158.87
Montenegro,MNE,2023-10-25 17:00:00,2023-10-25 19:00:00,167.39
Montenegro,MNE,2023-10-25 18:00:00,2023-10-25 20:00:00,137.58
Montenegro,MNE,2023-10-25 19:00:00,2023-10-25 21:00:00,129.92
Montenegro,MNE,2023-10-25 20:00:00,2023-10-25 22:00:00,119.04
Montenegro,MNE,2023-10-25 21:00:00,2023-10-25 23:00:00,108.04
Montenegro,MNE,2023-10-25 22:00:00,2023-10-26 00:00:00,100.24
Montenegro,MNE,2023-10-25 23:00:00,2023-10-26 01:00:00,92.48
Montenegro,MNE,2023-10-26 00:00:00,2023-10-26 02:00:00,90.03
Montenegro,MNE,2023-10-26 01:00:00,2023-10-26 03:00:00,84.0
Montenegro,MNE,2023-10-26 02:00:00,2023-10-26 04:00:00,83.82
Montenegro,MNE,2023-10-26 03:00:00,2023-10-26 05:00:00,97.74
Montenegro,MNE,2023-10-26 04:00:00,2023-10-26 06:00:00,118.84
Montenegro,MNE,2023-10-26 05:00:00,2023-10-26 07:00:00,139.58
Montenegro,MNE,2023-10-26 06:00:00,2023-10-26 08:00:00,146.97
Montenegro,MNE,2023-10-26 07:00:00,2023-10-26 09:00:00,139.88
Montenegro,MNE,2023-10-26 08:00:00,2023-10-26 10:00:00,132.65
Montenegro,MNE,2023-10-26 09:00:00,2023-10-26 11:00:00,132.18
Montenegro,MNE,2023-10-26 10:00:00,2023-10-26 12:00:00,124.82
Montenegro,MNE,2023-10-26 11:00:00,2023-10-26 13:00:00,119.06
Montenegro,MNE,2023-10-26 12:00:00,2023-10-26 14:00:00,125.84
Montenegro,MNE,2023-10-26 13:00:00,2023-10-26 15:00:00,132.48
Montenegro,MNE,2023-10-26 14:00:00,2023-10-26 16:00:00,139.22
Montenegro,MNE,2023-10-26 15:00:00,2023-10-26 17:00:00,148.75
Montenegro,MNE,2023-10-26 16:00:00,2023-10-26 18:00:00,160.61
Montenegro,MNE,2023-10-26 17:00:00,2023-10-26 19:00:00,162.05
Montenegro,MNE,2023-10-26 18:00:00,2023-10-26 20:00:00,139.73
Montenegro,MNE,2023-10-26 19:00:00,2023-10-26 21:00:00,129.93
Montenegro,MNE,2023-10-26 20:00:00,2023-10-26 22:00:00,121.17
Montenegro,MNE,2023-10-26 21:00:00,2023-10-26 23:00:00,111.92
Montenegro,MNE,2023-10-26 22:00:00,2023-10-27 00:00:00,100.08
Montenegro,MNE,2023-10-26 23:00:00,2023-10-27 01:00:00,97.08
Montenegro,MNE,2023-10-27 00:00:00,2023-10-27 02:00:00,93.08
Montenegro,MNE,2023-10-27 01:00:00,2023-10-27 03:00:00,91.01
Montenegro,MNE,2023-10-27 02:00:00,2023-10-27 04:00:00,94.09
Montenegro,MNE,2023-10-27 03:00:00,2023-10-27 05:00:00,104.09
Montenegro,MNE,2023-10-27 04:00:00,2023-10-27 06:00:00,129.05
Montenegro,MNE,2023-10-27 05:00:00,2023-10-27 07:00:00,139.6
Montenegro,MNE,2023-10-27 06:00:00,2023-10-27 08:00:00,144.09
Montenegro,MNE,2023-10-27 07:00:00,2023-10-27 09:00:00,141.14
Montenegro,MNE,2023-10-27 08:00:00,2023-10-27 10:00:00,129.96
Montenegro,MNE,2023-10-27 09:00:00,2023-10-27 11:00:00,123.04
Montenegro,MNE,2023-10-27 10:00:00,2023-10-27 12:00:00,114.53
Montenegro,MNE,2023-10-27 11:00:00,2023-10-27 13:00:00,108.04
Montenegro,MNE,2023-10-27 12:00:00,2023-10-27 14:00:00,109.04
Montenegro,MNE,2023-10-27 13:00:00,2023-10-27 15:00:00,115.04
Montenegro,MNE,2023-10-27 14:00:00,2023-10-27 16:00:00,123.07
Montenegro,MNE,2023-10-27 15:00:00,2023-10-27 17:00:00,133.85
Montenegro,MNE,2023-10-27 16:00:00,2023-10-27 18:00:00,148.83
Montenegro,MNE,2023-10-27 17:00:00,2023-10-27 19:00:00,148.02
Montenegro,MNE,2023-10-27 18:00:00,2023-10-27 20:00:00,131.08
Montenegro,MNE,2023-10-27 19:00:00,2023-10-27 21:00:00,118.98
Montenegro,MNE,2023-10-27 20:00:00,2023-10-27 22:00:00,108.08
Montenegro,MNE,2023-10-27 21:00:00,2023-10-27 23:00:00,100.32
Montenegro,MNE,2023-10-27 22:00:00,2023-10-28 00:00:00,82.35
Montenegro,MNE,2023-10-27 23:00:00,2023-10-28 01:00:00,70.99
Montenegro,MNE,2023-10-28 00:00:00,2023-10-28 02:00:00,69.14
Montenegro,MNE,2023-10-28 01:00:00,2023-10-28 03:00:00,63.68
Montenegro,MNE,2023-10-28 02:00:00,2023-10-28 04:00:00,68.03
Montenegro,MNE,2023-10-28 03:00:00,2023-10-28 05:00:00,69.03
Montenegro,MNE,2023-10-28 04:00:00,2023-10-28 06:00:00,83.06
Montenegro,MNE,2023-10-28 05:00:00,2023-10-28 07:00:00,95.95
Montenegro,MNE,2023-10-28 06:00:00,2023-10-28 08:00:00,110.95
Montenegro,MNE,2023-10-28 07:00:00,2023-10-28 09:00:00,106.95
Montenegro,MNE,2023-10-28 08:00:00,2023-10-28 10:00:00,91.72
Montenegro,MNE,2023-10-28 09:00:00,2023-10-28 11:00:00,69.98
Montenegro,MNE,2023-10-28 10:00:00,2023-10-28 12:00:00,57.39
Montenegro,MNE,2023-10-28 11:00:00,2023-10-28 13:00:00,53.64
Montenegro,MNE,2023-10-28 12:00:00,2023-10-28 14:00:00,57.88
Montenegro,MNE,2023-10-28 13:00:00,2023-10-28 15:00:00,83.9
Montenegro,MNE,2023-10-28 14:00:00,2023-10-28 16:00:00,117.04
Montenegro,MNE,2023-10-28 15:00:00,2023-10-28 17:00:00,132.56
Montenegro,MNE,2023-10-28 16:00:00,2023-10-28 18:00:00,137.81
Montenegro,MNE,2023-10-28 17:00:00,2023-10-28 19:00:00,141.04
Montenegro,MNE,2023-10-28 18:00:00,2023-10-28 20:00:00,120.04
Montenegro,MNE,2023-10-28 19:00:00,2023-10-28 21:00:00,97.64
Montenegro,MNE,2023-10-28 20:00:00,2023-10-28 22:00:00,88.09
Montenegro,MNE,2023-10-28 21:00:00,2023-10-28 23:00:00,80.07
Montenegro,MNE,2023-10-28 22:00:00,2023-10-29 00:00:00,90.28
Montenegro,MNE,2023-10-28 23:00:00,2023-10-29 01:00:00,54.24
Montenegro,MNE,2023-10-29 00:00:00,2023-10-29 02:00:00,39.77
Montenegro,MNE,2023-10-29 01:00:00,2023-10-29 02:00:00,39.77
Montenegro,MNE,2023-10-29 02:00:00,2023-10-29 03:00:00,31.14
Montenegro,MNE,2023-10-29 03:00:00,2023-10-29 04:00:00,39.55
Montenegro,MNE,2023-10-29 04:00:00,2023-10-29 05:00:00,39.65
Montenegro,MNE,2023-10-29 05:00:00,2023-10-29 06:00:00,75.35
Montenegro,MNE,2023-10-29 06:00:00,2023-10-29 07:00:00,79.11
Montenegro,MNE,2023-10-29 07:00:00,2023-10-29 08:00:00,82.76
Montenegro,MNE,2023-10-29 08:00:00,2023-10-29 09:00:00,66.46
Montenegro,MNE,2023-10-29 09:00:00,2023-10-29 10:00:00,65.26
Montenegro,MNE,2023-10-29 10:00:00,2023-10-29 11:00:00,80.08
Montenegro,MNE,2023-10-29 11:00:00,2023-10-29 12:00:00,80.08
Montenegro,MNE,2023-10-29 12:00:00,2023-10-29 13:00:00,80.08
Montenegro,MNE,2023-10-29 13:00:00,2023-10-29 14:00:00,80.08
Montenegro,MNE,2023-10-29 14:00:00,2023-10-29 15:00:00,110.08
Montenegro,MNE,2023-10-29 15:00:00,2023-10-29 16:00:00,120.59
Montenegro,MNE,2023-10-29 16:00:00,2023-10-29 17:00:00,151.19
Montenegro,MNE,2023-10-29 17:00:00,2023-10-29 18:00:00,125.56
Montenegro,MNE,2023-10-29 18:00:00,2023-10-29 19:00:00,107.7
Montenegro,MNE,2023-10-29 19:00:00,2023-10-29 20:00:00,105.26
Montenegro,MNE,2023-10-29 20:00:00,2023-10-29 21:00:00,101.16
Montenegro,MNE,2023-10-29 21:00:00,2023-10-29 22:00:00,77.29
Montenegro,MNE,2023-10-29 22:00:00,2023-10-29 23:00:00,47.69
Montenegro,MNE,2023-10-29 23:00:00,2023-10-30 00:00:00,69.7
Montenegro,MNE,2023-10-30 00:00:00,2023-10-30 01:00:00,64.45
Montenegro,MNE,2023-10-30 01:00:00,2023-10-30 02:00:00,61.95
Montenegro,MNE,2023-10-30 02:00:00,2023-10-30 03:00:00,56.91
Montenegro,MNE,2023-10-30 03:00:00,2023-10-30 04:00:00,63.03
Montenegro,MNE,2023-10-30 04:00:00,2023-10-30 05:00:00,90.08
Montenegro,MNE,2023-10-30 05:00:00,2023-10-30 06:00:00,119.16
Montenegro,MNE,2023-10-30 06:00:00,2023-10-30 07:00:00,132.51
Montenegro,MNE,2023-10-30 07:00:00,2023-10-30 08:00:00,129.02
Montenegro,MNE,2023-10-30 08:00:00,2023-10-30 09:00:00,113.38
Montenegro,MNE,2023-10-30 09:00:00,2023-10-30 10:00:00,109.05
Montenegro,MNE,2023-10-30 10:00:00,2023-10-30 11:00:00,104.02
Montenegro,MNE,2023-10-30 11:00:00,2023-10-30 12:00:00,104.58
Montenegro,MNE,2023-10-30 12:00:00,2023-10-30 13:00:00,105.02
Montenegro,MNE,2023-10-30 13:00:00,2023-10-30 14:00:00,111.3
Montenegro,MNE,2023-10-30 14:00:00,2023-10-30 15:00:00,129.94
Montenegro,MNE,2023-10-30 15:00:00,2023-10-30 16:00:00,146.36
Montenegro,MNE,2023-10-30 16:00:00,2023-10-30 17:00:00,149.08
Montenegro,MNE,2023-10-30 17:00:00,2023-10-30 18:00:00,173.42
Montenegro,MNE,2023-10-30 18:00:00,2023-10-30 19:00:00,158.02
Montenegro,MNE,2023-10-30 19:00:00,2023-10-30 20:00:00,144.02
Montenegro,MNE,2023-10-30 20:00:00,2023-10-30 21:00:00,133.02
Montenegro,MNE,2023-10-30 21:00:00,2023-10-30 22:00:00,120.48
Montenegro,MNE,2023-10-30 22:00:00,2023-10-30 23:00:00,106.88
Montenegro,MNE,2023-10-30 23:00:00,2023-10-31 00:00:00,85.42
Montenegro,MNE,2023-10-31 00:00:00,2023-10-31 01:00:00,79.71
Montenegro,MNE,2023-10-31 01:00:00,2023-10-31 02:00:00,69.69
Montenegro,MNE,2023-10-31 02:00:00,2023-10-31 03:00:00,64.44
Montenegro,MNE,2023-10-31 03:00:00,2023-10-31 04:00:00,61.14
Montenegro,MNE,2023-10-31 04:00:00,2023-10-31 05:00:00,69.51
Montenegro,MNE,2023-10-31 05:00:00,2023-10-31 06:00:00,109.95
Montenegro,MNE,2023-10-31 06:00:00,2023-10-31 07:00:00,125.84
Montenegro,MNE,2023-10-31 07:00:00,2023-10-31 08:00:00,125.73
Montenegro,MNE,2023-10-31 08:00:00,2023-10-31 09:00:00,111.38
Montenegro,MNE,2023-10-31 09:00:00,2023-10-31 10:00:00,100.2
Montenegro,MNE,2023-10-31 10:00:00,2023-10-31 11:00:00,104.07
Montenegro,MNE,2023-10-31 11:00:00,2023-10-31 12:00:00,103.6
Montenegro,MNE,2023-10-31 12:00:00,2023-10-31 13:00:00,104.99
Montenegro,MNE,2023-10-31 13:00:00,2023-10-31 14:00:00,111.92
Montenegro,MNE,2023-10-31 14:00:00,2023-10-31 15:00:00,125.85
Montenegro,MNE,2023-10-31 15:00:00,2023-10-31 16:00:00,146.52
Montenegro,MNE,2023-10-31 16:00:00,2023-10-31 17:00:00,159.81
Montenegro,MNE,2023-10-31 17:00:00,2023-10-31 18:00:00,160.15
Montenegro,MNE,2023-10-31 18:00:00,2023-10-31 19:00:00,147.25
Montenegro,MNE,2023-10-31 19:00:00,2023-10-31 20:00:00,134.73
Montenegro,MNE,2023-10-31 20:00:00,2023-10-31 21:00:00,120.16
Montenegro,MNE,2023-10-31 21:00:00,2023-10-31 22:00:00,107.06
Montenegro,MNE,2023-10-31 22:00:00,2023-10-31 23:00:00,98.66
Montenegro,MNE,2023-10-31 23:00:00,2023-11-01 00:00:00,83.68
Montenegro,MNE,2023-11-01 00:00:00,2023-11-01 01:00:00,69.84
Montenegro,MNE,2023-11-01 01:00:00,2023-11-01 02:00:00,55.93
Montenegro,MNE,2023-11-01 02:00:00,2023-11-01 03:00:00,51.98
Montenegro,MNE,2023-11-01 03:00:00,2023-11-01 04:00:00,55.69
Montenegro,MNE,2023-11-01 04:00:00,2023-11-01 05:00:00,69.81
Montenegro,MNE,2023-11-01 05:00:00,2023-11-01 06:00:00,97.02
Montenegro,MNE,2023-11-01 06:00:00,2023-11-01 07:00:00,97.65
Montenegro,MNE,2023-11-01 07:00:00,2023-11-01 08:00:00,90.99
Montenegro,MNE,2023-11-01 08:00:00,2023-11-01 09:00:00,83.96
Montenegro,MNE,2023-11-01 09:00:00,2023-11-01 10:00:00,61.47
Montenegro,MNE,2023-11-01 10:00:00,2023-11-01 11:00:00,76.35
Montenegro,MNE,2023-11-01 11:00:00,2023-11-01 12:00:00,69.8
Montenegro,MNE,2023-11-01 12:00:00,2023-11-01 13:00:00,76.35
Montenegro,MNE,2023-11-01 13:00:00,2023-11-01 14:00:00,90.83
Montenegro,MNE,2023-11-01 14:00:00,2023-11-01 15:00:00,104.89
Montenegro,MNE,2023-11-01 15:00:00,2023-11-01 16:00:00,104.91
Montenegro,MNE,2023-11-01 16:00:00,2023-11-01 17:00:00,125.81
Montenegro,MNE,2023-11-01 17:00:00,2023-11-01 18:00:00,129.97
Montenegro,MNE,2023-11-01 18:00:00,2023-11-01 19:00:00,125.89
Montenegro,MNE,2023-11-01 19:00:00,2023-11-01 20:00:00,111.89
Montenegro,MNE,2023-11-01 20:00:00,2023-11-01 21:00:00,90.46
Montenegro,MNE,2023-11-01 21:00:00,2023-11-01 22:00:00,83.35
Montenegro,MNE,2023-11-01 22:00:00,2023-11-01 23:00:00,62.43
Montenegro,MNE,2023-11-01 23:00:00,2023-11-02 00:00:00,63.78
Montenegro,MNE,2023-11-02 00:00:00,2023-11-02 01:00:00,48.99
Montenegro,MNE,2023-11-02 01:00:00,2023-11-02 02:00:00,48.31
Montenegro,MNE,2023-11-02 02:00:00,2023-11-02 03:00:00,41.76
Montenegro,MNE,2023-11-02 03:00:00,2023-11-02 04:00:00,42.82
Montenegro,MNE,2023-11-02 04:00:00,2023-11-02 05:00:00,69.26
Montenegro,MNE,2023-11-02 05:00:00,2023-11-02 06:00:00,104.84
Montenegro,MNE,2023-11-02 06:00:00,2023-11-02 07:00:00,125.95
Montenegro,MNE,2023-11-02 07:00:00,2023-11-02 08:00:00,132.62
Montenegro,MNE,2023-11-02 08:00:00,2023-11-02 09:00:00,90.82
Montenegro,MNE,2023-11-02 09:00:00,2023-11-02 10:00:00,76.89
Montenegro,MNE,2023-11-02 10:00:00,2023-11-02 11:00:00,69.86
Montenegro,MNE,2023-11-02 11:00:00,2023-11-02 12:00:00,74.08
Montenegro,MNE,2023-11-02 12:00:00,2023-11-02 13:00:00,76.94
Montenegro,MNE,2023-11-02 13:00:00,2023-11-02 14:00:00,97.86
Montenegro,MNE,2023-11-02 14:00:00,2023-11-02 15:00:00,118.87
Montenegro,MNE,2023-11-02 15:00:00,2023-11-02 16:00:00,146.16
Montenegro,MNE,2023-11-02 16:00:00,2023-11-02 17:00:00,153.58
Montenegro,MNE,2023-11-02 17:00:00,2023-11-02 18:00:00,153.45
Montenegro,MNE,2023-11-02 18:00:00,2023-11-02 19:00:00,146.62
Montenegro,MNE,2023-11-02 19:00:00,2023-11-02 20:00:00,125.28
Montenegro,MNE,2023-11-02 20:00:00,2023-11-02 21:00:00,104.65
Montenegro,MNE,2023-11-02 21:00:00,2023-11-02 22:00:00,77.0
Montenegro,MNE,2023-11-02 22:00:00,2023-11-02 23:00:00,62.67
Montenegro,MNE,2023-11-02 23:00:00,2023-11-03 00:00:00,62.67
Montenegro,MNE,2023-11-03 00:00:00,2023-11-03 01:00:00,45.05
Montenegro,MNE,2023-11-03 01:00:00,2023-11-03 02:00:00,34.93
Montenegro,MNE,2023-11-03 02:00:00,2023-11-03 03:00:00,35.04
Montenegro,MNE,2023-11-03 03:00:00,2023-11-03 04:00:00,41.24
Montenegro,MNE,2023-11-03 04:00:00,2023-11-03 05:00:00,69.62
Montenegro,MNE,2023-11-03 05:00:00,2023-11-03 06:00:00,104.46
Montenegro,MNE,2023-11-03 06:00:00,2023-11-03 07:00:00,118.94
Montenegro,MNE,2023-11-03 07:00:00,2023-11-03 08:00:00,102.46
Montenegro,MNE,2023-11-03 08:00:00,2023-11-03 09:00:00,91.58
Montenegro,MNE,2023-11-03 09:00:00,2023-11-03 10:00:00,83.13
Montenegro,MNE,2023-11-03 10:00:00,2023-11-03 11:00:00,76.73
Montenegro,MNE,2023-11-03 11:00:00,2023-11-03 12:00:00,69.84
Montenegro,MNE,2023-11-03 12:00:00,2023-11-03 13:00:00,76.74
Montenegro,MNE,2023-11-03 13:00:00,2023-11-03 14:00:00,83.43
Montenegro,MNE,2023-11-03 14:00:00,2023-11-03 15:00:00,111.69
Montenegro,MNE,2023-11-03 15:00:00,2023-11-03 16:00:00,139.34
Montenegro,MNE,2023-11-03 16:00:00,2023-11-03 17:00:00,146.67
Montenegro,MNE,2023-11-03 17:00:00,2023-11-03 18:00:00,118.8
Montenegro,MNE,2023-11-03 18:00:00,2023-11-03 19:00:00,104.95
Montenegro,MNE,2023-11-03 19:00:00,2023-11-03 20:00:00,90.97
Montenegro,MNE,2023-11-03 20:00:00,2023-11-03 21:00:00,84.44
Montenegro,MNE,2023-11-03 21:00:00,2023-11-03 22:00:00,62.71
Montenegro,MNE,2023-11-03 22:00:00,2023-11-03 23:00:00,48.22
Montenegro,MNE,2023-11-03 23:00:00,2023-11-04 00:00:00,48.65
Montenegro,MNE,2023-11-04 00:00:00,2023-11-04 01:00:00,43.28
Montenegro,MNE,2023-11-04 01:00:00,2023-11-04 02:00:00,28.6
Montenegro,MNE,2023-11-04 02:00:00,2023-11-04 03:00:00,27.79
Montenegro,MNE,2023-11-04 03:00:00,2023-11-04 04:00:00,27.62
Montenegro,MNE,2023-11-04 04:00:00,2023-11-04 05:00:00,34.51
Montenegro,MNE,2023-11-04 05:00:00,2023-11-04 06:00:00,43.08
Montenegro,MNE,2023-11-04 06:00:00,2023-11-04 07:00:00,62.45
Montenegro,MNE,2023-11-04 07:00:00,2023-11-04 08:00:00,62.12
Montenegro,MNE,2023-11-04 08:00:00,2023-11-04 09:00:00,49.0
Montenegro,MNE,2023-11-04 09:00:00,2023-11-04 10:00:00,41.94
Montenegro,MNE,2023-11-04 10:00:00,2023-11-04 11:00:00,48.56
Montenegro,MNE,2023-11-04 11:00:00,2023-11-04 12:00:00,48.4
Montenegro,MNE,2023-11-04 12:00:00,2023-11-04 13:00:00,48.58
Montenegro,MNE,2023-11-04 13:00:00,2023-11-04 14:00:00,55.78
Montenegro,MNE,2023-11-04 14:00:00,2023-11-04 15:00:00,80.26
Montenegro,MNE,2023-11-04 15:00:00,2023-11-04 16:00:00,90.06
Montenegro,MNE,2023-11-04 16:00:00,2023-11-04 17:00:00,97.96
Montenegro,MNE,2023-11-04 17:00:00,2023-11-04 18:00:00,90.6
Montenegro,MNE,2023-11-04 18:00:00,2023-11-04 19:00:00,83.99
Montenegro,MNE,2023-11-04 19:00:00,2023-11-04 20:00:00,76.93
Montenegro,MNE,2023-11-04 20:00:00,2023-11-04 21:00:00,55.47
Montenegro,MNE,2023-11-04 21:00:00,2023-11-04 22:00:00,41.72
Montenegro,MNE,2023-11-04 22:00:00,2023-11-04 23:00:00,27.54
Montenegro,MNE,2023-11-04 23:00:00,2023-11-05 00:00:00,11.34
Montenegro,MNE,2023-11-05 00:00:00,2023-11-05 01:00:00,6.49
Montenegro,MNE,2023-11-05 01:00:00,2023-11-05 02:00:00,6.54
Montenegro,MNE,2023-11-05 02:00:00,2023-11-05 03:00:00,6.57
Montenegro,MNE,2023-11-05 03:00:00,2023-11-05 04:00:00,6.41
Montenegro,MNE,2023-11-05 04:00:00,2023-11-05 05:00:00,6.62
Montenegro,MNE,2023-11-05 05:00:00,2023-11-05 06:00:00,6.79
Montenegro,MNE,2023-11-05 06:00:00,2023-11-05 07:00:00,10.99
Montenegro,MNE,2023-11-05 07:00:00,2023-11-05 08:00:00,13.5
Montenegro,MNE,2023-11-05 08:00:00,2023-11-05 09:00:00,15.15
Montenegro,MNE,2023-11-05 09:00:00,2023-11-05 10:00:00,13.44
Montenegro,MNE,2023-11-05 10:00:00,2023-11-05 11:00:00,13.86
Montenegro,MNE,2023-11-05 11:00:00,2023-11-05 12:00:00,14.19
Montenegro,MNE,2023-11-05 12:00:00,2023-11-05 13:00:00,13.76
Montenegro,MNE,2023-11-05 13:00:00,2023-11-05 14:00:00,19.96
Montenegro,MNE,2023-11-05 14:00:00,2023-11-05 15:00:00,34.2
Montenegro,MNE,2023-11-05 15:00:00,2023-11-05 16:00:00,73.55
Montenegro,MNE,2023-11-05 16:00:00,2023-11-05 17:00:00,84.06
Montenegro,MNE,2023-11-05 17:00:00,2023-11-05 18:00:00,76.73
Montenegro,MNE,2023-11-05 18:00:00,2023-11-05 19:00:00,55.1
Montenegro,MNE,2023-11-05 19:00:00,2023-11-05 20:00:00,34.97
Montenegro,MNE,2023-11-05 20:00:00,2023-11-05 21:00:00,27.45
Montenegro,MNE,2023-11-05 21:00:00,2023-11-05 22:00:00,20.51
Montenegro,MNE,2023-11-05 22:00:00,2023-11-05 23:00:00,13.69
Montenegro,MNE,2023-11-05 23:00:00,2023-11-06 00:00:00,13.96
Montenegro,MNE,2023-11-06 00:00:00,2023-11-06 01:00:00,13.38
Montenegro,MNE,2023-11-06 01:00:00,2023-11-06 02:00:00,6.84
Montenegro,MNE,2023-11-06 02:00:00,2023-11-06 03:00:00,6.87
Montenegro,MNE,2023-11-06 03:00:00,2023-11-06 04:00:00,13.7
Montenegro,MNE,2023-11-06 04:00:00,2023-11-06 05:00:00,20.15
Montenegro,MNE,2023-11-06 05:00:00,2023-11-06 06:00:00,55.62
Montenegro,MNE,2023-11-06 06:00:00,2023-11-06 07:00:00,76.59
Montenegro,MNE,2023-11-06 07:00:00,2023-11-06 08:00:00,81.05
Montenegro,MNE,2023-11-06 08:00:00,2023-11-06 09:00:00,69.82
Montenegro,MNE,2023-11-06 09:00:00,2023-11-06 10:00:00,55.82
Montenegro,MNE,2023-11-06 10:00:00,2023-11-06 11:00:00,55.55
Montenegro,MNE,2023-11-06 11:00:00,2023-11-06 12:00:00,55.6
Montenegro,MNE,2023-11-06 12:00:00,2023-11-06 13:00:00,55.88
Montenegro,MNE,2023-11-06 13:00:00,2023-11-06 14:00:00,69.35
Montenegro,MNE,2023-11-06 14:00:00,2023-11-06 15:00:00,90.32
Montenegro,MNE,2023-11-06 15:00:00,2023-11-06 16:00:00,110.06
Montenegro,MNE,2023-11-06 16:00:00,2023-11-06 17:00:00,109.95
Montenegro,MNE,2023-11-06 17:00:00,2023-11-06 18:00:00,111.58
Montenegro,MNE,2023-11-06 18:00:00,2023-11-06 19:00:00,111.81
Montenegro,MNE,2023-11-06 19:00:00,2023-11-06 20:00:00,105.06
Montenegro,MNE,2023-11-06 20:00:00,2023-11-06 21:00:00,90.07
Montenegro,MNE,2023-11-06 21:00:00,2023-11-06 22:00:00,69.83
Montenegro,MNE,2023-11-06 22:00:00,2023-11-06 23:00:00,55.27
Montenegro,MNE,2023-11-06 23:00:00,2023-11-07 00:00:00,66.03
Montenegro,MNE,2023-11-07 00:00:00,2023-11-07 01:00:00,61.08
Montenegro,MNE,2023-11-07 01:00:00,2023-11-07 02:00:00,49.99
Montenegro,MNE,2023-11-07 02:00:00,2023-11-07 03:00:00,49.24
Montenegro,MNE,2023-11-07 03:00:00,2023-11-07 04:00:00,49.99
Montenegro,MNE,2023-11-07 04:00:00,2023-11-07 05:00:00,74.14
Montenegro,MNE,2023-11-07 05:00:00,2023-11-07 06:00:00,110.89
Montenegro,MNE,2023-11-07 06:00:00,2023-11-07 07:00:00,125.94
Montenegro,MNE,2023-11-07 07:00:00,2023-11-07 08:00:00,128.01
Montenegro,MNE,2023-11-07 08:00:00,2023-11-07 09:00:00,117.73
Montenegro,MNE,2023-11-07 09:00:00,2023-11-07 10:00:00,90.81
Montenegro,MNE,2023-11-07 10:00:00,2023-11-07 11:00:00,84.06
Montenegro,MNE,2023-11-07 11:00:00,2023-11-07 12:00:00,85.05
Montenegro,MNE,2023-11-07 12:00:00,2023-11-07 13:00:00,101.91
Montenegro,MNE,2023-11-07 13:00:00,2023-11-07 14:00:00,118.09
Montenegro,MNE,2023-11-07 14:00:00,2023-11-07 15:00:00,139.19
Montenegro,MNE,2023-11-07 15:00:00,2023-11-07 16:00:00,174.11
Montenegro,MNE,2023-11-07 16:00:00,2023-11-07 17:00:00,185.61
Montenegro,MNE,2023-11-07 17:00:00,2023-11-07 18:00:00,174.78
Montenegro,MNE,2023-11-07 18:00:00,2023-11-07 19:00:00,184.09
Montenegro,MNE,2023-11-07 19:00:00,2023-11-07 20:00:00,153.25
Montenegro,MNE,2023-11-07 20:00:00,2023-11-07 21:00:00,138.06
Montenegro,MNE,2023-11-07 21:00:00,2023-11-07 22:00:00,111.16
Montenegro,MNE,2023-11-07 22:00:00,2023-11-07 23:00:00,83.98
Montenegro,MNE,2023-11-07 23:00:00,2023-11-08 00:00:00,76.06
Montenegro,MNE,2023-11-08 00:00:00,2023-11-08 01:00:00,69.17
Montenegro,MNE,2023-11-08 01:00:00,2023-11-08 02:00:00,62.75
Montenegro,MNE,2023-11-08 02:00:00,2023-11-08 03:00:00,59.93
Montenegro,MNE,2023-11-08 03:00:00,2023-11-08 04:00:00,60.05
Montenegro,MNE,2023-11-08 04:00:00,2023-11-08 05:00:00,77.0
Montenegro,MNE,2023-11-08 05:00:00,2023-11-08 06:00:00,110.86
Montenegro,MNE,2023-11-08 06:00:00,2023-11-08 07:00:00,125.04
Montenegro,MNE,2023-11-08 07:00:00,2023-11-08 08:00:00,118.74
Montenegro,MNE,2023-11-08 08:00:00,2023-11-08 09:00:00,104.1
Montenegro,MNE,2023-11-08 09:00:00,2023-11-08 10:00:00,89.04
Montenegro,MNE,2023-11-08 10:00:00,2023-11-08 11:00:00,83.01
Montenegro,MNE,2023-11-08 11:00:00,2023-11-08 12:00:00,83.02
Montenegro,MNE,2023-11-08 12:00:00,2023-11-08 13:00:00,86.03
Montenegro,MNE,2023-11-08 13:00:00,2023-11-08 14:00:00,104.09
Montenegro,MNE,2023-11-08 14:00:00,2023-11-08 15:00:00,119.94
Montenegro,MNE,2023-11-08 15:00:00,2023-11-08 16:00:00,150.03
Montenegro,MNE,2023-11-08 16:00:00,2023-11-08 17:00:00,183.88
Montenegro,MNE,2023-11-08 17:00:00,2023-11-08 18:00:00,176.02
Montenegro,MNE,2023-11-08 18:00:00,2023-11-08 19:00:00,165.39
Montenegro,MNE,2023-11-08 19:00:00,2023-11-08 20:00:00,132.1
Montenegro,MNE,2023-11-08 20:00:00,2023-11-08 21:00:00,104.89
Montenegro,MNE,2023-11-08 21:00:00,2023-11-08 22:00:00,89.06
Montenegro,MNE,2023-11-08 22:00:00,2023-11-08 23:00:00,75.01
Montenegro,MNE,2023-11-08 23:00:00,2023-11-09 00:00:00,67.74
Montenegro,MNE,2023-11-09 00:00:00,2023-11-09 01:00:00,65.22
Montenegro,MNE,2023-11-09 01:00:00,2023-11-09 02:00:00,64.02
Montenegro,MNE,2023-11-09 02:00:00,2023-11-09 03:00:00,64.19
Montenegro,MNE,2023-11-09 03:00:00,2023-11-09 04:00:00,68.41
Montenegro,MNE,2023-11-09 04:00:00,2023-11-09 05:00:00,77.02
Montenegro,MNE,2023-11-09 05:00:00,2023-11-09 06:00:00,105.06
Montenegro,MNE,2023-11-09 06:00:00,2023-11-09 07:00:00,124.19
Montenegro,MNE,2023-11-09 07:00:00,2023-11-09 08:00:00,126.15
Montenegro,MNE,2023-11-09 08:00:00,2023-11-09 09:00:00,121.35
Montenegro,MNE,2023-11-09 09:00:00,2023-11-09 10:00:00,111.5
Montenegro,MNE,2023-11-09 10:00:00,2023-11-09 11:00:00,104.02
Montenegro,MNE,2023-11-09 11:00:00,2023-11-09 12:00:00,98.02
Montenegro,MNE,2023-11-09 12:00:00,2023-11-09 13:00:00,100.06
Montenegro,MNE,2023-11-09 13:00:00,2023-11-09 14:00:00,106.6
Montenegro,MNE,2023-11-09 14:00:00,2023-11-09 15:00:00,126.32
Montenegro,MNE,2023-11-09 15:00:00,2023-11-09 16:00:00,139.72
Montenegro,MNE,2023-11-09 16:00:00,2023-11-09 17:00:00,154.08
Montenegro,MNE,2023-11-09 17:00:00,2023-11-09 18:00:00,156.02
Montenegro,MNE,2023-11-09 18:00:00,2023-11-09 19:00:00,148.06
Montenegro,MNE,2023-11-09 19:00:00,2023-11-09 20:00:00,130.01
Montenegro,MNE,2023-11-09 20:00:00,2023-11-09 21:00:00,104.64
Montenegro,MNE,2023-11-09 21:00:00,2023-11-09 22:00:00,86.18
Montenegro,MNE,2023-11-09 22:00:00,2023-11-09 23:00:00,73.04
Montenegro,MNE,2023-11-09 23:00:00,2023-11-10 00:00:00,64.64
Montenegro,MNE,2023-11-10 00:00:00,2023-11-10 01:00:00,62.06
Montenegro,MNE,2023-11-10 01:00:00,2023-11-10 02:00:00,62.19
Montenegro,MNE,2023-11-10 02:00:00,2023-11-10 03:00:00,62.24
Montenegro,MNE,2023-11-10 03:00:00,2023-11-10 04:00:00,62.88
Montenegro,MNE,2023-11-10 04:00:00,2023-11-10 05:00:00,69.94
Montenegro,MNE,2023-11-10 05:00:00,2023-11-10 06:00:00,92.51
Montenegro,MNE,2023-11-10 06:00:00,2023-11-10 07:00:00,109.83
Montenegro,MNE,2023-11-10 07:00:00,2023-11-10 08:00:00,111.78
Montenegro,MNE,2023-11-10 08:00:00,2023-11-10 09:00:00,104.43
Montenegro,MNE,2023-11-10 09:00:00,2023-11-10 10:00:00,90.98
Montenegro,MNE,2023-11-10 10:00:00,2023-11-10 11:00:00,83.92
Montenegro,MNE,2023-11-10 11:00:00,2023-11-10 12:00:00,83.66
Montenegro,MNE,2023-11-10 12:00:00,2023-11-10 13:00:00,86.5
Montenegro,MNE,2023-11-10 13:00:00,2023-11-10 14:00:00,97.53
Montenegro,MNE,2023-11-10 14:00:00,2023-11-10 15:00:00,107.18
Montenegro,MNE,2023-11-10 15:00:00,2023-11-10 16:00:00,118.95
Montenegro,MNE,2023-11-10 16:00:00,2023-11-10 17:00:00,128.1
Montenegro,MNE,2023-11-10 17:00:00,2023-11-10 18:00:00,130.8
Montenegro,MNE,2023-11-10 18:00:00,2023-11-10 19:00:00,121.08
Montenegro,MNE,2023-11-10 19:00:00,2023-11-10 20:00:00,114.8
Montenegro,MNE,2023-11-10 20:00:00,2023-11-10 21:00:00,98.56
Montenegro,MNE,2023-11-10 21:00:00,2023-11-10 22:00:00,87.06
Montenegro,MNE,2023-11-10 22:00:00,2023-11-10 23:00:00,80.06
Montenegro,MNE,2023-11-10 23:00:00,2023-11-11 00:00:00,83.74
Montenegro,MNE,2023-11-11 00:00:00,2023-11-11 01:00:00,80.1
Montenegro,MNE,2023-11-11 01:00:00,2023-11-11 02:00:00,75.05
Montenegro,MNE,2023-11-11 02:00:00,2023-11-11 03:00:00,72.19
Montenegro,MNE,2023-11-11 03:00:00,2023-11-11 04:00:00,67.93
Montenegro,MNE,2023-11-11 04:00:00,2023-11-11 05:00:00,67.34
Montenegro,MNE,2023-11-11 05:00:00,2023-11-11 06:00:00,76.8
Montenegro,MNE,2023-11-11 06:00:00,2023-11-11 07:00:00,86.09
Montenegro,MNE,2023-11-11 07:00:00,2023-11-11 08:00:00,94.38
Montenegro,MNE,2023-11-11 08:00:00,2023-11-11 09:00:00,93.1
Montenegro,MNE,2023-11-11 09:00:00,2023-11-11 10:00:00,83.07
Montenegro,MNE,2023-11-11 10:00:00,2023-11-11 11:00:00,81.49
Montenegro,MNE,2023-11-11 11:00:00,2023-11-11 12:00:00,78.99
Montenegro,MNE,2023-11-11 12:00:00,2023-11-11 13:00:00,81.06
Montenegro,MNE,2023-11-11 13:00:00,2023-11-11 14:00:00,83.68
Montenegro,MNE,2023-11-11 14:00:00,2023-11-11 15:00:00,97.91
Montenegro,MNE,2023-11-11 15:00:00,2023-11-11 16:00:00,112.82
Montenegro,MNE,2023-11-11 16:00:00,2023-11-11 17:00:00,120.0
Montenegro,MNE,2023-11-11 17:00:00,2023-11-11 18:00:00,131.53
Montenegro,MNE,2023-11-11 18:00:00,2023-11-11 19:00:00,125.21
Montenegro,MNE,2023-11-11 19:00:00,2023-11-11 20:00:00,116.23
Montenegro,MNE,2023-11-11 20:00:00,2023-11-11 21:00:00,104.1
Montenegro,MNE,2023-11-11 21:00:00,2023-11-11 22:00:00,97.6
Montenegro,MNE,2023-11-11 22:00:00,2023-11-11 23:00:00,86.68
Montenegro,MNE,2023-11-11 23:00:00,2023-11-12 00:00:00,76.79
Montenegro,MNE,2023-11-12 00:00:00,2023-11-12 01:00:00,74.07
Montenegro,MNE,2023-11-12 01:00:00,2023-11-12 02:00:00,73.05
Montenegro,MNE,2023-11-12 02:00:00,2023-11-12 03:00:00,74.01
Montenegro,MNE,2023-11-12 03:00:00,2023-11-12 04:00:00,73.03
Montenegro,MNE,2023-11-12 04:00:00,2023-11-12 05:00:00,75.04
Montenegro,MNE,2023-11-12 05:00:00,2023-11-12 06:00:00,65.66
Montenegro,MNE,2023-11-12 06:00:00,2023-11-12 07:00:00,83.02
Montenegro,MNE,2023-11-12 07:00:00,2023-11-12 08:00:00,86.71
Montenegro,MNE,2023-11-12 08:00:00,2023-11-12 09:00:00,90.37
Montenegro,MNE,2023-11-12 09:00:00,2023-11-12 10:00:00,90.78
Montenegro,MNE,2023-11-12 10:00:00,2023-11-12 11:00:00,83.88
Montenegro,MNE,2023-11-12 11:00:00,2023-11-12 12:00:00,83.61
Montenegro,MNE,2023-11-12 12:00:00,2023-11-12 13:00:00,84.13
Montenegro,MNE,2023-11-12 13:00:00,2023-11-12 14:00:00,90.76
Montenegro,MNE,2023-11-12 14:00:00,2023-11-12 15:00:00,97.27
Montenegro,MNE,2023-11-12 15:00:00,2023-11-12 16:00:00,120.26
Montenegro,MNE,2023-11-12 16:00:00,2023-11-12 17:00:00,124.09
Montenegro,MNE,2023-11-12 17:00:00,2023-11-12 18:00:00,135.37
Montenegro,MNE,2023-11-12 18:00:00,2023-11-12 19:00:00,123.13
Montenegro,MNE,2023-11-12 19:00:00,2023-11-12 20:00:00,111.73
Montenegro,MNE,2023-11-12 20:00:00,2023-11-12 21:00:00,108.07
Montenegro,MNE,2023-11-12 21:00:00,2023-11-12 22:00:00,98.02
Montenegro,MNE,2023-11-12 22:00:00,2023-11-12 23:00:00,90.19
Montenegro,MNE,2023-11-12 23:00:00,2023-11-13 00:00:00,90.91
Montenegro,MNE,2023-11-13 00:00:00,2023-11-13 01:00:00,89.07
Montenegro,MNE,2023-11-13 01:00:00,2023-11-13 02:00:00,83.57
Montenegro,MNE,2023-11-13 02:00:00,2023-11-13 03:00:00,83.06
Montenegro,MNE,2023-11-13 03:00:00,2023-11-13 04:00:00,83.09
Montenegro,MNE,2023-11-13 04:00:00,2023-11-13 05:00:00,90.01
Montenegro,MNE,2023-11-13 05:00:00,2023-11-13 06:00:00,117.07
Montenegro,MNE,2023-11-13 06:00:00,2023-11-13 07:00:00,121.03
Montenegro,MNE,2023-11-13 07:00:00,2023-11-13 08:00:00,139.07
Montenegro,MNE,2023-11-13 08:00:00,2023-11-13 09:00:00,117.1
Montenegro,MNE,2023-11-13 09:00:00,2023-11-13 10:00:00,111.01
Montenegro,MNE,2023-11-13 10:00:00,2023-11-13 11:00:00,108.04
Montenegro,MNE,2023-11-13 11:00:00,2023-11-13 12:00:00,105.05
Montenegro,MNE,2023-11-13 12:00:00,2023-11-13 13:00:00,104.09
Montenegro,MNE,2023-11-13 13:00:00,2023-11-13 14:00:00,104.09
Montenegro,MNE,2023-11-13 14:00:00,2023-11-13 15:00:00,124.01
Montenegro,MNE,2023-11-13 15:00:00,2023-11-13 16:00:00,132.57
Montenegro,MNE,2023-11-13 16:00:00,2023-11-13 17:00:00,153.33
Montenegro,MNE,2023-11-13 17:00:00,2023-11-13 18:00:00,153.57
Montenegro,MNE,2023-11-13 18:00:00,2023-11-13 19:00:00,153.4
Montenegro,MNE,2023-11-13 19:00:00,2023-11-13 20:00:00,118.06
Montenegro,MNE,2023-11-13 20:00:00,2023-11-13 21:00:00,104.03
Montenegro,MNE,2023-11-13 21:00:00,2023-11-13 22:00:00,90.07
Montenegro,MNE,2023-11-13 22:00:00,2023-11-13 23:00:00,76.63
Montenegro,MNE,2023-11-13 23:00:00,2023-11-14 00:00:00,56.11
Montenegro,MNE,2023-11-14 00:00:00,2023-11-14 01:00:00,37.13
Montenegro,MNE,2023-11-14 01:00:00,2023-11-14 02:00:00,32.97
Montenegro,MNE,2023-11-14 02:00:00,2023-11-14 03:00:00,34.03
Montenegro,MNE,2023-11-14 03:00:00,2023-11-14 04:00:00,41.35
Montenegro,MNE,2023-11-14 04:00:00,2023-11-14 05:00:00,59.37
Montenegro,MNE,2023-11-14 05:00:00,2023-11-14 06:00:00,86.46
Montenegro,MNE,2023-11-14 06:00:00,2023-11-14 07:00:00,90.48
Montenegro,MNE,2023-11-14 07:00:00,2023-11-14 08:00:00,95.94
Montenegro,MNE,2023-11-14 08:00:00,2023-11-14 09:00:00,85.07
Montenegro,MNE,2023-11-14 09:00:00,2023-11-14 10:00:00,77.87
Montenegro,MNE,2023-11-14 10:00:00,2023-11-14 11:00:00,77.81
Montenegro,MNE,2023-11-14 11:00:00,2023-11-14 12:00:00,77.32
Montenegro,MNE,2023-11-14 12:00:00,2023-11-14 13:00:00,77.85
Montenegro,MNE,2023-11-14 13:00:00,2023-11-14 14:00:00,95.03
Montenegro,MNE,2023-11-14 14:00:00,2023-11-14 15:00:00,120.1
Montenegro,MNE,2023-11-14 15:00:00,2023-11-14 16:00:00,131.15
Montenegro,MNE,2023-11-14 16:00:00,2023-11-14 17:00:00,147.12
Montenegro,MNE,2023-11-14 17:00:00,2023-11-14 18:00:00,140.72
Montenegro,MNE,2023-11-14 18:00:00,2023-11-14 19:00:00,131.63
Montenegro,MNE,2023-11-14 19:00:00,2023-11-14 20:00:00,125.85
Montenegro,MNE,2023-11-14 20:00:00,2023-11-14 21:00:00,102.05
Montenegro,MNE,2023-11-14 21:00:00,2023-11-14 22:00:00,77.4
Montenegro,MNE,2023-11-14 22:00:00,2023-11-14 23:00:00,68.28
Montenegro,MNE,2023-11-14 23:00:00,2023-11-15 00:00:00,80.09
Montenegro,MNE,2023-11-15 00:00:00,2023-11-15 01:00:00,77.26
Montenegro,MNE,2023-11-15 01:00:00,2023-11-15 02:00:00,71.09
Montenegro,MNE,2023-11-15 02:00:00,2023-11-15 03:00:00,69.01
Montenegro,MNE,2023-11-15 03:00:00,2023-11-15 04:00:00,69.62
Montenegro,MNE,2023-11-15 04:00:00,2023-11-15 05:00:00,91.81
Montenegro,MNE,2023-11-15 05:00:00,2023-11-15 06:00:00,113.72
Montenegro,MNE,2023-11-15 06:00:00,2023-11-15 07:00:00,130.02
Montenegro,MNE,2023-11-15 07:00:00,2023-11-15 08:00:00,131.03
Montenegro,MNE,2023-11-15 08:00:00,2023-11-15 09:00:00,113.05
Montenegro,MNE,2023-11-15 09:00:00,2023-11-15 10:00:00,98.33
Montenegro,MNE,2023-11-15 10:00:00,2023-11-15 11:00:00,95.14
Montenegro,MNE,2023-11-15 11:00:00,2023-11-15 12:00:00,91.47
Montenegro,MNE,2023-11-15 12:00:00,2023-11-15 13:00:00,93.92
Montenegro,MNE,2023-11-15 13:00:00,2023-11-15 14:00:00,98.05
Montenegro,MNE,2023-11-15 14:00:00,2023-11-15 15:00:00,115.07
Montenegro,MNE,2023-11-15 15:00:00,2023-11-15 16:00:00,132.06
Montenegro,MNE,2023-11-15 16:00:00,2023-11-15 17:00:00,142.23
Montenegro,MNE,2023-11-15 17:00:00,2023-11-15 18:00:00,145.02
Montenegro,MNE,2023-11-15 18:00:00,2023-11-15 19:00:00,138.81
Montenegro,MNE,2023-11-15 19:00:00,2023-11-15 20:00:00,126.08
Montenegro,MNE,2023-11-15 20:00:00,2023-11-15 21:00:00,104.99
Montenegro,MNE,2023-11-15 21:00:00,2023-11-15 22:00:00,96.0
Montenegro,MNE,2023-11-15 22:00:00,2023-11-15 23:00:00,86.54
Montenegro,MNE,2023-11-15 23:00:00,2023-11-16 00:00:00,86.79
Montenegro,MNE,2023-11-16 00:00:00,2023-11-16 01:00:00,86.22
Montenegro,MNE,2023-11-16 01:00:00,2023-11-16 02:00:00,77.57
Montenegro,MNE,2023-11-16 02:00:00,2023-11-16 03:00:00,77.37
Montenegro,MNE,2023-11-16 03:00:00,2023-11-16 04:00:00,77.81
Montenegro,MNE,2023-11-16 04:00:00,2023-11-16 05:00:00,97.73
Montenegro,MNE,2023-11-16 05:00:00,2023-11-16 06:00:00,113.18
Montenegro,MNE,2023-11-16 06:00:00,2023-11-16 07:00:00,124.63
Montenegro,MNE,2023-11-16 07:00:00,2023-11-16 08:00:00,131.89
Montenegro,MNE,2023-11-16 08:00:00,2023-11-16 09:00:00,125.26
Montenegro,MNE,2023-11-16 09:00:00,2023-11-16 10:00:00,114.12
Montenegro,MNE,2023-11-16 10:00:00,2023-11-16 11:00:00,113.53
Montenegro,MNE,2023-11-16 11:00:00,2023-11-16 12:00:00,113.7
Montenegro,MNE,2023-11-16 12:00:00,2023-11-16 13:00:00,118.56
Montenegro,MNE,2023-11-16 13:00:00,2023-11-16 14:00:00,134.19
Montenegro,MNE,2023-11-16 14:00:00,2023-11-16 15:00:00,148.04
Montenegro,MNE,2023-11-16 15:00:00,2023-11-16 16:00:00,165.07
Montenegro,MNE,2023-11-16 16:00:00,2023-11-16 17:00:00,176.05
Montenegro,MNE,2023-11-16 17:00:00,2023-11-16 18:00:00,176.53
Montenegro,MNE,2023-11-16 18:00:00,2023-11-16 19:00:00,166.69
Montenegro,MNE,2023-11-16 19:00:00,2023-11-16 20:00:00,140.11
Montenegro,MNE,2023-11-16 20:00:00,2023-11-16 21:00:00,126.12
Montenegro,MNE,2023-11-16 21:00:00,2023-11-16 22:00:00,122.05
Montenegro,MNE,2023-11-16 22:00:00,2023-11-16 23:00:00,110.06
Montenegro,MNE,2023-11-16 23:00:00,2023-11-17 00:00:00,101.21
Montenegro,MNE,2023-11-17 00:00:00,2023-11-17 01:00:00,96.09
Montenegro,MNE,2023-11-17 01:00:00,2023-11-17 02:00:00,91.59
Montenegro,MNE,2023-11-17 02:00:00,2023-11-17 03:00:00,87.51
Montenegro,MNE,2023-11-17 03:00:00,2023-11-17 04:00:00,88.29
Montenegro,MNE,2023-11-17 04:00:00,2023-11-17 05:00:00,97.16
Montenegro,MNE,2023-11-17 05:00:00,2023-11-17 06:00:00,109.09
Montenegro,MNE,2023-11-17 06:00:00,2023-11-17 07:00:00,125.14
Montenegro,MNE,2023-11-17 07:00:00,2023-11-17 08:00:00,129.74
Montenegro,MNE,2023-11-17 08:00:00,2023-11-17 09:00:00,125.01
Montenegro,MNE,2023-11-17 09:00:00,2023-11-17 10:00:00,101.62
Montenegro,MNE,2023-11-17 10:00:00,2023-11-17 11:00:00,99.94
Montenegro,MNE,2023-11-17 11:00:00,2023-11-17 12:00:00,99.93
Montenegro,MNE,2023-11-17 12:00:00,2023-11-17 13:00:00,103.02
Montenegro,MNE,2023-11-17 13:00:00,2023-11-17 14:00:00,112.07
Montenegro,MNE,2023-11-17 14:00:00,2023-11-17 15:00:00,123.66
Montenegro,MNE,2023-11-17 15:00:00,2023-11-17 16:00:00,135.09
Montenegro,MNE,2023-11-17 16:00:00,2023-11-17 17:00:00,146.07
Montenegro,MNE,2023-11-17 17:00:00,2023-11-17 18:00:00,141.7
Montenegro,MNE,2023-11-17 18:00:00,2023-11-17 19:00:00,144.91
Montenegro,MNE,2023-11-17 19:00:00,2023-11-17 20:00:00,130.17
Montenegro,MNE,2023-11-17 20:00:00,2023-11-17 21:00:00,115.55
Montenegro,MNE,2023-11-17 21:00:00,2023-11-17 22:00:00,109.67
Montenegro,MNE,2023-11-17 22:00:00,2023-11-17 23:00:00,100.81
Montenegro,MNE,2023-11-17 23:00:00,2023-11-18 00:00:00,103.95
Montenegro,MNE,2023-11-18 00:00:00,2023-11-18 01:00:00,97.89
Montenegro,MNE,2023-11-18 01:00:00,2023-11-18 02:00:00,94.94
Montenegro,MNE,2023-11-18 02:00:00,2023-11-18 03:00:00,89.47
Montenegro,MNE,2023-11-18 03:00:00,2023-11-18 04:00:00,86.03
Montenegro,MNE,2023-11-18 04:00:00,2023-11-18 05:00:00,90.02
Montenegro,MNE,2023-11-18 05:00:00,2023-11-18 06:00:00,93.05
Montenegro,MNE,2023-11-18 06:00:00,2023-11-18 07:00:00,98.15
Montenegro,MNE,2023-11-18 07:00:00,2023-11-18 08:00:00,104.12
Montenegro,MNE,2023-11-18 08:00:00,2023-11-18 09:00:00,95.98
Montenegro,MNE,2023-11-18 09:00:00,2023-11-18 10:00:00,86.13
Montenegro,MNE,2023-11-18 10:00:00,2023-11-18 11:00:00,85.02
Montenegro,MNE,2023-11-18 11:00:00,2023-11-18 12:00:00,80.09
Montenegro,MNE,2023-11-18 12:00:00,2023-11-18 13:00:00,85.02
Montenegro,MNE,2023-11-18 13:00:00,2023-11-18 14:00:00,89.45
Montenegro,MNE,2023-11-18 14:00:00,2023-11-18 15:00:00,95.66
Montenegro,MNE,2023-11-18 15:00:00,2023-11-18 16:00:00,104.64
Montenegro,MNE,2023-11-18 16:00:00,2023-11-18 17:00:00,113.7
Montenegro,MNE,2023-11-18 17:00:00,2023-11-18 18:00:00,115.01
Montenegro,MNE,2023-11-18 18:00:00,2023-11-18 19:00:00,110.05
Montenegro,MNE,2023-11-18 19:00:00,2023-11-18 20:00:00,98.51
Montenegro,MNE,2023-11-18 20:00:00,2023-11-18 21:00:00,86.3
Montenegro,MNE,2023-11-18 21:00:00,2023-11-18 22:00:00,77.99
Montenegro,MNE,2023-11-18 22:00:00,2023-11-18 23:00:00,66.89
Montenegro,MNE,2023-11-18 23:00:00,2023-11-19 00:00:00,39.77
Montenegro,MNE,2023-11-19 00:00:00,2023-11-19 01:00:00,19.93
Montenegro,MNE,2023-11-19 01:00:00,2023-11-19 02:00:00,15.83
Montenegro,MNE,2023-11-19 02:00:00,2023-11-19 03:00:00,25.05
Montenegro,MNE,2023-11-19 03:00:00,2023-11-19 04:00:00,19.37
Montenegro,MNE,2023-11-19 04:00:00,2023-11-19 05:00:00,23.22
Montenegro,MNE,2023-11-19 05:00:00,2023-11-19 06:00:00,21.5
Montenegro,MNE,2023-11-19 06:00:00,2023-11-19 07:00:00,27.8
Montenegro,MNE,2023-11-19 07:00:00,2023-11-19 08:00:00,31.9
Montenegro,MNE,2023-11-19 08:00:00,2023-11-19 09:00:00,34.14
Montenegro,MNE,2023-11-19 09:00:00,2023-11-19 10:00:00,34.07
Montenegro,MNE,2023-11-19 10:00:00,2023-11-19 11:00:00,25.04
Montenegro,MNE,2023-11-19 11:00:00,2023-11-19 12:00:00,23.81
Montenegro,MNE,2023-11-19 12:00:00,2023-11-19 13:00:00,35.66
Montenegro,MNE,2023-11-19 13:00:00,2023-11-19 14:00:00,47.82
Montenegro,MNE,2023-11-19 14:00:00,2023-11-19 15:00:00,47.87
Montenegro,MNE,2023-11-19 15:00:00,2023-11-19 16:00:00,96.16
Montenegro,MNE,2023-11-19 16:00:00,2023-11-19 17:00:00,115.9
Montenegro,MNE,2023-11-19 17:00:00,2023-11-19 18:00:00,118.26
Montenegro,MNE,2023-11-19 18:00:00,2023-11-19 19:00:00,120.12
Montenegro,MNE,2023-11-19 19:00:00,2023-11-19 20:00:00,108.24
Montenegro,MNE,2023-11-19 20:00:00,2023-11-19 21:00:00,99.31
Montenegro,MNE,2023-11-19 21:00:00,2023-11-19 22:00:00,95.04
Montenegro,MNE,2023-11-19 22:00:00,2023-11-19 23:00:00,83.82
Montenegro,MNE,2023-11-19 23:00:00,2023-11-20 00:00:00,90.93
Montenegro,MNE,2023-11-20 00:00:00,2023-11-20 01:00:00,76.98
Montenegro,MNE,2023-11-20 01:00:00,2023-11-20 02:00:00,55.65
Montenegro,MNE,2023-11-20 02:00:00,2023-11-20 03:00:00,55.77
Montenegro,MNE,2023-11-20 03:00:00,2023-11-20 04:00:00,58.88
Montenegro,MNE,2023-11-20 04:00:00,2023-11-20 05:00:00,69.92
Montenegro,MNE,2023-11-20 05:00:00,2023-11-20 06:00:00,100.74
Montenegro,MNE,2023-11-20 06:00:00,2023-11-20 07:00:00,111.92
Montenegro,MNE,2023-11-20 07:00:00,2023-11-20 08:00:00,118.58
Montenegro,MNE,2023-11-20 08:00:00,2023-11-20 09:00:00,111.81
Montenegro,MNE,2023-11-20 09:00:00,2023-11-20 10:00:00,104.5
Montenegro,MNE,2023-11-20 10:00:00,2023-11-20 11:00:00,101.13
Montenegro,MNE,2023-11-20 11:00:00,2023-11-20 12:00:00,104.15
Montenegro,MNE,2023-11-20 12:00:00,2023-11-20 13:00:00,104.64
Montenegro,MNE,2023-11-20 13:00:00,2023-11-20 14:00:00,110.14
Montenegro,MNE,2023-11-20 14:00:00,2023-11-20 15:00:00,114.69
Montenegro,MNE,2023-11-20 15:00:00,2023-11-20 16:00:00,143.41
Montenegro,MNE,2023-11-20 16:00:00,2023-11-20 17:00:00,155.62
Montenegro,MNE,2023-11-20 17:00:00,2023-11-20 18:00:00,151.54
Montenegro,MNE,2023-11-20 18:00:00,2023-11-20 19:00:00,149.82
Montenegro,MNE,2023-11-20 19:00:00,2023-11-20 20:00:00,127.62
Montenegro,MNE,2023-11-20 20:00:00,2023-11-20 21:00:00,118.87
Montenegro,MNE,2023-11-20 21:00:00,2023-11-20 22:00:00,111.95
Montenegro,MNE,2023-11-20 22:00:00,2023-11-20 23:00:00,99.06
Montenegro,MNE,2023-11-20 23:00:00,2023-11-21 00:00:00,97.96
Montenegro,MNE,2023-11-21 00:00:00,2023-11-21 01:00:00,92.89
Montenegro,MNE,2023-11-21 01:00:00,2023-11-21 02:00:00,90.71
Montenegro,MNE,2023-11-21 02:00:00,2023-11-21 03:00:00,87.43
Montenegro,MNE,2023-11-21 03:00:00,2023-11-21 04:00:00,90.97
Montenegro,MNE,2023-11-21 04:00:00,2023-11-21 05:00:00,101.79
Montenegro,MNE,2023-11-21 05:00:00,2023-11-21 06:00:00,123.9
Montenegro,MNE,2023-11-21 06:00:00,2023-11-21 07:00:00,144.0
Montenegro,MNE,2023-11-21 07:00:00,2023-11-21 08:00:00,149.02
Montenegro,MNE,2023-11-21 08:00:00,2023-11-21 09:00:00,146.73
Montenegro,MNE,2023-11-21 09:00:00,2023-11-21 10:00:00,132.85
Montenegro,MNE,2023-11-21 10:00:00,2023-11-21 11:00:00,143.09
Montenegro,MNE,2023-11-21 11:00:00,2023-11-21 12:00:00,129.21
Montenegro,MNE,2023-11-21 12:00:00,2023-11-21 13:00:00,132.0
Montenegro,MNE,2023-11-21 13:00:00,2023-11-21 14:00:00,129.17
Montenegro,MNE,2023-11-21 14:00:00,2023-11-21 15:00:00,146.75
Montenegro,MNE,2023-11-21 15:00:00,2023-11-21 16:00:00,160.78
Montenegro,MNE,2023-11-21 16:00:00,2023-11-21 17:00:00,165.06
Montenegro,MNE,2023-11-21 17:00:00,2023-11-21 18:00:00,155.01
Montenegro,MNE,2023-11-21 18:00:00,2023-11-21 19:00:00,149.67
Montenegro,MNE,2023-11-21 19:00:00,2023-11-21 20:00:00,133.69
Montenegro,MNE,2023-11-21 20:00:00,2023-11-21 21:00:00,120.38
Montenegro,MNE,2023-11-21 21:00:00,2023-11-21 22:00:00,118.78
Montenegro,MNE,2023-11-21 22:00:00,2023-11-21 23:00:00,105.29
Montenegro,MNE,2023-11-21 23:00:00,2023-11-22 00:00:00,104.42
Montenegro,MNE,2023-11-22 00:00:00,2023-11-22 01:00:00,97.41
Montenegro,MNE,2023-11-22 01:00:00,2023-11-22 02:00:00,92.58
Montenegro,MNE,2023-11-22 02:00:00,2023-11-22 03:00:00,90.23
Montenegro,MNE,2023-11-22 03:00:00,2023-11-22 04:00:00,90.68
Montenegro,MNE,2023-11-22 04:00:00,2023-11-22 05:00:00,98.0
Montenegro,MNE,2023-11-22 05:00:00,2023-11-22 06:00:00,123.54
Montenegro,MNE,2023-11-22 06:00:00,2023-11-22 07:00:00,139.08
Montenegro,MNE,2023-11-22 07:00:00,2023-11-22 08:00:00,143.33
Montenegro,MNE,2023-11-22 08:00:00,2023-11-22 09:00:00,132.6
Montenegro,MNE,2023-11-22 09:00:00,2023-11-22 10:00:00,124.78
Montenegro,MNE,2023-11-22 10:00:00,2023-11-22 11:00:00,119.2
Montenegro,MNE,2023-11-22 11:00:00,2023-11-22 12:00:00,111.46
Montenegro,MNE,2023-11-22 12:00:00,2023-11-22 13:00:00,116.38
Montenegro,MNE,2023-11-22 13:00:00,2023-11-22 14:00:00,122.43
Montenegro,MNE,2023-11-22 14:00:00,2023-11-22 15:00:00,125.87
Montenegro,MNE,2023-11-22 15:00:00,2023-11-22 16:00:00,132.78
Montenegro,MNE,2023-11-22 16:00:00,2023-11-22 17:00:00,139.6
Montenegro,MNE,2023-11-22 17:00:00,2023-11-22 18:00:00,132.67
Montenegro,MNE,2023-11-22 18:00:00,2023-11-22 19:00:00,125.17
Montenegro,MNE,2023-11-22 19:00:00,2023-11-22 20:00:00,114.27
Montenegro,MNE,2023-11-22 20:00:00,2023-11-22 21:00:00,97.9
Montenegro,MNE,2023-11-22 21:00:00,2023-11-22 22:00:00,86.11
Montenegro,MNE,2023-11-22 22:00:00,2023-11-22 23:00:00,74.57
Montenegro,MNE,2023-11-22 23:00:00,2023-11-23 00:00:00,68.94
Montenegro,MNE,2023-11-23 00:00:00,2023-11-23 01:00:00,59.79
Montenegro,MNE,2023-11-23 01:00:00,2023-11-23 02:00:00,50.85
Montenegro,MNE,2023-11-23 02:00:00,2023-11-23 03:00:00,50.38
Montenegro,MNE,2023-11-23 03:00:00,2023-11-23 04:00:00,50.73
Montenegro,MNE,2023-11-23 04:00:00,2023-11-23 05:00:00,78.05
Montenegro,MNE,2023-11-23 05:00:00,2023-11-23 06:00:00,105.07
Montenegro,MNE,2023-11-23 06:00:00,2023-11-23 07:00:00,125.85
Montenegro,MNE,2023-11-23 07:00:00,2023-11-23 08:00:00,132.33
Montenegro,MNE,2023-11-23 08:00:00,2023-11-23 09:00:00,107.71
Montenegro,MNE,2023-11-23 09:00:00,2023-11-23 10:00:00,99.94
Montenegro,MNE,2023-11-23 10:00:00,2023-11-23 11:00:00,95.01
Montenegro,MNE,2023-11-23 11:00:00,2023-11-23 12:00:00,92.06
Montenegro,MNE,2023-11-23 12:00:00,2023-11-23 13:00:00,95.03
Montenegro,MNE,2023-11-23 13:00:00,2023-11-23 14:00:00,103.04
Montenegro,MNE,2023-11-23 14:00:00,2023-11-23 15:00:00,116.07
Montenegro,MNE,2023-11-23 15:00:00,2023-11-23 16:00:00,140.9
Montenegro,MNE,2023-11-23 16:00:00,2023-11-23 17:00:00,149.79
Montenegro,MNE,2023-11-23 17:00:00,2023-11-23 18:00:00,145.72
Montenegro,MNE,2023-11-23 18:00:00,2023-11-23 19:00:00,129.8
Montenegro,MNE,2023-11-23 19:00:00,2023-11-23 20:00:00,109.78
Montenegro,MNE,2023-11-23 20:00:00,2023-11-23 21:00:00,86.77
Montenegro,MNE,2023-11-23 21:00:00,2023-11-23 22:00:00,73.04
Montenegro,MNE,2023-11-23 22:00:00,2023-11-23 23:00:00,54.04
Montenegro,MNE,2023-11-23 23:00:00,2023-11-24 00:00:00,30.04
Montenegro,MNE,2023-11-24 00:00:00,2023-11-24 01:00:00,10.9
Montenegro,MNE,2023-11-24 01:00:00,2023-11-24 02:00:00,10.53
Montenegro,MNE,2023-11-24 02:00:00,2023-11-24 03:00:00,10.4
Montenegro,MNE,2023-11-24 03:00:00,2023-11-24 04:00:00,10.55
Montenegro,MNE,2023-11-24 04:00:00,2023-11-24 05:00:00,50.41
Montenegro,MNE,2023-11-24 05:00:00,2023-11-24 06:00:00,89.47
Montenegro,MNE,2023-11-24 06:00:00,2023-11-24 07:00:00,107.74
Montenegro,MNE,2023-11-24 07:00:00,2023-11-24 08:00:00,113.99
Montenegro,MNE,2023-11-24 08:00:00,2023-11-24 09:00:00,104.46
Montenegro,MNE,2023-11-24 09:00:00,2023-11-24 10:00:00,94.83
Montenegro,MNE,2023-11-24 10:00:00,2023-11-24 11:00:00,104.16
Montenegro,MNE,2023-11-24 11:00:00,2023-11-24 12:00:00,104.3
Montenegro,MNE,2023-11-24 12:00:00,2023-11-24 13:00:00,104.21
Montenegro,MNE,2023-11-24 13:00:00,2023-11-24 14:00:00,102.66
Montenegro,MNE,2023-11-24 14:00:00,2023-11-24 15:00:00,113.35
Montenegro,MNE,2023-11-24 15:00:00,2023-11-24 16:00:00,131.72
Montenegro,MNE,2023-11-24 16:00:00,2023-11-24 17:00:00,140.42
Montenegro,MNE,2023-11-24 17:00:00,2023-11-24 18:00:00,134.07
Montenegro,MNE,2023-11-24 18:00:00,2023-11-24 19:00:00,123.42
Montenegro,MNE,2023-11-24 19:00:00,2023-11-24 20:00:00,122.47
Montenegro,MNE,2023-11-24 20:00:00,2023-11-24 21:00:00,104.44
Montenegro,MNE,2023-11-24 21:00:00,2023-11-24 22:00:00,86.19
Montenegro,MNE,2023-11-24 22:00:00,2023-11-24 23:00:00,60.13
Montenegro,MNE,2023-11-24 23:00:00,2023-11-25 00:00:00,62.72
Montenegro,MNE,2023-11-25 00:00:00,2023-11-25 01:00:00,52.28
Montenegro,MNE,2023-11-25 01:00:00,2023-11-25 02:00:00,44.09
Montenegro,MNE,2023-11-25 02:00:00,2023-11-25 03:00:00,43.78
Montenegro,MNE,2023-11-25 03:00:00,2023-11-25 04:00:00,44.95
Montenegro,MNE,2023-11-25 04:00:00,2023-11-25 05:00:00,54.09
Montenegro,MNE,2023-11-25 05:00:00,2023-11-25 06:00:00,62.42
Montenegro,MNE,2023-11-25 06:00:00,2023-11-25 07:00:00,84.66
Montenegro,MNE,2023-11-25 07:00:00,2023-11-25 08:00:00,94.49
Montenegro,MNE,2023-11-25 08:00:00,2023-11-25 09:00:00,92.19
Montenegro,MNE,2023-11-25 09:00:00,2023-11-25 10:00:00,82.54
Montenegro,MNE,2023-11-25 10:00:00,2023-11-25 11:00:00,83.53
Montenegro,MNE,2023-11-25 11:00:00,2023-11-25 12:00:00,80.36
Montenegro,MNE,2023-11-25 12:00:00,2023-11-25 13:00:00,83.84
Montenegro,MNE,2023-11-25 13:00:00,2023-11-25 14:00:00,90.37
Montenegro,MNE,2023-11-25 14:00:00,2023-11-25 15:00:00,97.79
Montenegro,MNE,2023-11-25 15:00:00,2023-11-25 16:00:00,119.86
Montenegro,MNE,2023-11-25 16:00:00,2023-11-25 17:00:00,127.86
Montenegro,MNE,2023-11-25 17:00:00,2023-11-25 18:00:00,120.46
Montenegro,MNE,2023-11-25 18:00:00,2023-11-25 19:00:00,114.47
Montenegro,MNE,2023-11-25 19:00:00,2023-11-25 20:00:00,111.14
Montenegro,MNE,2023-11-25 20:00:00,2023-11-25 21:00:00,81.01
Montenegro,MNE,2023-11-25 21:00:00,2023-11-25 22:00:00,83.53
Montenegro,MNE,2023-11-25 22:00:00,2023-11-25 23:00:00,76.87
Montenegro,MNE,2023-11-25 23:00:00,2023-11-26 00:00:00,84.03
Montenegro,MNE,2023-11-26 00:00:00,2023-11-26 01:00:00,77.04
Montenegro,MNE,2023-11-26 01:00:00,2023-11-26 02:00:00,69.75
Montenegro,MNE,2023-11-26 02:00:00,2023-11-26 03:00:00,72.71
Montenegro,MNE,2023-11-26 03:00:00,2023-11-26 04:00:00,74.11
Montenegro,MNE,2023-11-26 04:00:00,2023-11-26 05:00:00,77.04
Montenegro,MNE,2023-11-26 05:00:00,2023-11-26 06:00:00,81.01
Montenegro,MNE,2023-11-26 06:00:00,2023-11-26 07:00:00,94.5
Montenegro,MNE,2023-11-26 07:00:00,2023-11-26 08:00:00,98.07
Montenegro,MNE,2023-11-26 08:00:00,2023-11-26 09:00:00,95.55
Montenegro,MNE,2023-11-26 09:00:00,2023-11-26 10:00:00,101.11
Montenegro,MNE,2023-11-26 10:00:00,2023-11-26 11:00:00,102.19
Montenegro,MNE,2023-11-26 11:00:00,2023-11-26 12:00:00,98.61
Montenegro,MNE,2023-11-26 12:00:00,2023-11-26 13:00:00,99.03
Montenegro,MNE,2023-11-26 13:00:00,2023-11-26 14:00:00,97.35
Montenegro,MNE,2023-11-26 14:00:00,2023-11-26 15:00:00,114.07
Montenegro,MNE,2023-11-26 15:00:00,2023-11-26 16:00:00,128.48
Montenegro,MNE,2023-11-26 16:00:00,2023-11-26 17:00:00,143.07
Montenegro,MNE,2023-11-26 17:00:00,2023-11-26 18:00:00,148.05
Montenegro,MNE,2023-11-26 18:00:00,2023-11-26 19:00:00,141.05
Montenegro,MNE,2023-11-26 19:00:00,2023-11-26 20:00:00,132.29
Montenegro,MNE,2023-11-26 20:00:00,2023-11-26 21:00:00,123.48
Montenegro,MNE,2023-11-26 21:00:00,2023-11-26 22:00:00,115.09
Montenegro,MNE,2023-11-26 22:00:00,2023-11-26 23:00:00,104.86
Montenegro,MNE,2023-11-26 23:00:00,2023-11-27 00:00:00,86.04
Montenegro,MNE,2023-11-27 00:00:00,2023-11-27 01:00:00,89.05
Montenegro,MNE,2023-11-27 01:00:00,2023-11-27 02:00:00,85.4
Montenegro,MNE,2023-11-27 02:00:00,2023-11-27 03:00:00,84.1
Montenegro,MNE,2023-11-27 03:00:00,2023-11-27 04:00:00,86.1
Montenegro,MNE,2023-11-27 04:00:00,2023-11-27 05:00:00,94.02
Montenegro,MNE,2023-11-27 05:00:00,2023-11-27 06:00:00,120.1
Montenegro,MNE,2023-11-27 06:00:00,2023-11-27 07:00:00,137.02
Montenegro,MNE,2023-11-27 07:00:00,2023-11-27 08:00:00,144.83
Montenegro,MNE,2023-11-27 08:00:00,2023-11-27 09:00:00,141.93
Montenegro,MNE,2023-11-27 09:00:00,2023-11-27 10:00:00,137.03
Montenegro,MNE,2023-11-27 10:00:00,2023-11-27 11:00:00,132.48
Montenegro,MNE,2023-11-27 11:00:00,2023-11-27 12:00:00,129.07
Montenegro,MNE,2023-11-27 12:00:00,2023-11-27 13:00:00,127.05
Montenegro,MNE,2023-11-27 13:00:00,2023-11-27 14:00:00,131.07
Montenegro,MNE,2023-11-27 14:00:00,2023-11-27 15:00:00,132.54
Montenegro,MNE,2023-11-27 15:00:00,2023-11-27 16:00:00,139.07
Montenegro,MNE,2023-11-27 16:00:00,2023-11-27 17:00:00,138.67
Montenegro,MNE,2023-11-27 17:00:00,2023-11-27 18:00:00,139.83
Montenegro,MNE,2023-11-27 18:00:00,2023-11-27 19:00:00,129.1
Montenegro,MNE,2023-11-27 19:00:00,2023-11-27 20:00:00,125.55
Montenegro,MNE,2023-11-27 20:00:00,2023-11-27 21:00:00,109.31
Montenegro,MNE,2023-11-27 21:00:00,2023-11-27 22:00:00,104.01
Montenegro,MNE,2023-11-27 22:00:00,2023-11-27 23:00:00,90.17
Montenegro,MNE,2023-11-27 23:00:00,2023-11-28 00:00:00,83.12
Montenegro,MNE,2023-11-28 00:00:00,2023-11-28 01:00:00,76.77
Montenegro,MNE,2023-11-28 01:00:00,2023-11-28 02:00:00,69.92
Montenegro,MNE,2023-11-28 02:00:00,2023-11-28 03:00:00,69.37
Montenegro,MNE,2023-11-28 03:00:00,2023-11-28 04:00:00,69.23
Montenegro,MNE,2023-11-28 04:00:00,2023-11-28 05:00:00,73.42
Montenegro,MNE,2023-11-28 05:00:00,2023-11-28 06:00:00,80.03
Montenegro,MNE,2023-11-28 06:00:00,2023-11-28 07:00:00,108.5
Montenegro,MNE,2023-11-28 07:00:00,2023-11-28 08:00:00,122.62
Montenegro,MNE,2023-11-28 08:00:00,2023-11-28 09:00:00,116.02
Montenegro,MNE,2023-11-28 09:00:00,2023-11-28 10:00:00,80.03
Montenegro,MNE,2023-11-28 10:00:00,2023-11-28 11:00:00,60.03
Montenegro,MNE,2023-11-28 11:00:00,2023-11-28 12:00:00,60.03
Montenegro,MNE,2023-11-28 12:00:00,2023-11-28 13:00:00,70.03
Montenegro,MNE,2023-11-28 13:00:00,2023-11-28 14:00:00,98.77
Montenegro,MNE,2023-11-28 14:00:00,2023-11-28 15:00:00,101.47
Montenegro,MNE,2023-11-28 15:00:00,2023-11-28 16:00:00,120.1
Montenegro,MNE,2023-11-28 16:00:00,2023-11-28 17:00:00,140.24
Montenegro,MNE,2023-11-28 17:00:00,2023-11-28 18:00:00,150.06
Montenegro,MNE,2023-11-28 18:00:00,2023-11-28 19:00:00,140.06
Montenegro,MNE,2023-11-28 19:00:00,2023-11-28 20:00:00,130.09
Montenegro,MNE,2023-11-28 20:00:00,2023-11-28 21:00:00,120.04
Montenegro,MNE,2023-11-28 21:00:00,2023-11-28 22:00:00,110.03
Montenegro,MNE,2023-11-28 22:00:00,2023-11-28 23:00:00,83.39
Montenegro,MNE,2023-11-28 23:00:00,2023-11-29 00:00:00,41.54
Montenegro,MNE,2023-11-29 00:00:00,2023-11-29 01:00:00,34.01
Montenegro,MNE,2023-11-29 01:00:00,2023-11-29 02:00:00,27.5
Montenegro,MNE,2023-11-29 02:00:00,2023-11-29 03:00:00,13.99
Montenegro,MNE,2023-11-29 03:00:00,2023-11-29 04:00:00,34.52
Montenegro,MNE,2023-11-29 04:00:00,2023-11-29 05:00:00,63.22
Montenegro,MNE,2023-11-29 05:00:00,2023-11-29 06:00:00,90.45
Montenegro,MNE,2023-11-29 06:00:00,2023-11-29 07:00:00,111.72
Montenegro,MNE,2023-11-29 07:00:00,2023-11-29 08:00:00,139.32
Montenegro,MNE,2023-11-29 08:00:00,2023-11-29 09:00:00,135.05
Montenegro,MNE,2023-11-29 09:00:00,2023-11-29 10:00:00,133.09
Montenegro,MNE,2023-11-29 10:00:00,2023-11-29 11:00:00,118.04
Montenegro,MNE,2023-11-29 11:00:00,2023-11-29 12:00:00,118.85
Montenegro,MNE,2023-11-29 12:00:00,2023-11-29 13:00:00,125.03
Montenegro,MNE,2023-11-29 13:00:00,2023-11-29 14:00:00,130.05
Montenegro,MNE,2023-11-29 14:00:00,2023-11-29 15:00:00,146.75
Montenegro,MNE,2023-11-29 15:00:00,2023-11-29 16:00:00,167.21
Montenegro,MNE,2023-11-29 16:00:00,2023-11-29 17:00:00,188.56
Montenegro,MNE,2023-11-29 17:00:00,2023-11-29 18:00:00,174.77
Montenegro,MNE,2023-11-29 18:00:00,2023-11-29 19:00:00,163.03
Montenegro,MNE,2023-11-29 19:00:00,2023-11-29 20:00:00,147.06
Montenegro,MNE,2023-11-29 20:00:00,2023-11-29 21:00:00,128.05
Montenegro,MNE,2023-11-29 21:00:00,2023-11-29 22:00:00,121.04
Montenegro,MNE,2023-11-29 22:00:00,2023-11-29 23:00:00,90.76
Montenegro,MNE,2023-11-29 23:00:00,2023-11-30 00:00:00,116.64
Montenegro,MNE,2023-11-30 00:00:00,2023-11-30 01:00:00,111.6
Montenegro,MNE,2023-11-30 01:00:00,2023-11-30 02:00:00,104.76
Montenegro,MNE,2023-11-30 02:00:00,2023-11-30 03:00:00,97.66
Montenegro,MNE,2023-11-30 03:00:00,2023-11-30 04:00:00,104.49
Montenegro,MNE,2023-11-30 04:00:00,2023-11-30 05:00:00,111.67
Montenegro,MNE,2023-11-30 05:00:00,2023-11-30 06:00:00,129.18
Montenegro,MNE,2023-11-30 06:00:00,2023-11-30 07:00:00,171.7
Montenegro,MNE,2023-11-30 07:00:00,2023-11-30 08:00:00,175.04
Montenegro,MNE,2023-11-30 08:00:00,2023-11-30 09:00:00,165.03
Montenegro,MNE,2023-11-30 09:00:00,2023-11-30 10:00:00,146.29
Montenegro,MNE,2023-11-30 10:00:00,2023-11-30 11:00:00,146.6
Montenegro,MNE,2023-11-30 11:00:00,2023-11-30 12:00:00,139.41
Montenegro,MNE,2023-11-30 12:00:00,2023-11-30 13:00:00,153.06
Montenegro,MNE,2023-11-30 13:00:00,2023-11-30 14:00:00,167.74
Montenegro,MNE,2023-11-30 14:00:00,2023-11-30 15:00:00,153.63
Montenegro,MNE,2023-11-30 15:00:00,2023-11-30 16:00:00,181.94
Montenegro,MNE,2023-11-30 16:00:00,2023-11-30 17:00:00,203.64
Montenegro,MNE,2023-11-30 17:00:00,2023-11-30 18:00:00,200.09
Montenegro,MNE,2023-11-30 18:00:00,2023-11-30 19:00:00,213.12
Montenegro,MNE,2023-11-30 19:00:00,2023-11-30 20:00:00,164.0
Montenegro,MNE,2023-11-30 20:00:00,2023-11-30 21:00:00,139.26
Montenegro,MNE,2023-11-30 21:00:00,2023-11-30 22:00:00,132.83
Montenegro,MNE,2023-11-30 22:00:00,2023-11-30 23:00:00,118.57
Montenegro,MNE,2023-11-30 23:00:00,2023-12-01 00:00:00,92.28
Montenegro,MNE,2023-12-01 00:00:00,2023-12-01 01:00:00,77.61
Montenegro,MNE,2023-12-01 01:00:00,2023-12-01 02:00:00,68.45
Montenegro,MNE,2023-12-01 02:00:00,2023-12-01 03:00:00,68.55
Montenegro,MNE,2023-12-01 03:00:00,2023-12-01 04:00:00,72.43
Montenegro,MNE,2023-12-01 04:00:00,2023-12-01 05:00:00,69.97
Montenegro,MNE,2023-12-01 05:00:00,2023-12-01 06:00:00,83.0
Montenegro,MNE,2023-12-01 06:00:00,2023-12-01 07:00:00,99.94
Montenegro,MNE,2023-12-01 07:00:00,2023-12-01 08:00:00,107.73
Montenegro,MNE,2023-12-01 08:00:00,2023-12-01 09:00:00,111.43
Montenegro,MNE,2023-12-01 09:00:00,2023-12-01 10:00:00,101.77
Montenegro,MNE,2023-12-01 10:00:00,2023-12-01 11:00:00,93.77
Montenegro,MNE,2023-12-01 11:00:00,2023-12-01 12:00:00,92.13
Montenegro,MNE,2023-12-01 12:00:00,2023-12-01 13:00:00,86.74
Montenegro,MNE,2023-12-01 13:00:00,2023-12-01 14:00:00,104.6
Montenegro,MNE,2023-12-01 14:00:00,2023-12-01 15:00:00,131.04
Montenegro,MNE,2023-12-01 15:00:00,2023-12-01 16:00:00,167.08
Montenegro,MNE,2023-12-01 16:00:00,2023-12-01 17:00:00,178.47
Montenegro,MNE,2023-12-01 17:00:00,2023-12-01 18:00:00,159.11
Montenegro,MNE,2023-12-01 18:00:00,2023-12-01 19:00:00,168.96
Montenegro,MNE,2023-12-01 19:00:00,2023-12-01 20:00:00,131.99
Montenegro,MNE,2023-12-01 20:00:00,2023-12-01 21:00:00,122.16
Montenegro,MNE,2023-12-01 21:00:00,2023-12-01 22:00:00,95.24
Montenegro,MNE,2023-12-01 22:00:00,2023-12-01 23:00:00,91.92
Montenegro,MNE,2023-12-01 23:00:00,2023-12-02 00:00:00,50.05
Montenegro,MNE,2023-12-02 00:00:00,2023-12-02 01:00:00,44.62
Montenegro,MNE,2023-12-02 01:00:00,2023-12-02 02:00:00,30.09
Montenegro,MNE,2023-12-02 02:00:00,2023-12-02 03:00:00,30.01
Montenegro,MNE,2023-12-02 03:00:00,2023-12-02 04:00:00,34.72
Montenegro,MNE,2023-12-02 04:00:00,2023-12-02 05:00:00,39.57
Montenegro,MNE,2023-12-02 05:00:00,2023-12-02 06:00:00,48.15
Montenegro,MNE,2023-12-02 06:00:00,2023-12-02 07:00:00,69.1
Montenegro,MNE,2023-12-02 07:00:00,2023-12-02 08:00:00,83.63
Montenegro,MNE,2023-12-02 08:00:00,2023-12-02 09:00:00,40.06
Montenegro,MNE,2023-12-02 09:00:00,2023-12-02 10:00:00,30.03
Montenegro,MNE,2023-12-02 10:00:00,2023-12-02 11:00:00,30.08
Montenegro,MNE,2023-12-02 11:00:00,2023-12-02 12:00:00,30.09
Montenegro,MNE,2023-12-02 12:00:00,2023-12-02 13:00:00,48.41
Montenegro,MNE,2023-12-02 13:00:00,2023-12-02 14:00:00,55.86
Montenegro,MNE,2023-12-02 14:00:00,2023-12-02 15:00:00,70.97
Montenegro,MNE,2023-12-02 15:00:00,2023-12-02 16:00:00,100.09
Montenegro,MNE,2023-12-02 16:00:00,2023-12-02 17:00:00,120.01
Montenegro,MNE,2023-12-02 17:00:00,2023-12-02 18:00:00,111.23
Montenegro,MNE,2023-12-02 18:00:00,2023-12-02 19:00:00,111.05
Montenegro,MNE,2023-12-02 19:00:00,2023-12-02 20:00:00,92.04
Montenegro,MNE,2023-12-02 20:00:00,2023-12-02 21:00:00,69.79
Montenegro,MNE,2023-12-02 21:00:00,2023-12-02 22:00:00,45.04
Montenegro,MNE,2023-12-02 22:00:00,2023-12-02 23:00:00,30.03
Montenegro,MNE,2023-12-02 23:00:00,2023-12-03 00:00:00,55.57
Montenegro,MNE,2023-12-03 00:00:00,2023-12-03 01:00:00,45.57
Montenegro,MNE,2023-12-03 01:00:00,2023-12-03 02:00:00,29.97
Montenegro,MNE,2023-12-03 02:00:00,2023-12-03 03:00:00,29.57
Montenegro,MNE,2023-12-03 03:00:00,2023-12-03 04:00:00,29.57
Montenegro,MNE,2023-12-03 04:00:00,2023-12-03 05:00:00,29.57
Montenegro,MNE,2023-12-03 05:00:00,2023-12-03 06:00:00,45.0
Montenegro,MNE,2023-12-03 06:00:00,2023-12-03 07:00:00,61.07
Montenegro,MNE,2023-12-03 07:00:00,2023-12-03 08:00:00,89.47
Montenegro,MNE,2023-12-03 08:00:00,2023-12-03 09:00:00,91.47
Montenegro,MNE,2023-12-03 09:00:00,2023-12-03 10:00:00,85.52
Montenegro,MNE,2023-12-03 10:00:00,2023-12-03 11:00:00,83.62
Montenegro,MNE,2023-12-03 11:00:00,2023-12-03 12:00:00,79.97
Montenegro,MNE,2023-12-03 12:00:00,2023-12-03 13:00:00,79.27
Montenegro,MNE,2023-12-03 13:00:00,2023-12-03 14:00:00,82.54
Montenegro,MNE,2023-12-03 14:00:00,2023-12-03 15:00:00,92.87
Montenegro,MNE,2023-12-03 15:00:00,2023-12-03 16:00:00,105.08
Montenegro,MNE,2023-12-03 16:00:00,2023-12-03 17:00:00,115.78
Montenegro,MNE,2023-12-03 17:00:00,2023-12-03 18:00:00,125.0
Montenegro,MNE,2023-12-03 18:00:00,2023-12-03 19:00:00,113.07
Montenegro,MNE,2023-12-03 19:00:00,2023-12-03 20:00:00,103.09
Montenegro,MNE,2023-12-03 20:00:00,2023-12-03 21:00:00,93.96
Montenegro,MNE,2023-12-03 21:00:00,2023-12-03 22:00:00,87.08
Montenegro,MNE,2023-12-03 22:00:00,2023-12-03 23:00:00,75.82
Montenegro,MNE,2023-12-03 23:00:00,2023-12-04 00:00:00,83.78
Montenegro,MNE,2023-12-04 00:00:00,2023-12-04 01:00:00,80.03
Montenegro,MNE,2023-12-04 01:00:00,2023-12-04 02:00:00,69.85
Montenegro,MNE,2023-12-04 02:00:00,2023-12-04 03:00:00,69.31
Montenegro,MNE,2023-12-04 03:00:00,2023-12-04 04:00:00,72.19
Montenegro,MNE,2023-12-04 04:00:00,2023-12-04 05:00:00,83.17
Montenegro,MNE,2023-12-04 05:00:00,2023-12-04 06:00:00,104.51
Montenegro,MNE,2023-12-04 06:00:00,2023-12-04 07:00:00,129.13
Montenegro,MNE,2023-12-04 07:00:00,2023-12-04 08:00:00,139.47
Montenegro,MNE,2023-12-04 08:00:00,2023-12-04 09:00:00,139.79
Montenegro,MNE,2023-12-04 09:00:00,2023-12-04 10:00:00,137.97
Montenegro,MNE,2023-12-04 10:00:00,2023-12-04 11:00:00,132.52
Montenegro,MNE,2023-12-04 11:00:00,2023-12-04 12:00:00,132.24
Montenegro,MNE,2023-12-04 12:00:00,2023-12-04 13:00:00,132.32
Montenegro,MNE,2023-12-04 13:00:00,2023-12-04 14:00:00,139.06
Montenegro,MNE,2023-12-04 14:00:00,2023-12-04 15:00:00,146.31
Montenegro,MNE,2023-12-04 15:00:00,2023-12-04 16:00:00,155.6
Montenegro,MNE,2023-12-04 16:00:00,2023-12-04 17:00:00,167.36
Montenegro,MNE,2023-12-04 17:00:00,2023-12-04 18:00:00,153.99
Montenegro,MNE,2023-12-04 18:00:00,2023-12-04 19:00:00,139.65
Montenegro,MNE,2023-12-04 19:00:00,2023-12-04 20:00:00,125.37
Montenegro,MNE,2023-12-04 20:00:00,2023-12-04 21:00:00,111.71
Montenegro,MNE,2023-12-04 21:00:00,2023-12-04 22:00:00,104.75
Montenegro,MNE,2023-12-04 22:00:00,2023-12-04 23:00:00,90.69
Montenegro,MNE,2023-12-04 23:00:00,2023-12-05 00:00:00,95.05
Montenegro,MNE,2023-12-05 00:00:00,2023-12-05 01:00:00,86.64
Montenegro,MNE,2023-12-05 01:00:00,2023-12-05 02:00:00,86.21
Montenegro,MNE,2023-12-05 02:00:00,2023-12-05 03:00:00,80.82
Montenegro,MNE,2023-12-05 03:00:00,2023-12-05 04:00:00,86.07
Montenegro,MNE,2023-12-05 04:00:00,2023-12-05 05:00:00,95.12
Montenegro,MNE,2023-12-05 05:00:00,2023-12-05 06:00:00,113.36
Montenegro,MNE,2023-12-05 06:00:00,2023-12-05 07:00:00,140.15
Montenegro,MNE,2023-12-05 07:00:00,2023-12-05 08:00:00,167.05
Montenegro,MNE,2023-12-05 08:00:00,2023-12-05 09:00:00,158.34
Montenegro,MNE,2023-12-05 09:00:00,2023-12-05 10:00:00,140.45
Montenegro,MNE,2023-12-05 10:00:00,2023-12-05 11:00:00,140.2
Montenegro,MNE,2023-12-05 11:00:00,2023-12-05 12:00:00,131.91
Montenegro,MNE,2023-12-05 12:00:00,2023-12-05 13:00:00,131.65
Montenegro,MNE,2023-12-05 13:00:00,2023-12-05 14:00:00,140.57
Montenegro,MNE,2023-12-05 14:00:00,2023-12-05 15:00:00,149.41
Montenegro,MNE,2023-12-05 15:00:00,2023-12-05 16:00:00,167.09
Montenegro,MNE,2023-12-05 16:00:00,2023-12-05 17:00:00,167.33
Montenegro,MNE,2023-12-05 17:00:00,2023-12-05 18:00:00,156.24
Montenegro,MNE,2023-12-05 18:00:00,2023-12-05 19:00:00,146.62
Montenegro,MNE,2023-12-05 19:00:00,2023-12-05 20:00:00,131.45
Montenegro,MNE,2023-12-05 20:00:00,2023-12-05 21:00:00,122.73
Montenegro,MNE,2023-12-05 21:00:00,2023-12-05 22:00:00,113.42
Montenegro,MNE,2023-12-05 22:00:00,2023-12-05 23:00:00,104.36
Montenegro,MNE,2023-12-05 23:00:00,2023-12-06 00:00:00,95.42
Montenegro,MNE,2023-12-06 00:00:00,2023-12-06 01:00:00,92.45
Montenegro,MNE,2023-12-06 01:00:00,2023-12-06 02:00:00,86.85
Montenegro,MNE,2023-12-06 02:00:00,2023-12-06 03:00:00,80.87
Montenegro,MNE,2023-12-06 03:00:00,2023-12-06 04:00:00,86.72
Montenegro,MNE,2023-12-06 04:00:00,2023-12-06 05:00:00,96.01
Montenegro,MNE,2023-12-06 05:00:00,2023-12-06 06:00:00,113.33
Montenegro,MNE,2023-12-06 06:00:00,2023-12-06 07:00:00,137.43
Montenegro,MNE,2023-12-06 07:00:00,2023-12-06 08:00:00,152.32
Montenegro,MNE,2023-12-06 08:00:00,2023-12-06 09:00:00,156.04
Montenegro,MNE,2023-12-06 09:00:00,2023-12-06 10:00:00,144.46
Montenegro,MNE,2023-12-06 10:00:00,2023-12-06 11:00:00,133.45
Montenegro,MNE,2023-12-06 11:00:00,2023-12-06 12:00:00,134.62
Montenegro,MNE,2023-12-06 12:00:00,2023-12-06 13:00:00,136.02
Montenegro,MNE,2023-12-06 13:00:00,2023-12-06 14:00:00,140.82
Montenegro,MNE,2023-12-06 14:00:00,2023-12-06 15:00:00,151.92
Montenegro,MNE,2023-12-06 15:00:00,2023-12-06 16:00:00,169.58
Montenegro,MNE,2023-12-06 16:00:00,2023-12-06 17:00:00,183.6
Montenegro,MNE,2023-12-06 17:00:00,2023-12-06 18:00:00,176.89
Montenegro,MNE,2023-12-06 18:00:00,2023-12-06 19:00:00,166.86
Montenegro,MNE,2023-12-06 19:00:00,2023-12-06 20:00:00,143.91
Montenegro,MNE,2023-12-06 20:00:00,2023-12-06 21:00:00,128.89
Montenegro,MNE,2023-12-06 21:00:00,2023-12-06 22:00:00,121.22
Montenegro,MNE,2023-12-06 22:00:00,2023-12-06 23:00:00,108.07
Montenegro,MNE,2023-12-06 23:00:00,2023-12-07 00:00:00,104.02
Montenegro,MNE,2023-12-07 00:00:00,2023-12-07 01:00:00,95.32
Montenegro,MNE,2023-12-07 01:00:00,2023-12-07 02:00:00,90.18
Montenegro,MNE,2023-12-07 02:00:00,2023-12-07 03:00:00,86.71
Montenegro,MNE,2023-12-07 03:00:00,2023-12-07 04:00:00,86.85
Montenegro,MNE,2023-12-07 04:00:00,2023-12-07 05:00:00,95.41
Montenegro,MNE,2023-12-07 05:00:00,2023-12-07 06:00:00,113.59
Montenegro,MNE,2023-12-07 06:00:00,2023-12-07 07:00:00,135.79
Montenegro,MNE,2023-12-07 07:00:00,2023-12-07 08:00:00,150.25
Montenegro,MNE,2023-12-07 08:00:00,2023-12-07 09:00:00,147.5
Montenegro,MNE,2023-12-07 09:00:00,2023-12-07 10:00:00,135.8
Montenegro,MNE,2023-12-07 10:00:00,2023-12-07 11:00:00,127.08
Montenegro,MNE,2023-12-07 11:00:00,2023-12-07 12:00:00,122.27
Montenegro,MNE,2023-12-07 12:00:00,2023-12-07 13:00:00,120.85
Montenegro,MNE,2023-12-07 13:00:00,2023-12-07 14:00:00,122.83
Montenegro,MNE,2023-12-07 14:00:00,2023-12-07 15:00:00,134.66
Montenegro,MNE,2023-12-07 15:00:00,2023-12-07 16:00:00,145.67
Montenegro,MNE,2023-12-07 16:00:00,2023-12-07 17:00:00,150.09
Montenegro,MNE,2023-12-07 17:00:00,2023-12-07 18:00:00,143.02
Montenegro,MNE,2023-12-07 18:00:00,2023-12-07 19:00:00,131.5
Montenegro,MNE,2023-12-07 19:00:00,2023-12-07 20:00:00,115.45
Montenegro,MNE,2023-12-07 20:00:00,2023-12-07 21:00:00,97.69
Montenegro,MNE,2023-12-07 21:00:00,2023-12-07 22:00:00,95.6
Montenegro,MNE,2023-12-07 22:00:00,2023-12-07 23:00:00,86.93
Montenegro,MNE,2023-12-07 23:00:00,2023-12-08 00:00:00,86.41
Montenegro,MNE,2023-12-08 00:00:00,2023-12-08 01:00:00,77.86
Montenegro,MNE,2023-12-08 01:00:00,2023-12-08 02:00:00,76.13
Montenegro,MNE,2023-12-08 02:00:00,2023-12-08 03:00:00,74.33
Montenegro,MNE,2023-12-08 03:00:00,2023-12-08 04:00:00,74.04
Montenegro,MNE,2023-12-08 04:00:00,2023-12-08 05:00:00,82.75
Montenegro,MNE,2023-12-08 05:00:00,2023-12-08 06:00:00,103.17
Montenegro,MNE,2023-12-08 06:00:00,2023-12-08 07:00:00,113.81
Montenegro,MNE,2023-12-08 07:00:00,2023-12-08 08:00:00,122.19
Montenegro,MNE,2023-12-08 08:00:00,2023-12-08 09:00:00,122.16
Montenegro,MNE,2023-12-08 09:00:00,2023-12-08 10:00:00,113.98
Montenegro,MNE,2023-12-08 10:00:00,2023-12-08 11:00:00,113.51
Montenegro,MNE,2023-12-08 11:00:00,2023-12-08 12:00:00,113.18
Montenegro,MNE,2023-12-08 12:00:00,2023-12-08 13:00:00,113.17
Montenegro,MNE,2023-12-08 13:00:00,2023-12-08 14:00:00,113.29
Montenegro,MNE,2023-12-08 14:00:00,2023-12-08 15:00:00,117.54
Montenegro,MNE,2023-12-08 15:00:00,2023-12-08 16:00:00,122.76
Montenegro,MNE,2023-12-08 16:00:00,2023-12-08 17:00:00,131.3
Montenegro,MNE,2023-12-08 17:00:00,2023-12-08 18:00:00,127.82
Montenegro,MNE,2023-12-08 18:00:00,2023-12-08 19:00:00,122.35
Montenegro,MNE,2023-12-08 19:00:00,2023-12-08 20:00:00,113.9
Montenegro,MNE,2023-12-08 20:00:00,2023-12-08 21:00:00,104.62
Montenegro,MNE,2023-12-08 21:00:00,2023-12-08 22:00:00,95.48
Montenegro,MNE,2023-12-08 22:00:00,2023-12-08 23:00:00,86.8
Montenegro,MNE,2023-12-08 23:00:00,2023-12-09 00:00:00,83.2
Montenegro,MNE,2023-12-09 00:00:00,2023-12-09 01:00:00,76.75
Montenegro,MNE,2023-12-09 01:00:00,2023-12-09 02:00:00,76.02
Montenegro,MNE,2023-12-09 02:00:00,2023-12-09 03:00:00,75.02
Montenegro,MNE,2023-12-09 03:00:00,2023-12-09 04:00:00,75.02
Montenegro,MNE,2023-12-09 04:00:00,2023-12-09 05:00:00,75.02
Montenegro,MNE,2023-12-09 05:00:00,2023-12-09 06:00:00,76.72
Montenegro,MNE,2023-12-09 06:00:00,2023-12-09 07:00:00,90.53
Montenegro,MNE,2023-12-09 07:00:00,2023-12-09 08:00:00,97.71
Montenegro,MNE,2023-12-09 08:00:00,2023-12-09 09:00:00,98.02
Montenegro,MNE,2023-12-09 09:00:00,2023-12-09 10:00:00,103.02
Montenegro,MNE,2023-12-09 10:00:00,2023-12-09 11:00:00,102.82
Montenegro,MNE,2023-12-09 11:00:00,2023-12-09 12:00:00,99.32
Montenegro,MNE,2023-12-09 12:00:00,2023-12-09 13:00:00,101.42
Montenegro,MNE,2023-12-09 13:00:00,2023-12-09 14:00:00,104.44
Montenegro,MNE,2023-12-09 14:00:00,2023-12-09 15:00:00,118.12
Montenegro,MNE,2023-12-09 15:00:00,2023-12-09 16:00:00,104.71
Montenegro,MNE,2023-12-09 16:00:00,2023-12-09 17:00:00,118.23
Montenegro,MNE,2023-12-09 17:00:00,2023-12-09 18:00:00,111.82
Montenegro,MNE,2023-12-09 18:00:00,2023-12-09 19:00:00,111.7
Montenegro,MNE,2023-12-09 19:00:00,2023-12-09 20:00:00,104.96
Montenegro,MNE,2023-12-09 20:00:00,2023-12-09 21:00:00,83.43
Montenegro,MNE,2023-12-09 21:00:00,2023-12-09 22:00:00,90.04
Montenegro,MNE,2023-12-09 22:00:00,2023-12-09 23:00:00,90.02
Montenegro,MNE,2023-12-09 23:00:00,2023-12-10 00:00:00,56.01
Montenegro,MNE,2023-12-10 00:00:00,2023-12-10 01:00:00,35.91
Montenegro,MNE,2023-12-10 01:00:00,2023-12-10 02:00:00,32.31
Montenegro,MNE,2023-12-10 02:00:00,2023-12-10 03:00:00,29.01
Montenegro,MNE,2023-12-10 03:00:00,2023-12-10 04:00:00,33.81
Montenegro,MNE,2023-12-10 04:00:00,2023-12-10 05:00:00,35.81
Montenegro,MNE,2023-12-10 05:00:00,2023-12-10 06:00:00,53.51
Montenegro,MNE,2023-12-10 06:00:00,2023-12-10 07:00:00,62.01
Montenegro,MNE,2023-12-10 07:00:00,2023-12-10 08:00:00,76.77
Montenegro,MNE,2023-12-10 08:00:00,2023-12-10 09:00:00,83.6
Montenegro,MNE,2023-12-10 09:00:00,2023-12-10 10:00:00,90.26
Montenegro,MNE,2023-12-10 10:00:00,2023-12-10 11:00:00,90.12
Montenegro,MNE,2023-12-10 11:00:00,2023-12-10 12:00:00,83.94
Montenegro,MNE,2023-12-10 12:00:00,2023-12-10 13:00:00,86.12
Montenegro,MNE,2023-12-10 13:00:00,2023-12-10 14:00:00,90.16
Montenegro,MNE,2023-12-10 14:00:00,2023-12-10 15:00:00,97.59
Montenegro,MNE,2023-12-10 15:00:00,2023-12-10 16:00:00,104.16
Montenegro,MNE,2023-12-10 16:00:00,2023-12-10 17:00:00,104.34
Montenegro,MNE,2023-12-10 17:00:00,2023-12-10 18:00:00,104.73
Montenegro,MNE,2023-12-10 18:00:00,2023-12-10 19:00:00,104.62
Montenegro,MNE,2023-12-10 19:00:00,2023-12-10 20:00:00,97.33
Montenegro,MNE,2023-12-10 20:00:00,2023-12-10 21:00:00,87.01
Montenegro,MNE,2023-12-10 21:00:00,2023-12-10 22:00:00,77.01
Montenegro,MNE,2023-12-10 22:00:00,2023-12-10 23:00:00,70.05
Montenegro,MNE,2023-12-10 23:00:00,2023-12-11 00:00:00,68.84
Montenegro,MNE,2023-12-11 00:00:00,2023-12-11 01:00:00,68.19
Montenegro,MNE,2023-12-11 01:00:00,2023-12-11 02:00:00,59.87
Montenegro,MNE,2023-12-11 02:00:00,2023-12-11 03:00:00,59.52
Montenegro,MNE,2023-12-11 03:00:00,2023-12-11 04:00:00,68.21
Montenegro,MNE,2023-12-11 04:00:00,2023-12-11 05:00:00,68.88
Montenegro,MNE,2023-12-11 05:00:00,2023-12-11 06:00:00,96.47
Montenegro,MNE,2023-12-11 06:00:00,2023-12-11 07:00:00,121.49
Montenegro,MNE,2023-12-11 07:00:00,2023-12-11 08:00:00,122.41
Montenegro,MNE,2023-12-11 08:00:00,2023-12-11 09:00:00,116.95
Montenegro,MNE,2023-12-11 09:00:00,2023-12-11 10:00:00,113.77
Montenegro,MNE,2023-12-11 10:00:00,2023-12-11 11:00:00,109.27
Montenegro,MNE,2023-12-11 11:00:00,2023-12-11 12:00:00,105.97
Montenegro,MNE,2023-12-11 12:00:00,2023-12-11 13:00:00,106.93
Montenegro,MNE,2023-12-11 13:00:00,2023-12-11 14:00:00,113.69
Montenegro,MNE,2023-12-11 14:00:00,2023-12-11 15:00:00,122.35
Montenegro,MNE,2023-12-11 15:00:00,2023-12-11 16:00:00,140.13
Montenegro,MNE,2023-12-11 16:00:00,2023-12-11 17:00:00,140.44
Montenegro,MNE,2023-12-11 17:00:00,2023-12-11 18:00:00,140.54
Montenegro,MNE,2023-12-11 18:00:00,2023-12-11 19:00:00,136.58
Montenegro,MNE,2023-12-11 19:00:00,2023-12-11 20:00:00,122.41
Montenegro,MNE,2023-12-11 20:00:00,2023-12-11 21:00:00,105.88
Montenegro,MNE,2023-12-11 21:00:00,2023-12-11 22:00:00,95.91
Montenegro,MNE,2023-12-11 22:00:00,2023-12-11 23:00:00,86.92
Montenegro,MNE,2023-12-11 23:00:00,2023-12-12 00:00:00,95.01
Montenegro,MNE,2023-12-12 00:00:00,2023-12-12 01:00:00,83.8
Montenegro,MNE,2023-12-12 01:00:00,2023-12-12 02:00:00,76.94
Montenegro,MNE,2023-12-12 02:00:00,2023-12-12 03:00:00,77.84
Montenegro,MNE,2023-12-12 03:00:00,2023-12-12 04:00:00,76.87
Montenegro,MNE,2023-12-12 04:00:00,2023-12-12 05:00:00,90.38
Montenegro,MNE,2023-12-12 05:00:00,2023-12-12 06:00:00,104.93
Montenegro,MNE,2023-12-12 06:00:00,2023-12-12 07:00:00,123.67
Montenegro,MNE,2023-12-12 07:00:00,2023-12-12 08:00:00,134.55
Montenegro,MNE,2023-12-12 08:00:00,2023-12-12 09:00:00,125.02
Montenegro,MNE,2023-12-12 09:00:00,2023-12-12 10:00:00,118.58
Montenegro,MNE,2023-12-12 10:00:00,2023-12-12 11:00:00,114.69
Montenegro,MNE,2023-12-12 11:00:00,2023-12-12 12:00:00,114.43
Montenegro,MNE,2023-12-12 12:00:00,2023-12-12 13:00:00,115.82
Montenegro,MNE,2023-12-12 13:00:00,2023-12-12 14:00:00,120.09
Montenegro,MNE,2023-12-12 14:00:00,2023-12-12 15:00:00,124.57
Montenegro,MNE,2023-12-12 15:00:00,2023-12-12 16:00:00,129.36
Montenegro,MNE,2023-12-12 16:00:00,2023-12-12 17:00:00,132.87
Montenegro,MNE,2023-12-12 17:00:00,2023-12-12 18:00:00,132.93
Montenegro,MNE,2023-12-12 18:00:00,2023-12-12 19:00:00,132.09
Montenegro,MNE,2023-12-12 19:00:00,2023-12-12 20:00:00,125.4
Montenegro,MNE,2023-12-12 20:00:00,2023-12-12 21:00:00,118.33
Montenegro,MNE,2023-12-12 21:00:00,2023-12-12 22:00:00,107.83
Montenegro,MNE,2023-12-12 22:00:00,2023-12-12 23:00:00,97.43
Montenegro,MNE,2023-12-12 23:00:00,2023-12-13 00:00:00,83.25
Montenegro,MNE,2023-12-13 00:00:00,2023-12-13 01:00:00,76.37
Montenegro,MNE,2023-12-13 01:00:00,2023-12-13 02:00:00,71.8
Montenegro,MNE,2023-12-13 02:00:00,2023-12-13 03:00:00,70.59
Montenegro,MNE,2023-12-13 03:00:00,2023-12-13 04:00:00,71.97
Montenegro,MNE,2023-12-13 04:00:00,2023-12-13 05:00:00,80.06
Montenegro,MNE,2023-12-13 05:00:00,2023-12-13 06:00:00,104.93
Montenegro,MNE,2023-12-13 06:00:00,2023-12-13 07:00:00,118.51
Montenegro,MNE,2023-12-13 07:00:00,2023-12-13 08:00:00,126.27
Montenegro,MNE,2023-12-13 08:00:00,2023-12-13 09:00:00,125.81
Montenegro,MNE,2023-12-13 09:00:00,2023-12-13 10:00:00,122.48
Montenegro,MNE,2023-12-13 10:00:00,2023-12-13 11:00:00,118.25
Montenegro,MNE,2023-12-13 11:00:00,2023-12-13 12:00:00,111.86
Montenegro,MNE,2023-12-13 12:00:00,2023-12-13 13:00:00,111.86
Montenegro,MNE,2023-12-13 13:00:00,2023-12-13 14:00:00,113.89
Montenegro,MNE,2023-12-13 14:00:00,2023-12-13 15:00:00,119.01
Montenegro,MNE,2023-12-13 15:00:00,2023-12-13 16:00:00,123.67
Montenegro,MNE,2023-12-13 16:00:00,2023-12-13 17:00:00,127.12
Montenegro,MNE,2023-12-13 17:00:00,2023-12-13 18:00:00,124.08
Montenegro,MNE,2023-12-13 18:00:00,2023-12-13 19:00:00,118.48
Montenegro,MNE,2023-12-13 19:00:00,2023-12-13 20:00:00,111.25
Montenegro,MNE,2023-12-13 20:00:00,2023-12-13 21:00:00,102.98
Montenegro,MNE,2023-12-13 21:00:00,2023-12-13 22:00:00,103.05
Montenegro,MNE,2023-12-13 22:00:00,2023-12-13 23:00:00,83.73
Montenegro,MNE,2023-12-13 23:00:00,2023-12-14 00:00:00,83.75
Montenegro,MNE,2023-12-14 00:00:00,2023-12-14 01:00:00,82.92
Montenegro,MNE,2023-12-14 01:00:00,2023-12-14 02:00:00,78.12
Montenegro,MNE,2023-12-14 02:00:00,2023-12-14 03:00:00,76.86
Montenegro,MNE,2023-12-14 03:00:00,2023-12-14 04:00:00,79.29
Montenegro,MNE,2023-12-14 04:00:00,2023-12-14 05:00:00,83.9
Montenegro,MNE,2023-12-14 05:00:00,2023-12-14 06:00:00,102.04
Montenegro,MNE,2023-12-14 06:00:00,2023-12-14 07:00:00,111.94
Montenegro,MNE,2023-12-14 07:00:00,2023-12-14 08:00:00,125.15
Montenegro,MNE,2023-12-14 08:00:00,2023-12-14 09:00:00,124.06
Montenegro,MNE,2023-12-14 09:00:00,2023-12-14 10:00:00,118.88
Montenegro,MNE,2023-12-14 10:00:00,2023-12-14 11:00:00,118.45
Montenegro,MNE,2023-12-14 11:00:00,2023-12-14 12:00:00,118.42
Montenegro,MNE,2023-12-14 12:00:00,2023-12-14 13:00:00,118.61
Montenegro,MNE,2023-12-14 13:00:00,2023-12-14 14:00:00,118.43
Montenegro,MNE,2023-12-14 14:00:00,2023-12-14 15:00:00,124.21
Montenegro,MNE,2023-12-14 15:00:00,2023-12-14 16:00:00,125.98
Montenegro,MNE,2023-12-14 16:00:00,2023-12-14 17:00:00,129.75
Montenegro,MNE,2023-12-14 17:00:00,2023-12-14 18:00:00,128.02
Montenegro,MNE,2023-12-14 18:00:00,2023-12-14 19:00:00,123.01
Montenegro,MNE,2023-12-14 19:00:00,2023-12-14 20:00:00,111.37
Montenegro,MNE,2023-12-14 20:00:00,2023-12-14 21:00:00,100.94
Montenegro,MNE,2023-12-14 21:00:00,2023-12-14 22:00:00,95.08
Montenegro,MNE,2023-12-14 22:00:00,2023-12-14 23:00:00,89.84
Montenegro,MNE,2023-12-14 23:00:00,2023-12-15 00:00:00,84.54
Montenegro,MNE,2023-12-15 00:00:00,2023-12-15 01:00:00,79.19
Montenegro,MNE,2023-12-15 01:00:00,2023-12-15 02:00:00,76.86
Montenegro,MNE,2023-12-15 02:00:00,2023-12-15 03:00:00,75.09
Montenegro,MNE,2023-12-15 03:00:00,2023-12-15 04:00:00,75.04
Montenegro,MNE,2023-12-15 04:00:00,2023-12-15 05:00:00,76.8
Montenegro,MNE,2023-12-15 05:00:00,2023-12-15 06:00:00,91.58
Montenegro,MNE,2023-12-15 06:00:00,2023-12-15 07:00:00,111.27
Montenegro,MNE,2023-12-15 07:00:00,2023-12-15 08:00:00,119.26
Montenegro,MNE,2023-12-15 08:00:00,2023-12-15 09:00:00,118.38
Montenegro,MNE,2023-12-15 09:00:00,2023-12-15 10:00:00,118.05
Montenegro,MNE,2023-12-15 10:00:00,2023-12-15 11:00:00,111.63
Montenegro,MNE,2023-12-15 11:00:00,2023-12-15 12:00:00,103.49
Montenegro,MNE,2023-12-15 12:00:00,2023-12-15 13:00:00,107.01
Montenegro,MNE,2023-12-15 13:00:00,2023-12-15 14:00:00,107.02
Montenegro,MNE,2023-12-15 14:00:00,2023-12-15 15:00:00,111.18
Montenegro,MNE,2023-12-15 15:00:00,2023-12-15 16:00:00,112.65
Montenegro,MNE,2023-12-15 16:00:00,2023-12-15 17:00:00,114.77
Montenegro,MNE,2023-12-15 17:00:00,2023-12-15 18:00:00,111.44
Montenegro,MNE,2023-12-15 18:00:00,2023-12-15 19:00:00,105.83
Montenegro,MNE,2023-12-15 19:00:00,2023-12-15 20:00:00,91.03
Montenegro,MNE,2023-12-15 20:00:00,2023-12-15 21:00:00,83.68
Montenegro,MNE,2023-12-15 21:00:00,2023-12-15 22:00:00,77.06
Montenegro,MNE,2023-12-15 22:00:00,2023-12-15 23:00:00,69.94
Montenegro,MNE,2023-12-15 23:00:00,2023-12-16 00:00:00,76.96
Montenegro,MNE,2023-12-16 00:00:00,2023-12-16 01:00:00,75.64
Montenegro,MNE,2023-12-16 01:00:00,2023-12-16 02:00:00,60.09
Montenegro,MNE,2023-12-16 02:00:00,2023-12-16 03:00:00,55.07
Montenegro,MNE,2023-12-16 03:00:00,2023-12-16 04:00:00,49.96
Montenegro,MNE,2023-12-16 04:00:00,2023-12-16 05:00:00,55.02
Montenegro,MNE,2023-12-16 05:00:00,2023-12-16 06:00:00,62.95
Montenegro,MNE,2023-12-16 06:00:00,2023-12-16 07:00:00,76.25
Montenegro,MNE,2023-12-16 07:00:00,2023-12-16 08:00:00,84.1
Montenegro,MNE,2023-12-16 08:00:00,2023-12-16 09:00:00,90.54
Montenegro,MNE,2023-12-16 09:00:00,2023-12-16 10:00:00,90.85
Montenegro,MNE,2023-12-16 10:00:00,2023-12-16 11:00:00,90.71
Montenegro,MNE,2023-12-16 11:00:00,2023-12-16 12:00:00,90.37
Montenegro,MNE,2023-12-16 12:00:00,2023-12-16 13:00:00,90.42
Montenegro,MNE,2023-12-16 13:00:00,2023-12-16 14:00:00,90.19
Montenegro,MNE,2023-12-16 14:00:00,2023-12-16 15:00:00,97.37
Montenegro,MNE,2023-12-16 15:00:00,2023-12-16 16:00:00,99.77
Montenegro,MNE,2023-12-16 16:00:00,2023-12-16 17:00:00,111.09
Montenegro,MNE,2023-12-16 17:00:00,2023-12-16 18:00:00,111.2
Montenegro,MNE,2023-12-16 18:00:00,2023-12-16 19:00:00,103.46
Montenegro,MNE,2023-12-16 19:00:00,2023-12-16 20:00:00,83.91
Montenegro,MNE,2023-12-16 20:00:00,2023-12-16 21:00:00,75.07
Montenegro,MNE,2023-12-16 21:00:00,2023-12-16 22:00:00,70.02
Montenegro,MNE,2023-12-16 22:00:00,2023-12-16 23:00:00,62.77
Montenegro,MNE,2023-12-16 23:00:00,2023-12-17 00:00:00,49.28
Montenegro,MNE,2023-12-17 00:00:00,2023-12-17 01:00:00,38.58
Montenegro,MNE,2023-12-17 01:00:00,2023-12-17 02:00:00,31.08
Montenegro,MNE,2023-12-17 02:00:00,2023-12-17 03:00:00,24.78
Montenegro,MNE,2023-12-17 03:00:00,2023-12-17 04:00:00,29.08
Montenegro,MNE,2023-12-17 04:00:00,2023-12-17 05:00:00,27.91
Montenegro,MNE,2023-12-17 05:00:00,2023-12-17 06:00:00,34.83
Montenegro,MNE,2023-12-17 06:00:00,2023-12-17 07:00:00,53.98
Montenegro,MNE,2023-12-17 07:00:00,2023-12-17 08:00:00,62.28
Montenegro,MNE,2023-12-17 08:00:00,2023-12-17 09:00:00,62.91
Montenegro,MNE,2023-12-17 09:00:00,2023-12-17 10:00:00,56.08
Montenegro,MNE,2023-12-17 10:00:00,2023-12-17 11:00:00,55.94
Montenegro,MNE,2023-12-17 11:00:00,2023-12-17 12:00:00,55.69
Montenegro,MNE,2023-12-17 12:00:00,2023-12-17 13:00:00,55.69
Montenegro,MNE,2023-12-17 13:00:00,2023-12-17 14:00:00,62.45
Montenegro,MNE,2023-12-17 14:00:00,2023-12-17 15:00:00,94.0
Montenegro,MNE,2023-12-17 15:00:00,2023-12-17 16:00:00,89.95
Montenegro,MNE,2023-12-17 16:00:00,2023-12-17 17:00:00,100.82
Montenegro,MNE,2023-12-17 17:00:00,2023-12-17 18:00:00,110.72
Montenegro,MNE,2023-12-17 18:00:00,2023-12-17 19:00:00,95.0
Montenegro,MNE,2023-12-17 19:00:00,2023-12-17 20:00:00,86.24
Montenegro,MNE,2023-12-17 20:00:00,2023-12-17 21:00:00,79.48
Montenegro,MNE,2023-12-17 21:00:00,2023-12-17 22:00:00,69.95
Montenegro,MNE,2023-12-17 22:00:00,2023-12-17 23:00:00,69.31
Montenegro,MNE,2023-12-17 23:00:00,2023-12-18 00:00:00,48.78
Montenegro,MNE,2023-12-18 00:00:00,2023-12-18 01:00:00,41.74
Montenegro,MNE,2023-12-18 01:00:00,2023-12-18 02:00:00,36.57
Montenegro,MNE,2023-12-18 02:00:00,2023-12-18 03:00:00,36.1
Montenegro,MNE,2023-12-18 03:00:00,2023-12-18 04:00:00,41.23
Montenegro,MNE,2023-12-18 04:00:00,2023-12-18 05:00:00,60.07
Montenegro,MNE,2023-12-18 05:00:00,2023-12-18 06:00:00,86.97
Montenegro,MNE,2023-12-18 06:00:00,2023-12-18 07:00:00,105.56
Montenegro,MNE,2023-12-18 07:00:00,2023-12-18 08:00:00,104.3
Montenegro,MNE,2023-12-18 08:00:00,2023-12-18 09:00:00,97.67
Montenegro,MNE,2023-12-18 09:00:00,2023-12-18 10:00:00,97.46
Montenegro,MNE,2023-12-18 10:00:00,2023-12-18 11:00:00,90.42
Montenegro,MNE,2023-12-18 11:00:00,2023-12-18 12:00:00,86.67
Montenegro,MNE,2023-12-18 12:00:00,2023-12-18 13:00:00,83.84
Montenegro,MNE,2023-12-18 13:00:00,2023-12-18 14:00:00,83.99
Montenegro,MNE,2023-12-18 14:00:00,2023-12-18 15:00:00,111.34
Montenegro,MNE,2023-12-18 15:00:00,2023-12-18 16:00:00,125.34
Montenegro,MNE,2023-12-18 16:00:00,2023-12-18 17:00:00,126.86
Montenegro,MNE,2023-12-18 17:00:00,2023-12-18 18:00:00,118.71
Montenegro,MNE,2023-12-18 18:00:00,2023-12-18 19:00:00,111.33
Montenegro,MNE,2023-12-18 19:00:00,2023-12-18 20:00:00,105.97
Montenegro,MNE,2023-12-18 20:00:00,2023-12-18 21:00:00,99.78
Montenegro,MNE,2023-12-18 21:00:00,2023-12-18 22:00:00,76.33
Montenegro,MNE,2023-12-18 22:00:00,2023-12-18 23:00:00,62.97
Montenegro,MNE,2023-12-18 23:00:00,2023-12-19 00:00:00,76.95
Montenegro,MNE,2023-12-19 00:00:00,2023-12-19 01:00:00,75.25
Montenegro,MNE,2023-12-19 01:00:00,2023-12-19 02:00:00,73.44
Montenegro,MNE,2023-12-19 02:00:00,2023-12-19 03:00:00,69.84
Montenegro,MNE,2023-12-19 03:00:00,2023-12-19 04:00:00,76.58
Montenegro,MNE,2023-12-19 04:00:00,2023-12-19 05:00:00,85.02
Montenegro,MNE,2023-12-19 05:00:00,2023-12-19 06:00:00,101.1
Montenegro,MNE,2023-12-19 06:00:00,2023-12-19 07:00:00,115.03
Montenegro,MNE,2023-12-19 07:00:00,2023-12-19 08:00:00,120.03
Montenegro,MNE,2023-12-19 08:00:00,2023-12-19 09:00:00,106.11
Montenegro,MNE,2023-12-19 09:00:00,2023-12-19 10:00:00,98.51
Montenegro,MNE,2023-12-19 10:00:00,2023-12-19 11:00:00,92.51
Montenegro,MNE,2023-12-19 11:00:00,2023-12-19 12:00:00,87.14
Montenegro,MNE,2023-12-19 12:00:00,2023-12-19 13:00:00,90.09
Montenegro,MNE,2023-12-19 13:00:00,2023-12-19 14:00:00,98.45
Montenegro,MNE,2023-12-19 14:00:00,2023-12-19 15:00:00,118.3
Montenegro,MNE,2023-12-19 15:00:00,2023-12-19 16:00:00,132.72
Montenegro,MNE,2023-12-19 16:00:00,2023-12-19 17:00:00,139.74
Montenegro,MNE,2023-12-19 17:00:00,2023-12-19 18:00:00,139.27
Montenegro,MNE,2023-12-19 18:00:00,2023-12-19 19:00:00,137.82
Montenegro,MNE,2023-12-19 19:00:00,2023-12-19 20:00:00,125.25
Montenegro,MNE,2023-12-19 20:00:00,2023-12-19 21:00:00,100.07
Montenegro,MNE,2023-12-19 21:00:00,2023-12-19 22:00:00,90.66
Montenegro,MNE,2023-12-19 22:00:00,2023-12-19 23:00:00,78.01
Montenegro,MNE,2023-12-19 23:00:00,2023-12-20 00:00:00,96.42
Montenegro,MNE,2023-12-20 00:00:00,2023-12-20 01:00:00,62.06
Montenegro,MNE,2023-12-20 01:00:00,2023-12-20 02:00:00,55.85
Montenegro,MNE,2023-12-20 02:00:00,2023-12-20 03:00:00,55.5
Montenegro,MNE,2023-12-20 03:00:00,2023-12-20 04:00:00,62.41
Montenegro,MNE,2023-12-20 04:00:00,2023-12-20 05:00:00,69.06
Montenegro,MNE,2023-12-20 05:00:00,2023-12-20 06:00:00,94.01
Montenegro,MNE,2023-12-20 06:00:00,2023-12-20 07:00:00,114.49
Montenegro,MNE,2023-12-20 07:00:00,2023-12-20 08:00:00,118.04
Montenegro,MNE,2023-12-20 08:00:00,2023-12-20 09:00:00,104.15
Montenegro,MNE,2023-12-20 09:00:00,2023-12-20 10:00:00,90.27
Montenegro,MNE,2023-12-20 10:00:00,2023-12-20 11:00:00,81.98
Montenegro,MNE,2023-12-20 11:00:00,2023-12-20 12:00:00,76.72
Montenegro,MNE,2023-12-20 12:00:00,2023-12-20 13:00:00,90.96
Montenegro,MNE,2023-12-20 13:00:00,2023-12-20 14:00:00,112.21
Montenegro,MNE,2023-12-20 14:00:00,2023-12-20 15:00:00,111.75
Montenegro,MNE,2023-12-20 15:00:00,2023-12-20 16:00:00,124.12
Montenegro,MNE,2023-12-20 16:00:00,2023-12-20 17:00:00,127.36
Montenegro,MNE,2023-12-20 17:00:00,2023-12-20 18:00:00,119.93
Montenegro,MNE,2023-12-20 18:00:00,2023-12-20 19:00:00,117.15
Montenegro,MNE,2023-12-20 19:00:00,2023-12-20 20:00:00,119.93
Montenegro,MNE,2023-12-20 20:00:00,2023-12-20 21:00:00,111.13
Montenegro,MNE,2023-12-20 21:00:00,2023-12-20 22:00:00,90.61
Montenegro,MNE,2023-12-20 22:00:00,2023-12-20 23:00:00,102.31
Montenegro,MNE,2023-12-20 23:00:00,2023-12-21 00:00:00,90.18
Montenegro,MNE,2023-12-21 00:00:00,2023-12-21 01:00:00,83.45
Montenegro,MNE,2023-12-21 01:00:00,2023-12-21 02:00:00,83.16
Montenegro,MNE,2023-12-21 02:00:00,2023-12-21 03:00:00,83.15
Montenegro,MNE,2023-12-21 03:00:00,2023-12-21 04:00:00,83.2
Montenegro,MNE,2023-12-21 04:00:00,2023-12-21 05:00:00,76.57
Montenegro,MNE,2023-12-21 05:00:00,2023-12-21 06:00:00,90.75
Montenegro,MNE,2023-12-21 06:00:00,2023-12-21 07:00:00,114.65
Montenegro,MNE,2023-12-21 07:00:00,2023-12-21 08:00:00,104.8
Montenegro,MNE,2023-12-21 08:00:00,2023-12-21 09:00:00,97.37
Montenegro,MNE,2023-12-21 09:00:00,2023-12-21 10:00:00,106.03
Montenegro,MNE,2023-12-21 10:00:00,2023-12-21 11:00:00,102.03
Montenegro,MNE,2023-12-21 11:00:00,2023-12-21 12:00:00,100.73
Montenegro,MNE,2023-12-21 12:00:00,2023-12-21 13:00:00,102.03
Montenegro,MNE,2023-12-21 13:00:00,2023-12-21 14:00:00,105.03
Montenegro,MNE,2023-12-21 14:00:00,2023-12-21 15:00:00,104.3
Montenegro,MNE,2023-12-21 15:00:00,2023-12-21 16:00:00,118.82
Montenegro,MNE,2023-12-21 16:00:00,2023-12-21 17:00:00,119.92
Montenegro,MNE,2023-12-21 17:00:00,2023-12-21 18:00:00,119.91
Montenegro,MNE,2023-12-21 18:00:00,2023-12-21 19:00:00,119.91
Montenegro,MNE,2023-12-21 19:00:00,2023-12-21 20:00:00,107.93
Montenegro,MNE,2023-12-21 20:00:00,2023-12-21 21:00:00,101.42
Montenegro,MNE,2023-12-21 21:00:00,2023-12-21 22:00:00,90.17
Montenegro,MNE,2023-12-21 22:00:00,2023-12-21 23:00:00,76.36
Montenegro,MNE,2023-12-21 23:00:00,2023-12-22 00:00:00,27.44
Montenegro,MNE,2023-12-22 00:00:00,2023-12-22 01:00:00,23.25
Montenegro,MNE,2023-12-22 01:00:00,2023-12-22 02:00:00,15.73
Montenegro,MNE,2023-12-22 02:00:00,2023-12-22 03:00:00,10.03
Montenegro,MNE,2023-12-22 03:00:00,2023-12-22 04:00:00,11.33
Montenegro,MNE,2023-12-22 04:00:00,2023-12-22 05:00:00,47.75
Montenegro,MNE,2023-12-22 05:00:00,2023-12-22 06:00:00,83.17
Montenegro,MNE,2023-12-22 06:00:00,2023-12-22 07:00:00,87.04
Montenegro,MNE,2023-12-22 07:00:00,2023-12-22 08:00:00,97.0
Montenegro,MNE,2023-12-22 08:00:00,2023-12-22 09:00:00,83.4
Montenegro,MNE,2023-12-22 09:00:00,2023-12-22 10:00:00,79.2
Montenegro,MNE,2023-12-22 10:00:00,2023-12-22 11:00:00,71.22
Montenegro,MNE,2023-12-22 11:00:00,2023-12-22 12:00:00,71.02
Montenegro,MNE,2023-12-22 12:00:00,2023-12-22 13:00:00,71.73
Montenegro,MNE,2023-12-22 13:00:00,2023-12-22 14:00:00,74.94
Montenegro,MNE,2023-12-22 14:00:00,2023-12-22 15:00:00,83.61
Montenegro,MNE,2023-12-22 15:00:00,2023-12-22 16:00:00,107.49
Montenegro,MNE,2023-12-22 16:00:00,2023-12-22 17:00:00,103.48
Montenegro,MNE,2023-12-22 17:00:00,2023-12-22 18:00:00,103.05
Montenegro,MNE,2023-12-22 18:00:00,2023-12-22 19:00:00,99.59
Montenegro,MNE,2023-12-22 19:00:00,2023-12-22 20:00:00,87.57
Montenegro,MNE,2023-12-22 20:00:00,2023-12-22 21:00:00,73.31
Montenegro,MNE,2023-12-22 21:00:00,2023-12-22 22:00:00,51.04
Montenegro,MNE,2023-12-22 22:00:00,2023-12-22 23:00:00,27.99
Montenegro,MNE,2023-12-22 23:00:00,2023-12-23 00:00:00,79.61
Montenegro,MNE,2023-12-23 00:00:00,2023-12-23 01:00:00,79.11
Montenegro,MNE,2023-12-23 01:00:00,2023-12-23 02:00:00,53.32
Montenegro,MNE,2023-12-23 02:00:00,2023-12-23 03:00:00,48.05
Montenegro,MNE,2023-12-23 03:00:00,2023-12-23 04:00:00,40.08
Montenegro,MNE,2023-12-23 04:00:00,2023-12-23 05:00:00,50.07
Montenegro,MNE,2023-12-23 05:00:00,2023-12-23 06:00:00,80.5
Montenegro,MNE,2023-12-23 06:00:00,2023-12-23 07:00:00,79.89
Montenegro,MNE,2023-12-23 07:00:00,2023-12-23 08:00:00,76.57
Montenegro,MNE,2023-12-23 08:00:00,2023-12-23 09:00:00,60.4
Montenegro,MNE,2023-12-23 09:00:00,2023-12-23 10:00:00,60.09
Montenegro,MNE,2023-12-23 10:00:00,2023-12-23 11:00:00,60.06
Montenegro,MNE,2023-12-23 11:00:00,2023-12-23 12:00:00,60.05
Montenegro,MNE,2023-12-23 12:00:00,2023-12-23 13:00:00,60.08
Montenegro,MNE,2023-12-23 13:00:00,2023-12-23 14:00:00,78.27
Montenegro,MNE,2023-12-23 14:00:00,2023-12-23 15:00:00,96.71
Montenegro,MNE,2023-12-23 15:00:00,2023-12-23 16:00:00,99.24
Montenegro,MNE,2023-12-23 16:00:00,2023-12-23 17:00:00,107.32
Montenegro,MNE,2023-12-23 17:00:00,2023-12-23 18:00:00,100.32
Montenegro,MNE,2023-12-23 18:00:00,2023-12-23 19:00:00,87.12
Montenegro,MNE,2023-12-23 19:00:00,2023-12-23 20:00:00,85.09
Montenegro,MNE,2023-12-23 20:00:00,2023-12-23 21:00:00,85.51
Montenegro,MNE,2023-12-23 21:00:00,2023-12-23 22:00:00,83.96
Montenegro,MNE,2023-12-23 22:00:00,2023-12-23 23:00:00,80.02
Montenegro,MNE,2023-12-23 23:00:00,2023-12-24 00:00:00,63.75
Montenegro,MNE,2023-12-24 00:00:00,2023-12-24 01:00:00,60.08
Montenegro,MNE,2023-12-24 01:00:00,2023-12-24 02:00:00,60.06
Montenegro,MNE,2023-12-24 02:00:00,2023-12-24 03:00:00,60.01
Montenegro,MNE,2023-12-24 03:00:00,2023-12-24 04:00:00,57.99
Montenegro,MNE,2023-12-24 04:00:00,2023-12-24 05:00:00,60.05
Montenegro,MNE,2023-12-24 05:00:00,2023-12-24 06:00:00,61.33
Montenegro,MNE,2023-12-24 06:00:00,2023-12-24 07:00:00,65.53
Montenegro,MNE,2023-12-24 07:00:00,2023-12-24 08:00:00,60.1
Montenegro,MNE,2023-12-24 08:00:00,2023-12-24 09:00:00,60.07
Montenegro,MNE,2023-12-24 09:00:00,2023-12-24 10:00:00,60.08
Montenegro,MNE,2023-12-24 10:00:00,2023-12-24 11:00:00,60.07
Montenegro,MNE,2023-12-24 11:00:00,2023-12-24 12:00:00,60.07
Montenegro,MNE,2023-12-24 12:00:00,2023-12-24 13:00:00,60.07
Montenegro,MNE,2023-12-24 13:00:00,2023-12-24 14:00:00,60.06
Montenegro,MNE,2023-12-24 14:00:00,2023-12-24 15:00:00,63.32
Montenegro,MNE,2023-12-24 15:00:00,2023-12-24 16:00:00,75.06
Montenegro,MNE,2023-12-24 16:00:00,2023-12-24 17:00:00,69.01
Montenegro,MNE,2023-12-24 17:00:00,2023-12-24 18:00:00,79.32
Montenegro,MNE,2023-12-24 18:00:00,2023-12-24 19:00:00,81.08
Montenegro,MNE,2023-12-24 19:00:00,2023-12-24 20:00:00,77.97
Montenegro,MNE,2023-12-24 20:00:00,2023-12-24 21:00:00,77.09
Montenegro,MNE,2023-12-24 21:00:00,2023-12-24 22:00:00,69.3
Montenegro,MNE,2023-12-24 22:00:00,2023-12-24 23:00:00,63.59
Montenegro,MNE,2023-12-24 23:00:00,2023-12-25 00:00:00,106.02
Montenegro,MNE,2023-12-25 00:00:00,2023-12-25 01:00:00,104.92
Montenegro,MNE,2023-12-25 01:00:00,2023-12-25 02:00:00,99.92
Montenegro,MNE,2023-12-25 02:00:00,2023-12-25 03:00:00,95.42
Montenegro,MNE,2023-12-25 03:00:00,2023-12-25 04:00:00,98.92
Montenegro,MNE,2023-12-25 04:00:00,2023-12-25 05:00:00,104.12
Montenegro,MNE,2023-12-25 05:00:00,2023-12-25 06:00:00,104.92
Montenegro,MNE,2023-12-25 06:00:00,2023-12-25 07:00:00,104.92
Montenegro,MNE,2023-12-25 07:00:00,2023-12-25 08:00:00,103.13
Montenegro,MNE,2023-12-25 08:00:00,2023-12-25 09:00:00,85.83
Montenegro,MNE,2023-12-25 09:00:00,2023-12-25 10:00:00,60.07
Montenegro,MNE,2023-12-25 10:00:00,2023-12-25 11:00:00,60.04
Montenegro,MNE,2023-12-25 11:00:00,2023-12-25 12:00:00,60.03
Montenegro,MNE,2023-12-25 12:00:00,2023-12-25 13:00:00,60.09
Montenegro,MNE,2023-12-25 13:00:00,2023-12-25 14:00:00,77.7
Montenegro,MNE,2023-12-25 14:00:00,2023-12-25 15:00:00,95.31
Montenegro,MNE,2023-12-25 15:00:00,2023-12-25 16:00:00,123.19
Montenegro,MNE,2023-12-25 16:00:00,2023-12-25 17:00:00,130.23
Montenegro,MNE,2023-12-25 17:00:00,2023-12-25 18:00:00,100.05
Montenegro,MNE,2023-12-25 18:00:00,2023-12-25 19:00:00,117.22
Montenegro,MNE,2023-12-25 19:00:00,2023-12-25 20:00:00,135.51
Montenegro,MNE,2023-12-25 20:00:00,2023-12-25 21:00:00,134.71
Montenegro,MNE,2023-12-25 21:00:00,2023-12-25 22:00:00,114.29
Montenegro,MNE,2023-12-25 22:00:00,2023-12-25 23:00:00,121.43
Montenegro,MNE,2023-12-25 23:00:00,2023-12-26 00:00:00,95.11
Montenegro,MNE,2023-12-26 00:00:00,2023-12-26 01:00:00,89.17
Montenegro,MNE,2023-12-26 01:00:00,2023-12-26 02:00:00,79.87
Montenegro,MNE,2023-12-26 02:00:00,2023-12-26 03:00:00,75.58
Montenegro,MNE,2023-12-26 03:00:00,2023-12-26 04:00:00,75.58
Montenegro,MNE,2023-12-26 04:00:00,2023-12-26 05:00:00,75.58
Montenegro,MNE,2023-12-26 05:00:00,2023-12-26 06:00:00,95.62
Montenegro,MNE,2023-12-26 06:00:00,2023-12-26 07:00:00,97.98
Montenegro,MNE,2023-12-26 07:00:00,2023-12-26 08:00:00,103.07
Montenegro,MNE,2023-12-26 08:00:00,2023-12-26 09:00:00,77.82
Montenegro,MNE,2023-12-26 09:00:00,2023-12-26 10:00:00,60.06
Montenegro,MNE,2023-12-26 10:00:00,2023-12-26 11:00:00,49.81
Montenegro,MNE,2023-12-26 11:00:00,2023-12-26 12:00:00,40.71
Montenegro,MNE,2023-12-26 12:00:00,2023-12-26 13:00:00,36.78
Montenegro,MNE,2023-12-26 13:00:00,2023-12-26 14:00:00,75.61
Montenegro,MNE,2023-12-26 14:00:00,2023-12-26 15:00:00,81.43
Montenegro,MNE,2023-12-26 15:00:00,2023-12-26 16:00:00,97.86
Montenegro,MNE,2023-12-26 16:00:00,2023-12-26 17:00:00,103.81
Montenegro,MNE,2023-12-26 17:00:00,2023-12-26 18:00:00,105.92
Montenegro,MNE,2023-12-26 18:00:00,2023-12-26 19:00:00,109.91
Montenegro,MNE,2023-12-26 19:00:00,2023-12-26 20:00:00,109.52
Montenegro,MNE,2023-12-26 20:00:00,2023-12-26 21:00:00,103.56
Montenegro,MNE,2023-12-26 21:00:00,2023-12-26 22:00:00,101.21
Montenegro,MNE,2023-12-26 22:00:00,2023-12-26 23:00:00,90.29
Montenegro,MNE,2023-12-26 23:00:00,2023-12-27 00:00:00,91.49
Montenegro,MNE,2023-12-27 00:00:00,2023-12-27 01:00:00,83.48
Montenegro,MNE,2023-12-27 01:00:00,2023-12-27 02:00:00,70.33
Montenegro,MNE,2023-12-27 02:00:00,2023-12-27 03:00:00,60.04
Montenegro,MNE,2023-12-27 03:00:00,2023-12-27 04:00:00,60.07
Montenegro,MNE,2023-12-27 04:00:00,2023-12-27 05:00:00,79.01
Montenegro,MNE,2023-12-27 05:00:00,2023-12-27 06:00:00,95.42
Montenegro,MNE,2023-12-27 06:00:00,2023-12-27 07:00:00,99.62
Montenegro,MNE,2023-12-27 07:00:00,2023-12-27 08:00:00,93.74
Montenegro,MNE,2023-12-27 08:00:00,2023-12-27 09:00:00,92.34
Montenegro,MNE,2023-12-27 09:00:00,2023-12-27 10:00:00,83.46
Montenegro,MNE,2023-12-27 10:00:00,2023-12-27 11:00:00,68.95
Montenegro,MNE,2023-12-27 11:00:00,2023-12-27 12:00:00,67.95
Montenegro,MNE,2023-12-27 12:00:00,2023-12-27 13:00:00,67.85
Montenegro,MNE,2023-12-27 13:00:00,2023-12-27 14:00:00,87.76
Montenegro,MNE,2023-12-27 14:00:00,2023-12-27 15:00:00,107.13
Montenegro,MNE,2023-12-27 15:00:00,2023-12-27 16:00:00,123.36
Montenegro,MNE,2023-12-27 16:00:00,2023-12-27 17:00:00,129.92
Montenegro,MNE,2023-12-27 17:00:00,2023-12-27 18:00:00,129.9
Montenegro,MNE,2023-12-27 18:00:00,2023-12-27 19:00:00,105.44
Montenegro,MNE,2023-12-27 19:00:00,2023-12-27 20:00:00,123.3
Montenegro,MNE,2023-12-27 20:00:00,2023-12-27 21:00:00,118.11
Montenegro,MNE,2023-12-27 21:00:00,2023-12-27 22:00:00,107.41
Montenegro,MNE,2023-12-27 22:00:00,2023-12-27 23:00:00,97.95
Montenegro,MNE,2023-12-27 23:00:00,2023-12-28 00:00:00,87.68
Montenegro,MNE,2023-12-28 00:00:00,2023-12-28 01:00:00,83.79
Montenegro,MNE,2023-12-28 01:00:00,2023-12-28 02:00:00,81.96
Montenegro,MNE,2023-12-28 02:00:00,2023-12-28 03:00:00,81.16
Montenegro,MNE,2023-12-28 03:00:00,2023-12-28 04:00:00,81.36
Montenegro,MNE,2023-12-28 04:00:00,2023-12-28 05:00:00,87.5
Montenegro,MNE,2023-12-28 05:00:00,2023-12-28 06:00:00,99.22
Montenegro,MNE,2023-12-28 06:00:00,2023-12-28 07:00:00,100.03
Montenegro,MNE,2023-12-28 07:00:00,2023-12-28 08:00:00,91.04
Montenegro,MNE,2023-12-28 08:00:00,2023-12-28 09:00:00,67.05
Montenegro,MNE,2023-12-28 09:00:00,2023-12-28 10:00:00,63.66
Montenegro,MNE,2023-12-28 10:00:00,2023-12-28 11:00:00,60.03
Montenegro,MNE,2023-12-28 11:00:00,2023-12-28 12:00:00,60.1
Montenegro,MNE,2023-12-28 12:00:00,2023-12-28 13:00:00,70.01
Montenegro,MNE,2023-12-28 13:00:00,2023-12-28 14:00:00,81.1
Montenegro,MNE,2023-12-28 14:00:00,2023-12-28 15:00:00,97.42
Montenegro,MNE,2023-12-28 15:00:00,2023-12-28 16:00:00,93.56
Montenegro,MNE,2023-12-28 16:00:00,2023-12-28 17:00:00,107.58
Montenegro,MNE,2023-12-28 17:00:00,2023-12-28 18:00:00,113.0
Montenegro,MNE,2023-12-28 18:00:00,2023-12-28 19:00:00,107.42
Montenegro,MNE,2023-12-28 19:00:00,2023-12-28 20:00:00,99.79
Montenegro,MNE,2023-12-28 20:00:00,2023-12-28 21:00:00,99.23
Montenegro,MNE,2023-12-28 21:00:00,2023-12-28 22:00:00,87.9
Montenegro,MNE,2023-12-28 22:00:00,2023-12-28 23:00:00,75.6
Montenegro,MNE,2023-12-28 23:00:00,2023-12-29 00:00:00,102.57
Montenegro,MNE,2023-12-29 00:00:00,2023-12-29 01:00:00,96.14
Montenegro,MNE,2023-12-29 01:00:00,2023-12-29 02:00:00,91.1
Montenegro,MNE,2023-12-29 02:00:00,2023-12-29 03:00:00,86.31
Montenegro,MNE,2023-12-29 03:00:00,2023-12-29 04:00:00,89.44
Montenegro,MNE,2023-12-29 04:00:00,2023-12-29 05:00:00,96.58
Montenegro,MNE,2023-12-29 05:00:00,2023-12-29 06:00:00,103.03
Montenegro,MNE,2023-12-29 06:00:00,2023-12-29 07:00:00,108.39
Montenegro,MNE,2023-12-29 07:00:00,2023-12-29 08:00:00,119.54
Montenegro,MNE,2023-12-29 08:00:00,2023-12-29 09:00:00,113.54
Montenegro,MNE,2023-12-29 09:00:00,2023-12-29 10:00:00,107.06
Montenegro,MNE,2023-12-29 10:00:00,2023-12-29 11:00:00,70.03
Montenegro,MNE,2023-12-29 11:00:00,2023-12-29 12:00:00,60.05
Montenegro,MNE,2023-12-29 12:00:00,2023-12-29 13:00:00,71.94
Montenegro,MNE,2023-12-29 13:00:00,2023-12-29 14:00:00,101.82
Montenegro,MNE,2023-12-29 14:00:00,2023-12-29 15:00:00,69.89
Montenegro,MNE,2023-12-29 15:00:00,2023-12-29 16:00:00,90.38
Montenegro,MNE,2023-12-29 16:00:00,2023-12-29 17:00:00,122.27
Montenegro,MNE,2023-12-29 17:00:00,2023-12-29 18:00:00,119.63
Montenegro,MNE,2023-12-29 18:00:00,2023-12-29 19:00:00,131.59
Montenegro,MNE,2023-12-29 19:00:00,2023-12-29 20:00:00,119.84
Montenegro,MNE,2023-12-29 20:00:00,2023-12-29 21:00:00,119.41
Montenegro,MNE,2023-12-29 21:00:00,2023-12-29 22:00:00,115.12
Montenegro,MNE,2023-12-29 22:00:00,2023-12-29 23:00:00,101.05
Montenegro,MNE,2023-12-29 23:00:00,2023-12-30 00:00:00,91.27
Montenegro,MNE,2023-12-30 00:00:00,2023-12-30 01:00:00,91.81
Montenegro,MNE,2023-12-30 01:00:00,2023-12-30 02:00:00,83.18
Montenegro,MNE,2023-12-30 02:00:00,2023-12-30 03:00:00,79.9
Montenegro,MNE,2023-12-30 03:00:00,2023-12-30 04:00:00,83.58
Montenegro,MNE,2023-12-30 04:00:00,2023-12-30 05:00:00,83.08
Montenegro,MNE,2023-12-30 05:00:00,2023-12-30 06:00:00,91.35
Montenegro,MNE,2023-12-30 06:00:00,2023-12-30 07:00:00,95.88
Montenegro,MNE,2023-12-30 07:00:00,2023-12-30 08:00:00,99.32
Montenegro,MNE,2023-12-30 08:00:00,2023-12-30 09:00:00,92.07
Montenegro,MNE,2023-12-30 09:00:00,2023-12-30 10:00:00,78.05
Montenegro,MNE,2023-12-30 10:00:00,2023-12-30 11:00:00,75.63
Montenegro,MNE,2023-12-30 11:00:00,2023-12-30 12:00:00,75.37
Montenegro,MNE,2023-12-30 12:00:00,2023-12-30 13:00:00,70.09
Montenegro,MNE,2023-12-30 13:00:00,2023-12-30 14:00:00,85.99
Montenegro,MNE,2023-12-30 14:00:00,2023-12-30 15:00:00,99.64
Montenegro,MNE,2023-12-30 15:00:00,2023-12-30 16:00:00,107.33
Montenegro,MNE,2023-12-30 16:00:00,2023-12-30 17:00:00,111.02
Montenegro,MNE,2023-12-30 17:00:00,2023-12-30 18:00:00,111.2
Montenegro,MNE,2023-12-30 18:00:00,2023-12-30 19:00:00,107.84
Montenegro,MNE,2023-12-30 19:00:00,2023-12-30 20:00:00,107.63
Montenegro,MNE,2023-12-30 20:00:00,2023-12-30 21:00:00,107.84
Montenegro,MNE,2023-12-30 21:00:00,2023-12-30 22:00:00,103.43
Montenegro,MNE,2023-12-30 22:00:00,2023-12-30 23:00:00,95.72
Montenegro,MNE,2023-12-30 23:00:00,2023-12-31 00:00:00,99.38
Montenegro,MNE,2023-12-31 00:00:00,2023-12-31 01:00:00,99.28
Montenegro,MNE,2023-12-31 01:00:00,2023-12-31 02:00:00,93.65
Montenegro,MNE,2023-12-31 02:00:00,2023-12-31 03:00:00,87.44
Montenegro,MNE,2023-12-31 03:00:00,2023-12-31 04:00:00,87.87
Montenegro,MNE,2023-12-31 04:00:00,2023-12-31 05:00:00,87.23
Montenegro,MNE,2023-12-31 05:00:00,2023-12-31 06:00:00,75.77
Montenegro,MNE,2023-12-31 06:00:00,2023-12-31 07:00:00,94.12
Montenegro,MNE,2023-12-31 07:00:00,2023-12-31 08:00:00,95.23
Montenegro,MNE,2023-12-31 08:00:00,2023-12-31 09:00:00,97.73
Montenegro,MNE,2023-12-31 09:00:00,2023-12-31 10:00:00,87.04
Montenegro,MNE,2023-12-31 10:00:00,2023-12-31 11:00:00,77.02
Montenegro,MNE,2023-12-31 11:00:00,2023-12-31 12:00:00,75.22
Montenegro,MNE,2023-12-31 12:00:00,2023-12-31 13:00:00,70.09
Montenegro,MNE,2023-12-31 13:00:00,2023-12-31 14:00:00,78.05
Montenegro,MNE,2023-12-31 14:00:00,2023-12-31 15:00:00,99.27
Montenegro,MNE,2023-12-31 15:00:00,2023-12-31 16:00:00,103.89
Montenegro,MNE,2023-12-31 16:00:00,2023-12-31 17:00:00,111.4
Montenegro,MNE,2023-12-31 17:00:00,2023-12-31 18:00:00,113.57
Montenegro,MNE,2023-12-31 18:00:00,2023-12-31 19:00:00,111.49
Montenegro,MNE,2023-12-31 19:00:00,2023-12-31 20:00:00,107.51
Montenegro,MNE,2023-12-31 20:00:00,2023-12-31 21:00:00,107.01
Montenegro,MNE,2023-12-31 21:00:00,2023-12-31 22:00:00,104.87
Montenegro,MNE,2023-12-31 22:00:00,2023-12-31 23:00:00,101.77
Montenegro,MNE,2023-12-31 23:00:00,2024-01-01 00:00:00,91.82
Montenegro,MNE,2024-01-01 00:00:00,2024-01-01 01:00:00,85.24
Montenegro,MNE,2024-01-01 01:00:00,2024-01-01 02:00:00,77.28
Montenegro,MNE,2024-01-01 02:00:00,2024-01-01 03:00:00,70.05
Montenegro,MNE,2024-01-01 03:00:00,2024-01-01 04:00:00,67.09
Montenegro,MNE,2024-01-01 04:00:00,2024-01-01 05:00:00,67.09
Montenegro,MNE,2024-01-01 05:00:00,2024-01-01 06:00:00,81.65
Montenegro,MNE,2024-01-01 06:00:00,2024-01-01 07:00:00,79.93
Montenegro,MNE,2024-01-01 07:00:00,2024-01-01 08:00:00,94.6
Montenegro,MNE,2024-01-01 08:00:00,2024-01-01 09:00:00,82.1
Montenegro,MNE,2024-01-01 09:00:00,2024-01-01 10:00:00,28.03
Montenegro,MNE,2024-01-01 10:00:00,2024-01-01 11:00:00,15.8
Montenegro,MNE,2024-01-01 11:00:00,2024-01-01 12:00:00,21.77
Montenegro,MNE,2024-01-01 12:00:00,2024-01-01 13:00:00,25.07
Montenegro,MNE,2024-01-01 13:00:00,2024-01-01 14:00:00,60.06
Montenegro,MNE,2024-01-01 14:00:00,2024-01-01 15:00:00,59.12
Montenegro,MNE,2024-01-01 15:00:00,2024-01-01 16:00:00,93.12
Montenegro,MNE,2024-01-01 16:00:00,2024-01-01 17:00:00,111.24
Montenegro,MNE,2024-01-01 17:00:00,2024-01-01 18:00:00,113.79
Montenegro,MNE,2024-01-01 18:00:00,2024-01-01 19:00:00,115.79
Montenegro,MNE,2024-01-01 19:00:00,2024-01-01 20:00:00,111.24
Montenegro,MNE,2024-01-01 20:00:00,2024-01-01 21:00:00,107.9
Montenegro,MNE,2024-01-01 21:00:00,2024-01-01 22:00:00,96.29
Montenegro,MNE,2024-01-01 22:00:00,2024-01-01 23:00:00,96.24
Montenegro,MNE,2024-01-01 23:00:00,2024-01-02 00:00:00,93.34
Montenegro,MNE,2024-01-02 00:00:00,2024-01-02 01:00:00,89.63
Montenegro,MNE,2024-01-02 01:00:00,2024-01-02 02:00:00,76.87
Montenegro,MNE,2024-01-02 02:00:00,2024-01-02 03:00:00,74.78
Montenegro,MNE,2024-01-02 03:00:00,2024-01-02 04:00:00,74.71
Montenegro,MNE,2024-01-02 04:00:00,2024-01-02 05:00:00,70.02
Montenegro,MNE,2024-01-02 05:00:00,2024-01-02 06:00:00,70.06
Montenegro,MNE,2024-01-02 06:00:00,2024-01-02 07:00:00,70.08
Montenegro,MNE,2024-01-02 07:00:00,2024-01-02 08:00:00,76.34
Montenegro,MNE,2024-01-02 08:00:00,2024-01-02 09:00:00,78.34
Montenegro,MNE,2024-01-02 09:00:00,2024-01-02 10:00:00,74.64
Montenegro,MNE,2024-01-02 10:00:00,2024-01-02 11:00:00,75.99
Montenegro,MNE,2024-01-02 11:00:00,2024-01-02 12:00:00,75.99
Montenegro,MNE,2024-01-02 12:00:00,2024-01-02 13:00:00,74.95
Montenegro,MNE,2024-01-02 13:00:00,2024-01-02 14:00:00,79.49
Montenegro,MNE,2024-01-02 14:00:00,2024-01-02 15:00:00,88.65
Montenegro,MNE,2024-01-02 15:00:00,2024-01-02 16:00:00,110.64
Montenegro,MNE,2024-01-02 16:00:00,2024-01-02 17:00:00,110.7
Montenegro,MNE,2024-01-02 17:00:00,2024-01-02 18:00:00,104.42
Montenegro,MNE,2024-01-02 18:00:00,2024-01-02 19:00:00,92.08
Montenegro,MNE,2024-01-02 19:00:00,2024-01-02 20:00:00,111.66
Montenegro,MNE,2024-01-02 20:00:00,2024-01-02 21:00:00,101.66
Montenegro,MNE,2024-01-02 21:00:00,2024-01-02 22:00:00,93.66
Montenegro,MNE,2024-01-02 22:00:00,2024-01-02 23:00:00,89.16
Montenegro,MNE,2024-01-02 23:00:00,2024-01-03 00:00:00,70.08
Montenegro,MNE,2024-01-03 00:00:00,2024-01-03 01:00:00,70.08
Montenegro,MNE,2024-01-03 01:00:00,2024-01-03 02:00:00,12.26
Montenegro,MNE,2024-01-03 02:00:00,2024-01-03 03:00:00,11.32
Montenegro,MNE,2024-01-03 03:00:00,2024-01-03 04:00:00,13.2
Montenegro,MNE,2024-01-03 04:00:00,2024-01-03 05:00:00,31.08
Montenegro,MNE,2024-01-03 05:00:00,2024-01-03 06:00:00,79.64
Montenegro,MNE,2024-01-03 06:00:00,2024-01-03 07:00:00,91.04
Montenegro,MNE,2024-01-03 07:00:00,2024-01-03 08:00:00,103.38
Montenegro,MNE,2024-01-03 08:00:00,2024-01-03 09:00:00,95.4
Montenegro,MNE,2024-01-03 09:00:00,2024-01-03 10:00:00,75.69
Montenegro,MNE,2024-01-03 10:00:00,2024-01-03 11:00:00,70.08
Montenegro,MNE,2024-01-03 11:00:00,2024-01-03 12:00:00,72.24
Montenegro,MNE,2024-01-03 12:00:00,2024-01-03 13:00:00,72.84
Montenegro,MNE,2024-01-03 13:00:00,2024-01-03 14:00:00,83.88
Montenegro,MNE,2024-01-03 14:00:00,2024-01-03 15:00:00,87.5
Montenegro,MNE,2024-01-03 15:00:00,2024-01-03 16:00:00,87.36
Montenegro,MNE,2024-01-03 16:00:00,2024-01-03 17:00:00,95.4
Montenegro,MNE,2024-01-03 17:00:00,2024-01-03 18:00:00,84.59
Montenegro,MNE,2024-01-03 18:00:00,2024-01-03 19:00:00,84.69
Montenegro,MNE,2024-01-03 19:00:00,2024-01-03 20:00:00,76.69
Montenegro,MNE,2024-01-03 20:00:00,2024-01-03 21:00:00,70.65
Montenegro,MNE,2024-01-03 21:00:00,2024-01-03 22:00:00,70.08
Montenegro,MNE,2024-01-03 22:00:00,2024-01-03 23:00:00,70.08
Montenegro,MNE,2024-01-03 23:00:00,2024-01-04 00:00:00,55.65
Montenegro,MNE,2024-01-04 00:00:00,2024-01-04 01:00:00,51.33
Montenegro,MNE,2024-01-04 01:00:00,2024-01-04 02:00:00,39.84
Montenegro,MNE,2024-01-04 02:00:00,2024-01-04 03:00:00,35.63
Montenegro,MNE,2024-01-04 03:00:00,2024-01-04 04:00:00,39.92
Montenegro,MNE,2024-01-04 04:00:00,2024-01-04 05:00:00,56.9
Montenegro,MNE,2024-01-04 05:00:00,2024-01-04 06:00:00,71.99
Montenegro,MNE,2024-01-04 06:00:00,2024-01-04 07:00:00,94.53
Montenegro,MNE,2024-01-04 07:00:00,2024-01-04 08:00:00,100.13
Montenegro,MNE,2024-01-04 08:00:00,2024-01-04 09:00:00,95.12
Montenegro,MNE,2024-01-04 09:00:00,2024-01-04 10:00:00,87.35
Montenegro,MNE,2024-01-04 10:00:00,2024-01-04 11:00:00,83.9
Montenegro,MNE,2024-01-04 11:00:00,2024-01-04 12:00:00,83.01
Montenegro,MNE,2024-01-04 12:00:00,2024-01-04 13:00:00,83.89
Montenegro,MNE,2024-01-04 13:00:00,2024-01-04 14:00:00,87.92
Montenegro,MNE,2024-01-04 14:00:00,2024-01-04 15:00:00,95.47
Montenegro,MNE,2024-01-04 15:00:00,2024-01-04 16:00:00,111.14
Montenegro,MNE,2024-01-04 16:00:00,2024-01-04 17:00:00,115.84
Montenegro,MNE,2024-01-04 17:00:00,2024-01-04 18:00:00,121.04
Montenegro,MNE,2024-01-04 18:00:00,2024-01-04 19:00:00,116.54
Montenegro,MNE,2024-01-04 19:00:00,2024-01-04 20:00:00,107.84
Montenegro,MNE,2024-01-04 20:00:00,2024-01-04 21:00:00,96.85
Montenegro,MNE,2024-01-04 21:00:00,2024-01-04 22:00:00,91.53
Montenegro,MNE,2024-01-04 22:00:00,2024-01-04 23:00:00,83.94
Montenegro,MNE,2024-01-04 23:00:00,2024-01-05 00:00:00,92.05
Montenegro,MNE,2024-01-05 00:00:00,2024-01-05 01:00:00,83.93
Montenegro,MNE,2024-01-05 01:00:00,2024-01-05 02:00:00,83.8
Montenegro,MNE,2024-01-05 02:00:00,2024-01-05 03:00:00,76.94
Montenegro,MNE,2024-01-05 03:00:00,2024-01-05 04:00:00,83.49
Montenegro,MNE,2024-01-05 04:00:00,2024-01-05 05:00:00,91.3
Montenegro,MNE,2024-01-05 05:00:00,2024-01-05 06:00:00,97.27
Montenegro,MNE,2024-01-05 06:00:00,2024-01-05 07:00:00,97.94
Montenegro,MNE,2024-01-05 07:00:00,2024-01-05 08:00:00,104.04
Montenegro,MNE,2024-01-05 08:00:00,2024-01-05 09:00:00,101.95
Montenegro,MNE,2024-01-05 09:00:00,2024-01-05 10:00:00,100.75
Montenegro,MNE,2024-01-05 10:00:00,2024-01-05 11:00:00,96.81
Montenegro,MNE,2024-01-05 11:00:00,2024-01-05 12:00:00,92.65
Montenegro,MNE,2024-01-05 12:00:00,2024-01-05 13:00:00,92.55
Montenegro,MNE,2024-01-05 13:00:00,2024-01-05 14:00:00,96.55
Montenegro,MNE,2024-01-05 14:00:00,2024-01-05 15:00:00,101.52
Montenegro,MNE,2024-01-05 15:00:00,2024-01-05 16:00:00,111.03
Montenegro,MNE,2024-01-05 16:00:00,2024-01-05 17:00:00,118.0
Montenegro,MNE,2024-01-05 17:00:00,2024-01-05 18:00:00,118.01
Montenegro,MNE,2024-01-05 18:00:00,2024-01-05 19:00:00,111.02
Montenegro,MNE,2024-01-05 19:00:00,2024-01-05 20:00:00,104.03
Montenegro,MNE,2024-01-05 20:00:00,2024-01-05 21:00:00,97.0
Montenegro,MNE,2024-01-05 21:00:00,2024-01-05 22:00:00,90.22
Montenegro,MNE,2024-01-05 22:00:00,2024-01-05 23:00:00,84.42
Montenegro,MNE,2024-01-05 23:00:00,2024-01-06 00:00:00,80.03
Montenegro,MNE,2024-01-06 00:00:00,2024-01-06 01:00:00,70.35
Montenegro,MNE,2024-01-06 01:00:00,2024-01-06 02:00:00,67.58
Montenegro,MNE,2024-01-06 02:00:00,2024-01-06 03:00:00,66.45
Montenegro,MNE,2024-01-06 03:00:00,2024-01-06 04:00:00,65.76
Montenegro,MNE,2024-01-06 04:00:00,2024-01-06 05:00:00,67.11
Montenegro,MNE,2024-01-06 05:00:00,2024-01-06 06:00:00,72.88
Montenegro,MNE,2024-01-06 06:00:00,2024-01-06 07:00:00,80.93
Montenegro,MNE,2024-01-06 07:00:00,2024-01-06 08:00:00,87.56
Montenegro,MNE,2024-01-06 08:00:00,2024-01-06 09:00:00,91.27
Montenegro,MNE,2024-01-06 09:00:00,2024-01-06 10:00:00,90.94
Montenegro,MNE,2024-01-06 10:00:00,2024-01-06 11:00:00,92.51
Montenegro,MNE,2024-01-06 11:00:00,2024-01-06 12:00:00,90.91
Montenegro,MNE,2024-01-06 12:00:00,2024-01-06 13:00:00,89.85
Montenegro,MNE,2024-01-06 13:00:00,2024-01-06 14:00:00,91.31
Montenegro,MNE,2024-01-06 14:00:00,2024-01-06 15:00:00,91.82
Montenegro,MNE,2024-01-06 15:00:00,2024-01-06 16:00:00,95.79
Montenegro,MNE,2024-01-06 16:00:00,2024-01-06 17:00:00,99.81
Montenegro,MNE,2024-01-06 17:00:00,2024-01-06 18:00:00,99.79
Montenegro,MNE,2024-01-06 18:00:00,2024-01-06 19:00:00,99.51
Montenegro,MNE,2024-01-06 19:00:00,2024-01-06 20:00:00,91.96
Montenegro,MNE,2024-01-06 20:00:00,2024-01-06 21:00:00,83.81
Montenegro,MNE,2024-01-06 21:00:00,2024-01-06 22:00:00,83.69
Montenegro,MNE,2024-01-06 22:00:00,2024-01-06 23:00:00,75.86
Montenegro,MNE,2024-01-06 23:00:00,2024-01-07 00:00:00,79.03
Montenegro,MNE,2024-01-07 00:00:00,2024-01-07 01:00:00,70.39
Montenegro,MNE,2024-01-07 01:00:00,2024-01-07 02:00:00,67.53
Montenegro,MNE,2024-01-07 02:00:00,2024-01-07 03:00:00,59.87
Montenegro,MNE,2024-01-07 03:00:00,2024-01-07 04:00:00,59.23
Montenegro,MNE,2024-01-07 04:00:00,2024-01-07 05:00:00,58.93
Montenegro,MNE,2024-01-07 05:00:00,2024-01-07 06:00:00,60.45
Montenegro,MNE,2024-01-07 06:00:00,2024-01-07 07:00:00,68.96
Montenegro,MNE,2024-01-07 07:00:00,2024-01-07 08:00:00,80.04
Montenegro,MNE,2024-01-07 08:00:00,2024-01-07 09:00:00,81.97
Montenegro,MNE,2024-01-07 09:00:00,2024-01-07 10:00:00,85.13
Montenegro,MNE,2024-01-07 10:00:00,2024-01-07 11:00:00,85.23
Montenegro,MNE,2024-01-07 11:00:00,2024-01-07 12:00:00,81.63
Montenegro,MNE,2024-01-07 12:00:00,2024-01-07 13:00:00,80.08
Montenegro,MNE,2024-01-07 13:00:00,2024-01-07 14:00:00,82.95
Montenegro,MNE,2024-01-07 14:00:00,2024-01-07 15:00:00,84.95
Montenegro,MNE,2024-01-07 15:00:00,2024-01-07 16:00:00,87.07
Montenegro,MNE,2024-01-07 16:00:00,2024-01-07 17:00:00,99.9
Montenegro,MNE,2024-01-07 17:00:00,2024-01-07 18:00:00,99.9
Montenegro,MNE,2024-01-07 18:00:00,2024-01-07 19:00:00,96.73
Montenegro,MNE,2024-01-07 19:00:00,2024-01-07 20:00:00,95.39
Montenegro,MNE,2024-01-07 20:00:00,2024-01-07 21:00:00,91.31
Montenegro,MNE,2024-01-07 21:00:00,2024-01-07 22:00:00,91.19
Montenegro,MNE,2024-01-07 22:00:00,2024-01-07 23:00:00,85.33
Montenegro,MNE,2024-01-07 23:00:00,2024-01-08 00:00:00,82.97
Montenegro,MNE,2024-01-08 00:00:00,2024-01-08 01:00:00,80.02
Montenegro,MNE,2024-01-08 01:00:00,2024-01-08 02:00:00,77.8
Montenegro,MNE,2024-01-08 02:00:00,2024-01-08 03:00:00,77.13
Montenegro,MNE,2024-01-08 03:00:00,2024-01-08 04:00:00,79.44
Montenegro,MNE,2024-01-08 04:00:00,2024-01-08 05:00:00,85.95
Montenegro,MNE,2024-01-08 05:00:00,2024-01-08 06:00:00,98.25
Montenegro,MNE,2024-01-08 06:00:00,2024-01-08 07:00:00,107.29
Montenegro,MNE,2024-01-08 07:00:00,2024-01-08 08:00:00,113.66
Montenegro,MNE,2024-01-08 08:00:00,2024-01-08 09:00:00,114.65
Montenegro,MNE,2024-01-08 09:00:00,2024-01-08 10:00:00,113.75
Montenegro,MNE,2024-01-08 10:00:00,2024-01-08 11:00:00,104.87
Montenegro,MNE,2024-01-08 11:00:00,2024-01-08 12:00:00,101.55
Montenegro,MNE,2024-01-08 12:00:00,2024-01-08 13:00:00,100.85
Montenegro,MNE,2024-01-08 13:00:00,2024-01-08 14:00:00,102.35
Montenegro,MNE,2024-01-08 14:00:00,2024-01-08 15:00:00,112.45
Montenegro,MNE,2024-01-08 15:00:00,2024-01-08 16:00:00,116.35
Montenegro,MNE,2024-01-08 16:00:00,2024-01-08 17:00:00,131.56
Montenegro,MNE,2024-01-08 17:00:00,2024-01-08 18:00:00,131.6
Montenegro,MNE,2024-01-08 18:00:00,2024-01-08 19:00:00,122.75
Montenegro,MNE,2024-01-08 19:00:00,2024-01-08 20:00:00,114.55
Montenegro,MNE,2024-01-08 20:00:00,2024-01-08 21:00:00,105.05
Montenegro,MNE,2024-01-08 21:00:00,2024-01-08 22:00:00,95.86
Montenegro,MNE,2024-01-08 22:00:00,2024-01-08 23:00:00,95.06
Montenegro,MNE,2024-01-08 23:00:00,2024-01-09 00:00:00,90.73
Montenegro,MNE,2024-01-09 00:00:00,2024-01-09 01:00:00,90.33
Montenegro,MNE,2024-01-09 01:00:00,2024-01-09 02:00:00,86.31
Montenegro,MNE,2024-01-09 02:00:00,2024-01-09 03:00:00,82.81
Montenegro,MNE,2024-01-09 03:00:00,2024-01-09 04:00:00,83.82
Montenegro,MNE,2024-01-09 04:00:00,2024-01-09 05:00:00,95.83
Montenegro,MNE,2024-01-09 05:00:00,2024-01-09 06:00:00,110.33
Montenegro,MNE,2024-01-09 06:00:00,2024-01-09 07:00:00,125.11
Montenegro,MNE,2024-01-09 07:00:00,2024-01-09 08:00:00,139.1
Montenegro,MNE,2024-01-09 08:00:00,2024-01-09 09:00:00,136.01
Montenegro,MNE,2024-01-09 09:00:00,2024-01-09 10:00:00,118.99
Montenegro,MNE,2024-01-09 10:00:00,2024-01-09 11:00:00,111.89
Montenegro,MNE,2024-01-09 11:00:00,2024-01-09 12:00:00,104.98
Montenegro,MNE,2024-01-09 12:00:00,2024-01-09 13:00:00,104.98
Montenegro,MNE,2024-01-09 13:00:00,2024-01-09 14:00:00,107.88
Montenegro,MNE,2024-01-09 14:00:00,2024-01-09 15:00:00,118.56
Montenegro,MNE,2024-01-09 15:00:00,2024-01-09 16:00:00,132.21
Montenegro,MNE,2024-01-09 16:00:00,2024-01-09 17:00:00,139.55
Montenegro,MNE,2024-01-09 17:00:00,2024-01-09 18:00:00,140.9
Montenegro,MNE,2024-01-09 18:00:00,2024-01-09 19:00:00,132.89
Montenegro,MNE,2024-01-09 19:00:00,2024-01-09 20:00:00,124.74
Montenegro,MNE,2024-01-09 20:00:00,2024-01-09 21:00:00,111.93
Montenegro,MNE,2024-01-09 21:00:00,2024-01-09 22:00:00,104.96
Montenegro,MNE,2024-01-09 22:00:00,2024-01-09 23:00:00,102.06
Montenegro,MNE,2024-01-09 23:00:00,2024-01-10 00:00:00,95.54
Montenegro,MNE,2024-01-10 00:00:00,2024-01-10 01:00:00,95.05
Montenegro,MNE,2024-01-10 01:00:00,2024-01-10 02:00:00,90.05
Montenegro,MNE,2024-01-10 02:00:00,2024-01-10 03:00:00,87.18
Montenegro,MNE,2024-01-10 03:00:00,2024-01-10 04:00:00,87.19
Montenegro,MNE,2024-01-10 04:00:00,2024-01-10 05:00:00,95.83
Montenegro,MNE,2024-01-10 05:00:00,2024-01-10 06:00:00,113.54
Montenegro,MNE,2024-01-10 06:00:00,2024-01-10 07:00:00,131.13
Montenegro,MNE,2024-01-10 07:00:00,2024-01-10 08:00:00,140.35
Montenegro,MNE,2024-01-10 08:00:00,2024-01-10 09:00:00,122.85
Montenegro,MNE,2024-01-10 09:00:00,2024-01-10 10:00:00,114.12
Montenegro,MNE,2024-01-10 10:00:00,2024-01-10 11:00:00,107.97
Montenegro,MNE,2024-01-10 11:00:00,2024-01-10 12:00:00,104.42
Montenegro,MNE,2024-01-10 12:00:00,2024-01-10 13:00:00,105.31
Montenegro,MNE,2024-01-10 13:00:00,2024-01-10 14:00:00,114.03
Montenegro,MNE,2024-01-10 14:00:00,2024-01-10 15:00:00,122.54
Montenegro,MNE,2024-01-10 15:00:00,2024-01-10 16:00:00,131.75
Montenegro,MNE,2024-01-10 16:00:00,2024-01-10 17:00:00,149.4
Montenegro,MNE,2024-01-10 17:00:00,2024-01-10 18:00:00,144.58
Montenegro,MNE,2024-01-10 18:00:00,2024-01-10 19:00:00,140.23
Montenegro,MNE,2024-01-10 19:00:00,2024-01-10 20:00:00,122.63
Montenegro,MNE,2024-01-10 20:00:00,2024-01-10 21:00:00,113.86
Montenegro,MNE,2024-01-10 21:00:00,2024-01-10 22:00:00,104.9
Montenegro,MNE,2024-01-10 22:00:00,2024-01-10 23:00:00,104.07
Montenegro,MNE,2024-01-10 23:00:00,2024-01-11 00:00:00,94.3
Montenegro,MNE,2024-01-11 00:00:00,2024-01-11 01:00:00,90.48
Montenegro,MNE,2024-01-11 01:00:00,2024-01-11 02:00:00,90.08
Montenegro,MNE,2024-01-11 02:00:00,2024-01-11 03:00:00,90.07
Montenegro,MNE,2024-01-11 03:00:00,2024-01-11 04:00:00,90.14
Montenegro,MNE,2024-01-11 04:00:00,2024-01-11 05:00:00,97.0
Montenegro,MNE,2024-01-11 05:00:00,2024-01-11 06:00:00,106.41
Montenegro,MNE,2024-01-11 06:00:00,2024-01-11 07:00:00,119.2
Montenegro,MNE,2024-01-11 07:00:00,2024-01-11 08:00:00,130.23
Montenegro,MNE,2024-01-11 08:00:00,2024-01-11 09:00:00,124.96
Montenegro,MNE,2024-01-11 09:00:00,2024-01-11 10:00:00,114.85
Montenegro,MNE,2024-01-11 10:00:00,2024-01-11 11:00:00,107.2
Montenegro,MNE,2024-01-11 11:00:00,2024-01-11 12:00:00,102.48
Montenegro,MNE,2024-01-11 12:00:00,2024-01-11 13:00:00,104.45
Montenegro,MNE,2024-01-11 13:00:00,2024-01-11 14:00:00,107.2
Montenegro,MNE,2024-01-11 14:00:00,2024-01-11 15:00:00,114.35
Montenegro,MNE,2024-01-11 15:00:00,2024-01-11 16:00:00,122.2
Montenegro,MNE,2024-01-11 16:00:00,2024-01-11 17:00:00,136.05
Montenegro,MNE,2024-01-11 17:00:00,2024-01-11 18:00:00,136.37
Montenegro,MNE,2024-01-11 18:00:00,2024-01-11 19:00:00,132.19
Montenegro,MNE,2024-01-11 19:00:00,2024-01-11 20:00:00,119.96
Montenegro,MNE,2024-01-11 20:00:00,2024-01-11 21:00:00,111.0
Montenegro,MNE,2024-01-11 21:00:00,2024-01-11 22:00:00,101.96
Montenegro,MNE,2024-01-11 22:00:00,2024-01-11 23:00:00,94.84
Montenegro,MNE,2024-01-11 23:00:00,2024-01-12 00:00:00,90.08
Montenegro,MNE,2024-01-12 00:00:00,2024-01-12 01:00:00,88.71
Montenegro,MNE,2024-01-12 01:00:00,2024-01-12 02:00:00,87.18
Montenegro,MNE,2024-01-12 02:00:00,2024-01-12 03:00:00,84.65
Montenegro,MNE,2024-01-12 03:00:00,2024-01-12 04:00:00,83.84
Montenegro,MNE,2024-01-12 04:00:00,2024-01-12 05:00:00,86.07
Montenegro,MNE,2024-01-12 05:00:00,2024-01-12 06:00:00,98.36
Montenegro,MNE,2024-01-12 06:00:00,2024-01-12 07:00:00,118.29
Montenegro,MNE,2024-01-12 07:00:00,2024-01-12 08:00:00,123.9
Montenegro,MNE,2024-01-12 08:00:00,2024-01-12 09:00:00,118.96
Montenegro,MNE,2024-01-12 09:00:00,2024-01-12 10:00:00,111.74
Montenegro,MNE,2024-01-12 10:00:00,2024-01-12 11:00:00,105.58
Montenegro,MNE,2024-01-12 11:00:00,2024-01-12 12:00:00,99.93
Montenegro,MNE,2024-01-12 12:00:00,2024-01-12 13:00:00,98.49
Montenegro,MNE,2024-01-12 13:00:00,2024-01-12 14:00:00,100.07
Montenegro,MNE,2024-01-12 14:00:00,2024-01-12 15:00:00,104.87
Montenegro,MNE,2024-01-12 15:00:00,2024-01-12 16:00:00,115.98
Montenegro,MNE,2024-01-12 16:00:00,2024-01-12 17:00:00,124.54
Montenegro,MNE,2024-01-12 17:00:00,2024-01-12 18:00:00,123.96
Montenegro,MNE,2024-01-12 18:00:00,2024-01-12 19:00:00,125.15
Montenegro,MNE,2024-01-12 19:00:00,2024-01-12 20:00:00,113.26
Montenegro,MNE,2024-01-12 20:00:00,2024-01-12 21:00:00,104.63
Montenegro,MNE,2024-01-12 21:00:00,2024-01-12 22:00:00,95.4
Montenegro,MNE,2024-01-12 22:00:00,2024-01-12 23:00:00,87.68
Montenegro,MNE,2024-01-12 23:00:00,2024-01-13 00:00:00,87.37
Montenegro,MNE,2024-01-13 00:00:00,2024-01-13 01:00:00,84.03
Montenegro,MNE,2024-01-13 01:00:00,2024-01-13 02:00:00,81.27
Montenegro,MNE,2024-01-13 02:00:00,2024-01-13 03:00:00,79.23
Montenegro,MNE,2024-01-13 03:00:00,2024-01-13 04:00:00,76.43
Montenegro,MNE,2024-01-13 04:00:00,2024-01-13 05:00:00,80.01
Montenegro,MNE,2024-01-13 05:00:00,2024-01-13 06:00:00,78.17
Montenegro,MNE,2024-01-13 06:00:00,2024-01-13 07:00:00,90.98
Montenegro,MNE,2024-01-13 07:00:00,2024-01-13 08:00:00,93.67
Montenegro,MNE,2024-01-13 08:00:00,2024-01-13 09:00:00,90.99
Montenegro,MNE,2024-01-13 09:00:00,2024-01-13 10:00:00,90.5
Montenegro,MNE,2024-01-13 10:00:00,2024-01-13 11:00:00,84.61
Montenegro,MNE,2024-01-13 11:00:00,2024-01-13 12:00:00,83.57
Montenegro,MNE,2024-01-13 12:00:00,2024-01-13 13:00:00,80.57
Montenegro,MNE,2024-01-13 13:00:00,2024-01-13 14:00:00,88.57
Montenegro,MNE,2024-01-13 14:00:00,2024-01-13 15:00:00,94.57
Montenegro,MNE,2024-01-13 15:00:00,2024-01-13 16:00:00,98.06
Montenegro,MNE,2024-01-13 16:00:00,2024-01-13 17:00:00,104.41
Montenegro,MNE,2024-01-13 17:00:00,2024-01-13 18:00:00,124.81
Montenegro,MNE,2024-01-13 18:00:00,2024-01-13 19:00:00,122.59
Montenegro,MNE,2024-01-13 19:00:00,2024-01-13 20:00:00,121.13
Montenegro,MNE,2024-01-13 20:00:00,2024-01-13 21:00:00,111.02
Montenegro,MNE,2024-01-13 21:00:00,2024-01-13 22:00:00,111.18
Montenegro,MNE,2024-01-13 22:00:00,2024-01-13 23:00:00,103.02
Montenegro,MNE,2024-01-13 23:00:00,2024-01-14 00:00:00,90.94
Montenegro,MNE,2024-01-14 00:00:00,2024-01-14 01:00:00,90.64
Montenegro,MNE,2024-01-14 01:00:00,2024-01-14 02:00:00,90.02
Montenegro,MNE,2024-01-14 02:00:00,2024-01-14 03:00:00,62.93
Montenegro,MNE,2024-01-14 03:00:00,2024-01-14 04:00:00,69.42
Montenegro,MNE,2024-01-14 04:00:00,2024-01-14 05:00:00,65.17
Montenegro,MNE,2024-01-14 05:00:00,2024-01-14 06:00:00,69.96
Montenegro,MNE,2024-01-14 06:00:00,2024-01-14 07:00:00,80.07
Montenegro,MNE,2024-01-14 07:00:00,2024-01-14 08:00:00,80.09
Montenegro,MNE,2024-01-14 08:00:00,2024-01-14 09:00:00,80.08
Montenegro,MNE,2024-01-14 09:00:00,2024-01-14 10:00:00,80.09
Montenegro,MNE,2024-01-14 10:00:00,2024-01-14 11:00:00,80.08
Montenegro,MNE,2024-01-14 11:00:00,2024-01-14 12:00:00,80.08
Montenegro,MNE,2024-01-14 12:00:00,2024-01-14 13:00:00,80.06
Montenegro,MNE,2024-01-14 13:00:00,2024-01-14 14:00:00,80.05
Montenegro,MNE,2024-01-14 14:00:00,2024-01-14 15:00:00,90.99
Montenegro,MNE,2024-01-14 15:00:00,2024-01-14 16:00:00,104.51
Montenegro,MNE,2024-01-14 16:00:00,2024-01-14 17:00:00,111.13
Montenegro,MNE,2024-01-14 17:00:00,2024-01-14 18:00:00,111.63
Montenegro,MNE,2024-01-14 18:00:00,2024-01-14 19:00:00,111.79
Montenegro,MNE,2024-01-14 19:00:00,2024-01-14 20:00:00,109.73
Montenegro,MNE,2024-01-14 20:00:00,2024-01-14 21:00:00,97.59
Montenegro,MNE,2024-01-14 21:00:00,2024-01-14 22:00:00,90.74
Montenegro,MNE,2024-01-14 22:00:00,2024-01-14 23:00:00,83.7
Montenegro,MNE,2024-01-14 23:00:00,2024-01-15 00:00:00,90.69
Montenegro,MNE,2024-01-15 00:00:00,2024-01-15 01:00:00,90.1
Montenegro,MNE,2024-01-15 01:00:00,2024-01-15 02:00:00,69.66
Montenegro,MNE,2024-01-15 02:00:00,2024-01-15 03:00:00,62.92
Montenegro,MNE,2024-01-15 03:00:00,2024-01-15 04:00:00,69.18
Montenegro,MNE,2024-01-15 04:00:00,2024-01-15 05:00:00,76.93
Montenegro,MNE,2024-01-15 05:00:00,2024-01-15 06:00:00,97.34
Montenegro,MNE,2024-01-15 06:00:00,2024-01-15 07:00:00,104.95
Montenegro,MNE,2024-01-15 07:00:00,2024-01-15 08:00:00,111.16
Montenegro,MNE,2024-01-15 08:00:00,2024-01-15 09:00:00,108.67
Montenegro,MNE,2024-01-15 09:00:00,2024-01-15 10:00:00,100.96
Montenegro,MNE,2024-01-15 10:00:00,2024-01-15 11:00:00,97.79
Montenegro,MNE,2024-01-15 11:00:00,2024-01-15 12:00:00,93.06
Montenegro,MNE,2024-01-15 12:00:00,2024-01-15 13:00:00,93.06
Montenegro,MNE,2024-01-15 13:00:00,2024-01-15 14:00:00,97.83
Montenegro,MNE,2024-01-15 14:00:00,2024-01-15 15:00:00,105.06
Montenegro,MNE,2024-01-15 15:00:00,2024-01-15 16:00:00,110.0
Montenegro,MNE,2024-01-15 16:00:00,2024-01-15 17:00:00,118.89
Montenegro,MNE,2024-01-15 17:00:00,2024-01-15 18:00:00,118.74
Montenegro,MNE,2024-01-15 18:00:00,2024-01-15 19:00:00,118.72
Montenegro,MNE,2024-01-15 19:00:00,2024-01-15 20:00:00,110.6
Montenegro,MNE,2024-01-15 20:00:00,2024-01-15 21:00:00,105.31
Montenegro,MNE,2024-01-15 21:00:00,2024-01-15 22:00:00,97.69
Montenegro,MNE,2024-01-15 22:00:00,2024-01-15 23:00:00,90.91
Montenegro,MNE,2024-01-15 23:00:00,2024-01-16 00:00:00,83.89
Montenegro,MNE,2024-01-16 00:00:00,2024-01-16 01:00:00,83.92
Montenegro,MNE,2024-01-16 01:00:00,2024-01-16 02:00:00,83.23
Montenegro,MNE,2024-01-16 02:00:00,2024-01-16 03:00:00,82.12
Montenegro,MNE,2024-01-16 03:00:00,2024-01-16 04:00:00,83.84
Montenegro,MNE,2024-01-16 04:00:00,2024-01-16 05:00:00,90.57
Montenegro,MNE,2024-01-16 05:00:00,2024-01-16 06:00:00,105.96
Montenegro,MNE,2024-01-16 06:00:00,2024-01-16 07:00:00,115.85
Montenegro,MNE,2024-01-16 07:00:00,2024-01-16 08:00:00,123.32
Montenegro,MNE,2024-01-16 08:00:00,2024-01-16 09:00:00,121.44
Montenegro,MNE,2024-01-16 09:00:00,2024-01-16 10:00:00,113.06
Montenegro,MNE,2024-01-16 10:00:00,2024-01-16 11:00:00,106.18
Montenegro,MNE,2024-01-16 11:00:00,2024-01-16 12:00:00,99.49
Montenegro,MNE,2024-01-16 12:00:00,2024-01-16 13:00:00,100.17
Montenegro,MNE,2024-01-16 13:00:00,2024-01-16 14:00:00,107.31
Montenegro,MNE,2024-01-16 14:00:00,2024-01-16 15:00:00,112.98
Montenegro,MNE,2024-01-16 15:00:00,2024-01-16 16:00:00,123.22
Montenegro,MNE,2024-01-16 16:00:00,2024-01-16 17:00:00,135.32
Montenegro,MNE,2024-01-16 17:00:00,2024-01-16 18:00:00,131.25
Montenegro,MNE,2024-01-16 18:00:00,2024-01-16 19:00:00,125.65
Montenegro,MNE,2024-01-16 19:00:00,2024-01-16 20:00:00,111.87
Montenegro,MNE,2024-01-16 20:00:00,2024-01-16 21:00:00,105.56
Montenegro,MNE,2024-01-16 21:00:00,2024-01-16 22:00:00,97.13
Montenegro,MNE,2024-01-16 22:00:00,2024-01-16 23:00:00,90.59
Montenegro,MNE,2024-01-16 23:00:00,2024-01-17 00:00:00,83.77
Montenegro,MNE,2024-01-17 00:00:00,2024-01-17 01:00:00,83.87
Montenegro,MNE,2024-01-17 01:00:00,2024-01-17 02:00:00,83.02
Montenegro,MNE,2024-01-17 02:00:00,2024-01-17 03:00:00,81.08
Montenegro,MNE,2024-01-17 03:00:00,2024-01-17 04:00:00,84.31
Montenegro,MNE,2024-01-17 04:00:00,2024-01-17 05:00:00,96.72
Montenegro,MNE,2024-01-17 05:00:00,2024-01-17 06:00:00,105.64
Montenegro,MNE,2024-01-17 06:00:00,2024-01-17 07:00:00,112.88
Montenegro,MNE,2024-01-17 07:00:00,2024-01-17 08:00:00,121.85
Montenegro,MNE,2024-01-17 08:00:00,2024-01-17 09:00:00,118.76
Montenegro,MNE,2024-01-17 09:00:00,2024-01-17 10:00:00,111.62
Montenegro,MNE,2024-01-17 10:00:00,2024-01-17 11:00:00,109.22
Montenegro,MNE,2024-01-17 11:00:00,2024-01-17 12:00:00,105.07
Montenegro,MNE,2024-01-17 12:00:00,2024-01-17 13:00:00,106.27
Montenegro,MNE,2024-01-17 13:00:00,2024-01-17 14:00:00,110.87
Montenegro,MNE,2024-01-17 14:00:00,2024-01-17 15:00:00,113.92
Montenegro,MNE,2024-01-17 15:00:00,2024-01-17 16:00:00,118.87
Montenegro,MNE,2024-01-17 16:00:00,2024-01-17 17:00:00,125.74
Montenegro,MNE,2024-01-17 17:00:00,2024-01-17 18:00:00,122.26
Montenegro,MNE,2024-01-17 18:00:00,2024-01-17 19:00:00,118.47
Montenegro,MNE,2024-01-17 19:00:00,2024-01-17 20:00:00,104.89
Montenegro,MNE,2024-01-17 20:00:00,2024-01-17 21:00:00,97.82
Montenegro,MNE,2024-01-17 21:00:00,2024-01-17 22:00:00,90.89
Montenegro,MNE,2024-01-17 22:00:00,2024-01-17 23:00:00,83.96
Montenegro,MNE,2024-01-17 23:00:00,2024-01-18 00:00:00,80.73
Montenegro,MNE,2024-01-18 00:00:00,2024-01-18 01:00:00,77.29
Montenegro,MNE,2024-01-18 01:00:00,2024-01-18 02:00:00,75.77
Montenegro,MNE,2024-01-18 02:00:00,2024-01-18 03:00:00,70.54
Montenegro,MNE,2024-01-18 03:00:00,2024-01-18 04:00:00,72.92
Montenegro,MNE,2024-01-18 04:00:00,2024-01-18 05:00:00,79.2
Montenegro,MNE,2024-01-18 05:00:00,2024-01-18 06:00:00,95.56
Montenegro,MNE,2024-01-18 06:00:00,2024-01-18 07:00:00,102.43
Montenegro,MNE,2024-01-18 07:00:00,2024-01-18 08:00:00,106.05
Montenegro,MNE,2024-01-18 08:00:00,2024-01-18 09:00:00,98.86
Montenegro,MNE,2024-01-18 09:00:00,2024-01-18 10:00:00,89.93
Montenegro,MNE,2024-01-18 10:00:00,2024-01-18 11:00:00,85.34
Montenegro,MNE,2024-01-18 11:00:00,2024-01-18 12:00:00,85.82
Montenegro,MNE,2024-01-18 12:00:00,2024-01-18 13:00:00,76.6
Montenegro,MNE,2024-01-18 13:00:00,2024-01-18 14:00:00,81.5
Montenegro,MNE,2024-01-18 14:00:00,2024-01-18 15:00:00,90.62
Montenegro,MNE,2024-01-18 15:00:00,2024-01-18 16:00:00,89.99
Montenegro,MNE,2024-01-18 16:00:00,2024-01-18 17:00:00,106.68
Montenegro,MNE,2024-01-18 17:00:00,2024-01-18 18:00:00,107.6
Montenegro,MNE,2024-01-18 18:00:00,2024-01-18 19:00:00,107.68
Montenegro,MNE,2024-01-18 19:00:00,2024-01-18 20:00:00,98.11
Montenegro,MNE,2024-01-18 20:00:00,2024-01-18 21:00:00,90.88
Montenegro,MNE,2024-01-18 21:00:00,2024-01-18 22:00:00,83.69
Montenegro,MNE,2024-01-18 22:00:00,2024-01-18 23:00:00,74.1
Montenegro,MNE,2024-01-18 23:00:00,2024-01-19 00:00:00,70.62
Montenegro,MNE,2024-01-19 00:00:00,2024-01-19 01:00:00,67.62
Montenegro,MNE,2024-01-19 01:00:00,2024-01-19 02:00:00,63.53
Montenegro,MNE,2024-01-19 02:00:00,2024-01-19 03:00:00,62.69
Montenegro,MNE,2024-01-19 03:00:00,2024-01-19 04:00:00,62.86
Montenegro,MNE,2024-01-19 04:00:00,2024-01-19 05:00:00,68.49
Montenegro,MNE,2024-01-19 05:00:00,2024-01-19 06:00:00,82.68
Montenegro,MNE,2024-01-19 06:00:00,2024-01-19 07:00:00,95.26
Montenegro,MNE,2024-01-19 07:00:00,2024-01-19 08:00:00,102.51
Montenegro,MNE,2024-01-19 08:00:00,2024-01-19 09:00:00,97.8
Montenegro,MNE,2024-01-19 09:00:00,2024-01-19 10:00:00,90.66
Montenegro,MNE,2024-01-19 10:00:00,2024-01-19 11:00:00,84.0
Montenegro,MNE,2024-01-19 11:00:00,2024-01-19 12:00:00,82.4
Montenegro,MNE,2024-01-19 12:00:00,2024-01-19 13:00:00,76.9
Montenegro,MNE,2024-01-19 13:00:00,2024-01-19 14:00:00,83.6
Montenegro,MNE,2024-01-19 14:00:00,2024-01-19 15:00:00,90.33
Montenegro,MNE,2024-01-19 15:00:00,2024-01-19 16:00:00,97.8
Montenegro,MNE,2024-01-19 16:00:00,2024-01-19 17:00:00,104.66
Montenegro,MNE,2024-01-19 17:00:00,2024-01-19 18:00:00,104.43
Montenegro,MNE,2024-01-19 18:00:00,2024-01-19 19:00:00,103.35
Montenegro,MNE,2024-01-19 19:00:00,2024-01-19 20:00:00,91.2
Montenegro,MNE,2024-01-19 20:00:00,2024-01-19 21:00:00,76.91
Montenegro,MNE,2024-01-19 21:00:00,2024-01-19 22:00:00,76.3
Montenegro,MNE,2024-01-19 22:00:00,2024-01-19 23:00:00,69.84
Montenegro,MNE,2024-01-19 23:00:00,2024-01-20 00:00:00,90.39
Montenegro,MNE,2024-01-20 00:00:00,2024-01-20 01:00:00,86.23
Montenegro,MNE,2024-01-20 01:00:00,2024-01-20 02:00:00,62.75
Montenegro,MNE,2024-01-20 02:00:00,2024-01-20 03:00:00,61.3
Montenegro,MNE,2024-01-20 03:00:00,2024-01-20 04:00:00,59.12
Montenegro,MNE,2024-01-20 04:00:00,2024-01-20 05:00:00,55.97
Montenegro,MNE,2024-01-20 05:00:00,2024-01-20 06:00:00,62.72
Montenegro,MNE,2024-01-20 06:00:00,2024-01-20 07:00:00,69.92
Montenegro,MNE,2024-01-20 07:00:00,2024-01-20 08:00:00,76.69
Montenegro,MNE,2024-01-20 08:00:00,2024-01-20 09:00:00,90.47
Montenegro,MNE,2024-01-20 09:00:00,2024-01-20 10:00:00,92.48
Montenegro,MNE,2024-01-20 10:00:00,2024-01-20 11:00:00,83.64
Montenegro,MNE,2024-01-20 11:00:00,2024-01-20 12:00:00,83.5
Montenegro,MNE,2024-01-20 12:00:00,2024-01-20 13:00:00,82.73
Montenegro,MNE,2024-01-20 13:00:00,2024-01-20 14:00:00,85.73
Montenegro,MNE,2024-01-20 14:00:00,2024-01-20 15:00:00,90.79
Montenegro,MNE,2024-01-20 15:00:00,2024-01-20 16:00:00,90.8
Montenegro,MNE,2024-01-20 16:00:00,2024-01-20 17:00:00,97.39
Montenegro,MNE,2024-01-20 17:00:00,2024-01-20 18:00:00,97.97
Montenegro,MNE,2024-01-20 18:00:00,2024-01-20 19:00:00,90.9
Montenegro,MNE,2024-01-20 19:00:00,2024-01-20 20:00:00,89.97
Montenegro,MNE,2024-01-20 20:00:00,2024-01-20 21:00:00,88.8
Montenegro,MNE,2024-01-20 21:00:00,2024-01-20 22:00:00,87.27
Montenegro,MNE,2024-01-20 22:00:00,2024-01-20 23:00:00,83.57
Montenegro,MNE,2024-01-20 23:00:00,2024-01-21 00:00:00,62.32
Montenegro,MNE,2024-01-21 00:00:00,2024-01-21 01:00:00,57.36
Montenegro,MNE,2024-01-21 01:00:00,2024-01-21 02:00:00,50.6
Montenegro,MNE,2024-01-21 02:00:00,2024-01-21 03:00:00,45.16
Montenegro,MNE,2024-01-21 03:00:00,2024-01-21 04:00:00,41.59
Montenegro,MNE,2024-01-21 04:00:00,2024-01-21 05:00:00,45.06
Montenegro,MNE,2024-01-21 05:00:00,2024-01-21 06:00:00,45.11
Montenegro,MNE,2024-01-21 06:00:00,2024-01-21 07:00:00,51.36
Montenegro,MNE,2024-01-21 07:00:00,2024-01-21 08:00:00,51.78
Montenegro,MNE,2024-01-21 08:00:00,2024-01-21 09:00:00,51.52
Montenegro,MNE,2024-01-21 09:00:00,2024-01-21 10:00:00,47.88
Montenegro,MNE,2024-01-21 10:00:00,2024-01-21 11:00:00,48.34
Montenegro,MNE,2024-01-21 11:00:00,2024-01-21 12:00:00,44.12
Montenegro,MNE,2024-01-21 12:00:00,2024-01-21 13:00:00,39.76
Montenegro,MNE,2024-01-21 13:00:00,2024-01-21 14:00:00,42.16
Montenegro,MNE,2024-01-21 14:00:00,2024-01-21 15:00:00,51.84
Montenegro,MNE,2024-01-21 15:00:00,2024-01-21 16:00:00,79.62
Montenegro,MNE,2024-01-21 16:00:00,2024-01-21 17:00:00,79.69
Montenegro,MNE,2024-01-21 17:00:00,2024-01-21 18:00:00,79.69
Montenegro,MNE,2024-01-21 18:00:00,2024-01-21 19:00:00,75.44
Montenegro,MNE,2024-01-21 19:00:00,2024-01-21 20:00:00,75.12
Montenegro,MNE,2024-01-21 20:00:00,2024-01-21 21:00:00,58.72
Montenegro,MNE,2024-01-21 21:00:00,2024-01-21 22:00:00,54.12
Montenegro,MNE,2024-01-21 22:00:00,2024-01-21 23:00:00,40.72
Montenegro,MNE,2024-01-21 23:00:00,2024-01-22 00:00:00,38.97
Montenegro,MNE,2024-01-22 00:00:00,2024-01-22 01:00:00,27.73
Montenegro,MNE,2024-01-22 01:00:00,2024-01-22 02:00:00,22.72
Montenegro,MNE,2024-01-22 02:00:00,2024-01-22 03:00:00,21.42
Montenegro,MNE,2024-01-22 03:00:00,2024-01-22 04:00:00,22.87
Montenegro,MNE,2024-01-22 04:00:00,2024-01-22 05:00:00,63.09
Montenegro,MNE,2024-01-22 05:00:00,2024-01-22 06:00:00,89.94
Montenegro,MNE,2024-01-22 06:00:00,2024-01-22 07:00:00,103.42
Montenegro,MNE,2024-01-22 07:00:00,2024-01-22 08:00:00,97.71
Montenegro,MNE,2024-01-22 08:00:00,2024-01-22 09:00:00,89.03
Montenegro,MNE,2024-01-22 09:00:00,2024-01-22 10:00:00,69.87
Montenegro,MNE,2024-01-22 10:00:00,2024-01-22 11:00:00,67.03
Montenegro,MNE,2024-01-22 11:00:00,2024-01-22 12:00:00,62.77
Montenegro,MNE,2024-01-22 12:00:00,2024-01-22 13:00:00,62.77
Montenegro,MNE,2024-01-22 13:00:00,2024-01-22 14:00:00,76.57
Montenegro,MNE,2024-01-22 14:00:00,2024-01-22 15:00:00,89.91
Montenegro,MNE,2024-01-22 15:00:00,2024-01-22 16:00:00,106.03
Montenegro,MNE,2024-01-22 16:00:00,2024-01-22 17:00:00,121.83
Montenegro,MNE,2024-01-22 17:00:00,2024-01-22 18:00:00,121.65
Montenegro,MNE,2024-01-22 18:00:00,2024-01-22 19:00:00,116.45
Montenegro,MNE,2024-01-22 19:00:00,2024-01-22 20:00:00,107.43
Montenegro,MNE,2024-01-22 20:00:00,2024-01-22 21:00:00,86.93
Montenegro,MNE,2024-01-22 21:00:00,2024-01-22 22:00:00,76.07
Montenegro,MNE,2024-01-22 22:00:00,2024-01-22 23:00:00,71.39
Montenegro,MNE,2024-01-22 23:00:00,2024-01-23 00:00:00,82.14
Montenegro,MNE,2024-01-23 00:00:00,2024-01-23 01:00:00,75.44
Montenegro,MNE,2024-01-23 01:00:00,2024-01-23 02:00:00,71.75
Montenegro,MNE,2024-01-23 02:00:00,2024-01-23 03:00:00,70.69
Montenegro,MNE,2024-01-23 03:00:00,2024-01-23 04:00:00,75.76
Montenegro,MNE,2024-01-23 04:00:00,2024-01-23 05:00:00,93.11
Montenegro,MNE,2024-01-23 05:00:00,2024-01-23 06:00:00,108.39
Montenegro,MNE,2024-01-23 06:00:00,2024-01-23 07:00:00,115.32
Montenegro,MNE,2024-01-23 07:00:00,2024-01-23 08:00:00,123.34
Montenegro,MNE,2024-01-23 08:00:00,2024-01-23 09:00:00,117.49
Montenegro,MNE,2024-01-23 09:00:00,2024-01-23 10:00:00,88.0
Montenegro,MNE,2024-01-23 10:00:00,2024-01-23 11:00:00,88.05
Montenegro,MNE,2024-01-23 11:00:00,2024-01-23 12:00:00,84.75
Montenegro,MNE,2024-01-23 12:00:00,2024-01-23 13:00:00,84.46
Montenegro,MNE,2024-01-23 13:00:00,2024-01-23 14:00:00,89.46
Montenegro,MNE,2024-01-23 14:00:00,2024-01-23 15:00:00,103.48
Montenegro,MNE,2024-01-23 15:00:00,2024-01-23 16:00:00,111.43
Montenegro,MNE,2024-01-23 16:00:00,2024-01-23 17:00:00,121.13
Montenegro,MNE,2024-01-23 17:00:00,2024-01-23 18:00:00,110.41
Montenegro,MNE,2024-01-23 18:00:00,2024-01-23 19:00:00,104.47
Montenegro,MNE,2024-01-23 19:00:00,2024-01-23 20:00:00,93.5
Montenegro,MNE,2024-01-23 20:00:00,2024-01-23 21:00:00,97.75
Montenegro,MNE,2024-01-23 21:00:00,2024-01-23 22:00:00,89.78
Montenegro,MNE,2024-01-23 22:00:00,2024-01-23 23:00:00,85.06
Montenegro,MNE,2024-01-23 23:00:00,2024-01-24 00:00:00,70.04
Montenegro,MNE,2024-01-24 00:00:00,2024-01-24 01:00:00,59.3
Montenegro,MNE,2024-01-24 01:00:00,2024-01-24 02:00:00,55.32
Montenegro,MNE,2024-01-24 02:00:00,2024-01-24 03:00:00,55.05
Montenegro,MNE,2024-01-24 03:00:00,2024-01-24 04:00:00,59.74
Montenegro,MNE,2024-01-24 04:00:00,2024-01-24 05:00:00,75.17
Montenegro,MNE,2024-01-24 05:00:00,2024-01-24 06:00:00,91.4
Montenegro,MNE,2024-01-24 06:00:00,2024-01-24 07:00:00,103.94
Montenegro,MNE,2024-01-24 07:00:00,2024-01-24 08:00:00,112.19
Montenegro,MNE,2024-01-24 08:00:00,2024-01-24 09:00:00,99.09
Montenegro,MNE,2024-01-24 09:00:00,2024-01-24 10:00:00,91.98
Montenegro,MNE,2024-01-24 10:00:00,2024-01-24 11:00:00,90.87
Montenegro,MNE,2024-01-24 11:00:00,2024-01-24 12:00:00,79.98
Montenegro,MNE,2024-01-24 12:00:00,2024-01-24 13:00:00,83.84
Montenegro,MNE,2024-01-24 13:00:00,2024-01-24 14:00:00,91.13
Montenegro,MNE,2024-01-24 14:00:00,2024-01-24 15:00:00,101.51
Montenegro,MNE,2024-01-24 15:00:00,2024-01-24 16:00:00,107.62
Montenegro,MNE,2024-01-24 16:00:00,2024-01-24 17:00:00,115.86
Montenegro,MNE,2024-01-24 17:00:00,2024-01-24 18:00:00,115.2
Montenegro,MNE,2024-01-24 18:00:00,2024-01-24 19:00:00,112.5
Montenegro,MNE,2024-01-24 19:00:00,2024-01-24 20:00:00,106.84
Montenegro,MNE,2024-01-24 20:00:00,2024-01-24 21:00:00,91.98
Montenegro,MNE,2024-01-24 21:00:00,2024-01-24 22:00:00,91.09
Montenegro,MNE,2024-01-24 22:00:00,2024-01-24 23:00:00,80.64
Montenegro,MNE,2024-01-24 23:00:00,2024-01-25 00:00:00,76.7
Montenegro,MNE,2024-01-25 00:00:00,2024-01-25 01:00:00,69.99
Montenegro,MNE,2024-01-25 01:00:00,2024-01-25 02:00:00,69.18
Montenegro,MNE,2024-01-25 02:00:00,2024-01-25 03:00:00,68.83
Montenegro,MNE,2024-01-25 03:00:00,2024-01-25 04:00:00,69.05
Montenegro,MNE,2024-01-25 04:00:00,2024-01-25 05:00:00,76.3
Montenegro,MNE,2024-01-25 05:00:00,2024-01-25 06:00:00,88.25
Montenegro,MNE,2024-01-25 06:00:00,2024-01-25 07:00:00,111.73
Montenegro,MNE,2024-01-25 07:00:00,2024-01-25 08:00:00,118.12
Montenegro,MNE,2024-01-25 08:00:00,2024-01-25 09:00:00,90.92
Montenegro,MNE,2024-01-25 09:00:00,2024-01-25 10:00:00,85.6
Montenegro,MNE,2024-01-25 10:00:00,2024-01-25 11:00:00,80.87
Montenegro,MNE,2024-01-25 11:00:00,2024-01-25 12:00:00,76.88
Montenegro,MNE,2024-01-25 12:00:00,2024-01-25 13:00:00,77.34
Montenegro,MNE,2024-01-25 13:00:00,2024-01-25 14:00:00,83.17
Montenegro,MNE,2024-01-25 14:00:00,2024-01-25 15:00:00,90.82
Montenegro,MNE,2024-01-25 15:00:00,2024-01-25 16:00:00,111.13
Montenegro,MNE,2024-01-25 16:00:00,2024-01-25 17:00:00,118.87
Montenegro,MNE,2024-01-25 17:00:00,2024-01-25 18:00:00,118.62
Montenegro,MNE,2024-01-25 18:00:00,2024-01-25 19:00:00,114.18
Montenegro,MNE,2024-01-25 19:00:00,2024-01-25 20:00:00,97.67
Montenegro,MNE,2024-01-25 20:00:00,2024-01-25 21:00:00,91.68
Montenegro,MNE,2024-01-25 21:00:00,2024-01-25 22:00:00,83.52
Montenegro,MNE,2024-01-25 22:00:00,2024-01-25 23:00:00,76.49
Montenegro,MNE,2024-01-25 23:00:00,2024-01-26 00:00:00,69.75
Montenegro,MNE,2024-01-26 00:00:00,2024-01-26 01:00:00,64.9
Montenegro,MNE,2024-01-26 01:00:00,2024-01-26 02:00:00,62.96
Montenegro,MNE,2024-01-26 02:00:00,2024-01-26 03:00:00,59.68
Montenegro,MNE,2024-01-26 03:00:00,2024-01-26 04:00:00,64.75
Montenegro,MNE,2024-01-26 04:00:00,2024-01-26 05:00:00,76.41
Montenegro,MNE,2024-01-26 05:00:00,2024-01-26 06:00:00,90.36
Montenegro,MNE,2024-01-26 06:00:00,2024-01-26 07:00:00,108.87
Montenegro,MNE,2024-01-26 07:00:00,2024-01-26 08:00:00,111.98
Montenegro,MNE,2024-01-26 08:00:00,2024-01-26 09:00:00,91.0
Montenegro,MNE,2024-01-26 09:00:00,2024-01-26 10:00:00,79.96
Montenegro,MNE,2024-01-26 10:00:00,2024-01-26 11:00:00,73.35
Montenegro,MNE,2024-01-26 11:00:00,2024-01-26 12:00:00,73.52
Montenegro,MNE,2024-01-26 12:00:00,2024-01-26 13:00:00,74.92
Montenegro,MNE,2024-01-26 13:00:00,2024-01-26 14:00:00,76.47
Montenegro,MNE,2024-01-26 14:00:00,2024-01-26 15:00:00,87.31
Montenegro,MNE,2024-01-26 15:00:00,2024-01-26 16:00:00,102.76
Montenegro,MNE,2024-01-26 16:00:00,2024-01-26 17:00:00,118.56
Montenegro,MNE,2024-01-26 17:00:00,2024-01-26 18:00:00,118.0
Montenegro,MNE,2024-01-26 18:00:00,2024-01-26 19:00:00,104.56
Montenegro,MNE,2024-01-26 19:00:00,2024-01-26 20:00:00,87.64
Montenegro,MNE,2024-01-26 20:00:00,2024-01-26 21:00:00,86.25
Montenegro,MNE,2024-01-26 21:00:00,2024-01-26 22:00:00,72.37
Montenegro,MNE,2024-01-26 22:00:00,2024-01-26 23:00:00,62.85
Montenegro,MNE,2024-01-26 23:00:00,2024-01-27 00:00:00,95.08
Montenegro,MNE,2024-01-27 00:00:00,2024-01-27 01:00:00,79.5
Montenegro,MNE,2024-01-27 01:00:00,2024-01-27 02:00:00,75.81
Montenegro,MNE,2024-01-27 02:00:00,2024-01-27 03:00:00,63.08
Montenegro,MNE,2024-01-27 03:00:00,2024-01-27 04:00:00,67.02
Montenegro,MNE,2024-01-27 04:00:00,2024-01-27 05:00:00,65.06
Montenegro,MNE,2024-01-27 05:00:00,2024-01-27 06:00:00,70.05
Montenegro,MNE,2024-01-27 06:00:00,2024-01-27 07:00:00,75.01
Montenegro,MNE,2024-01-27 07:00:00,2024-01-27 08:00:00,79.93
Montenegro,MNE,2024-01-27 08:00:00,2024-01-27 09:00:00,80.06
Montenegro,MNE,2024-01-27 09:00:00,2024-01-27 10:00:00,95.92
Montenegro,MNE,2024-01-27 10:00:00,2024-01-27 11:00:00,91.26
Montenegro,MNE,2024-01-27 11:00:00,2024-01-27 12:00:00,83.26
Montenegro,MNE,2024-01-27 12:00:00,2024-01-27 13:00:00,79.23
Montenegro,MNE,2024-01-27 13:00:00,2024-01-27 14:00:00,79.93
Montenegro,MNE,2024-01-27 14:00:00,2024-01-27 15:00:00,89.77
Montenegro,MNE,2024-01-27 15:00:00,2024-01-27 16:00:00,93.07
Montenegro,MNE,2024-01-27 16:00:00,2024-01-27 17:00:00,107.35
Montenegro,MNE,2024-01-27 17:00:00,2024-01-27 18:00:00,115.37
Montenegro,MNE,2024-01-27 18:00:00,2024-01-27 19:00:00,108.62
Montenegro,MNE,2024-01-27 19:00:00,2024-01-27 20:00:00,89.99
Montenegro,MNE,2024-01-27 20:00:00,2024-01-27 21:00:00,82.08
Montenegro,MNE,2024-01-27 21:00:00,2024-01-27 22:00:00,87.75
Montenegro,MNE,2024-01-27 22:00:00,2024-01-27 23:00:00,85.85
Montenegro,MNE,2024-01-27 23:00:00,2024-01-28 00:00:00,75.45
Montenegro,MNE,2024-01-28 00:00:00,2024-01-28 01:00:00,69.39
Montenegro,MNE,2024-01-28 01:00:00,2024-01-28 02:00:00,63.97
Montenegro,MNE,2024-01-28 02:00:00,2024-01-28 03:00:00,63.55
Montenegro,MNE,2024-01-28 03:00:00,2024-01-28 04:00:00,59.98
Montenegro,MNE,2024-01-28 04:00:00,2024-01-28 05:00:00,59.78
Montenegro,MNE,2024-01-28 05:00:00,2024-01-28 06:00:00,61.5
Montenegro,MNE,2024-01-28 06:00:00,2024-01-28 07:00:00,65.26
Montenegro,MNE,2024-01-28 07:00:00,2024-01-28 08:00:00,68.06
Montenegro,MNE,2024-01-28 08:00:00,2024-01-28 09:00:00,65.07
Montenegro,MNE,2024-01-28 09:00:00,2024-01-28 10:00:00,57.96
Montenegro,MNE,2024-01-28 10:00:00,2024-01-28 11:00:00,51.96
Montenegro,MNE,2024-01-28 11:00:00,2024-01-28 12:00:00,46.5
Montenegro,MNE,2024-01-28 12:00:00,2024-01-28 13:00:00,44.2
Montenegro,MNE,2024-01-28 13:00:00,2024-01-28 14:00:00,48.57
Montenegro,MNE,2024-01-28 14:00:00,2024-01-28 15:00:00,63.7
Montenegro,MNE,2024-01-28 15:00:00,2024-01-28 16:00:00,79.35
Montenegro,MNE,2024-01-28 16:00:00,2024-01-28 17:00:00,87.34
Montenegro,MNE,2024-01-28 17:00:00,2024-01-28 18:00:00,89.41
Montenegro,MNE,2024-01-28 18:00:00,2024-01-28 19:00:00,90.08
Montenegro,MNE,2024-01-28 19:00:00,2024-01-28 20:00:00,85.18
Montenegro,MNE,2024-01-28 20:00:00,2024-01-28 21:00:00,67.32
Montenegro,MNE,2024-01-28 21:00:00,2024-01-28 22:00:00,65.62
Montenegro,MNE,2024-01-28 22:00:00,2024-01-28 23:00:00,62.06
Montenegro,MNE,2024-01-28 23:00:00,2024-01-29 00:00:00,57.76
Montenegro,MNE,2024-01-29 00:00:00,2024-01-29 01:00:00,55.45
Montenegro,MNE,2024-01-29 01:00:00,2024-01-29 02:00:00,51.56
Montenegro,MNE,2024-01-29 02:00:00,2024-01-29 03:00:00,54.35
Montenegro,MNE,2024-01-29 03:00:00,2024-01-29 04:00:00,58.62
Montenegro,MNE,2024-01-29 04:00:00,2024-01-29 05:00:00,79.76
Montenegro,MNE,2024-01-29 05:00:00,2024-01-29 06:00:00,85.68
Montenegro,MNE,2024-01-29 06:00:00,2024-01-29 07:00:00,93.05
Montenegro,MNE,2024-01-29 07:00:00,2024-01-29 08:00:00,103.11
Montenegro,MNE,2024-01-29 08:00:00,2024-01-29 09:00:00,87.89
Montenegro,MNE,2024-01-29 09:00:00,2024-01-29 10:00:00,79.98
Montenegro,MNE,2024-01-29 10:00:00,2024-01-29 11:00:00,77.1
Montenegro,MNE,2024-01-29 11:00:00,2024-01-29 12:00:00,74.1
Montenegro,MNE,2024-01-29 12:00:00,2024-01-29 13:00:00,75.92
Montenegro,MNE,2024-01-29 13:00:00,2024-01-29 14:00:00,79.92
Montenegro,MNE,2024-01-29 14:00:00,2024-01-29 15:00:00,91.26
Montenegro,MNE,2024-01-29 15:00:00,2024-01-29 16:00:00,102.02
Montenegro,MNE,2024-01-29 16:00:00,2024-01-29 17:00:00,111.32
Montenegro,MNE,2024-01-29 17:00:00,2024-01-29 18:00:00,107.78
Montenegro,MNE,2024-01-29 18:00:00,2024-01-29 19:00:00,101.21
Montenegro,MNE,2024-01-29 19:00:00,2024-01-29 20:00:00,94.05
Montenegro,MNE,2024-01-29 20:00:00,2024-01-29 21:00:00,85.33
Montenegro,MNE,2024-01-29 21:00:00,2024-01-29 22:00:00,81.44
Montenegro,MNE,2024-01-29 22:00:00,2024-01-29 23:00:00,75.12
Montenegro,MNE,2024-01-29 23:00:00,2024-01-30 00:00:00,68.61
Montenegro,MNE,2024-01-30 00:00:00,2024-01-30 01:00:00,67.74
Montenegro,MNE,2024-01-30 01:00:00,2024-01-30 02:00:00,63.91
Montenegro,MNE,2024-01-30 02:00:00,2024-01-30 03:00:00,63.41
Montenegro,MNE,2024-01-30 03:00:00,2024-01-30 04:00:00,63.92
Montenegro,MNE,2024-01-30 04:00:00,2024-01-30 05:00:00,75.95
Montenegro,MNE,2024-01-30 05:00:00,2024-01-30 06:00:00,86.05
Montenegro,MNE,2024-01-30 06:00:00,2024-01-30 07:00:00,103.28
Montenegro,MNE,2024-01-30 07:00:00,2024-01-30 08:00:00,107.78
Montenegro,MNE,2024-01-30 08:00:00,2024-01-30 09:00:00,91.97
Montenegro,MNE,2024-01-30 09:00:00,2024-01-30 10:00:00,80.53
Montenegro,MNE,2024-01-30 10:00:00,2024-01-30 11:00:00,79.35
Montenegro,MNE,2024-01-30 11:00:00,2024-01-30 12:00:00,75.27
Montenegro,MNE,2024-01-30 12:00:00,2024-01-30 13:00:00,79.13
Montenegro,MNE,2024-01-30 13:00:00,2024-01-30 14:00:00,79.95
Montenegro,MNE,2024-01-30 14:00:00,2024-01-30 15:00:00,90.1
Montenegro,MNE,2024-01-30 15:00:00,2024-01-30 16:00:00,99.38
Montenegro,MNE,2024-01-30 16:00:00,2024-01-30 17:00:00,119.09
Montenegro,MNE,2024-01-30 17:00:00,2024-01-30 18:00:00,115.3
Montenegro,MNE,2024-01-30 18:00:00,2024-01-30 19:00:00,103.95
Montenegro,MNE,2024-01-30 19:00:00,2024-01-30 20:00:00,99.7
Montenegro,MNE,2024-01-30 20:00:00,2024-01-30 21:00:00,86.08
Montenegro,MNE,2024-01-30 21:00:00,2024-01-30 22:00:00,83.27
Montenegro,MNE,2024-01-30 22:00:00,2024-01-30 23:00:00,73.26
Montenegro,MNE,2024-01-30 23:00:00,2024-01-31 00:00:00,67.91
Montenegro,MNE,2024-01-31 00:00:00,2024-01-31 01:00:00,65.08
Montenegro,MNE,2024-01-31 01:00:00,2024-01-31 02:00:00,67.12
Montenegro,MNE,2024-01-31 02:00:00,2024-01-31 03:00:00,65.05
Montenegro,MNE,2024-01-31 03:00:00,2024-01-31 04:00:00,71.23
Montenegro,MNE,2024-01-31 04:00:00,2024-01-31 05:00:00,78.18
Montenegro,MNE,2024-01-31 05:00:00,2024-01-31 06:00:00,92.03
Montenegro,MNE,2024-01-31 06:00:00,2024-01-31 07:00:00,107.24
Montenegro,MNE,2024-01-31 07:00:00,2024-01-31 08:00:00,117.54
Montenegro,MNE,2024-01-31 08:00:00,2024-01-31 09:00:00,98.28
Montenegro,MNE,2024-01-31 09:00:00,2024-01-31 10:00:00,79.96
Montenegro,MNE,2024-01-31 10:00:00,2024-01-31 11:00:00,77.53
Montenegro,MNE,2024-01-31 11:00:00,2024-01-31 12:00:00,71.81
Montenegro,MNE,2024-01-31 12:00:00,2024-01-31 13:00:00,75.42
Montenegro,MNE,2024-01-31 13:00:00,2024-01-31 14:00:00,79.97
Montenegro,MNE,2024-01-31 14:00:00,2024-01-31 15:00:00,91.47
Montenegro,MNE,2024-01-31 15:00:00,2024-01-31 16:00:00,103.56
Montenegro,MNE,2024-01-31 16:00:00,2024-01-31 17:00:00,115.79
Montenegro,MNE,2024-01-31 17:00:00,2024-01-31 18:00:00,119.57
Montenegro,MNE,2024-01-31 18:00:00,2024-01-31 19:00:00,119.77
Montenegro,MNE,2024-01-31 19:00:00,2024-01-31 20:00:00,107.98
Montenegro,MNE,2024-01-31 20:00:00,2024-01-31 21:00:00,95.75
Montenegro,MNE,2024-01-31 21:00:00,2024-01-31 22:00:00,92.65
Montenegro,MNE,2024-01-31 22:00:00,2024-01-31 23:00:00,87.75
Montenegro,MNE,2024-01-31 23:00:00,2024-02-01 00:00:00,87.94
Montenegro,MNE,2024-02-01 00:00:00,2024-02-01 01:00:00,85.96
Montenegro,MNE,2024-02-01 01:00:00,2024-02-01 02:00:00,79.94
Montenegro,MNE,2024-02-01 02:00:00,2024-02-01 03:00:00,79.86
Montenegro,MNE,2024-02-01 03:00:00,2024-02-01 04:00:00,83.94
Montenegro,MNE,2024-02-01 04:00:00,2024-02-01 05:00:00,95.9
Montenegro,MNE,2024-02-01 05:00:00,2024-02-01 06:00:00,98.25
Montenegro,MNE,2024-02-01 06:00:00,2024-02-01 07:00:00,112.62
Montenegro,MNE,2024-02-01 07:00:00,2024-02-01 08:00:00,119.21
Montenegro,MNE,2024-02-01 08:00:00,2024-02-01 09:00:00,95.87
Montenegro,MNE,2024-02-01 09:00:00,2024-02-01 10:00:00,82.08
Montenegro,MNE,2024-02-01 10:00:00,2024-02-01 11:00:00,76.39
Montenegro,MNE,2024-02-01 11:00:00,2024-02-01 12:00:00,75.15
Montenegro,MNE,2024-02-01 12:00:00,2024-02-01 13:00:00,71.63
Montenegro,MNE,2024-02-01 13:00:00,2024-02-01 14:00:00,79.98
Montenegro,MNE,2024-02-01 14:00:00,2024-02-01 15:00:00,96.96
Montenegro,MNE,2024-02-01 15:00:00,2024-02-01 16:00:00,107.55
Montenegro,MNE,2024-02-01 16:00:00,2024-02-01 17:00:00,123.51
Montenegro,MNE,2024-02-01 17:00:00,2024-02-01 18:00:00,123.36
Montenegro,MNE,2024-02-01 18:00:00,2024-02-01 19:00:00,123.1
Montenegro,MNE,2024-02-01 19:00:00,2024-02-01 20:00:00,111.05
Montenegro,MNE,2024-02-01 20:00:00,2024-02-01 21:00:00,97.45
Montenegro,MNE,2024-02-01 21:00:00,2024-02-01 22:00:00,87.83
Montenegro,MNE,2024-02-01 22:00:00,2024-02-01 23:00:00,96.64
Montenegro,MNE,2024-02-01 23:00:00,2024-02-02 00:00:00,95.53
Montenegro,MNE,2024-02-02 00:00:00,2024-02-02 01:00:00,88.64
Montenegro,MNE,2024-02-02 01:00:00,2024-02-02 02:00:00,87.94
Montenegro,MNE,2024-02-02 02:00:00,2024-02-02 03:00:00,79.38
Montenegro,MNE,2024-02-02 03:00:00,2024-02-02 04:00:00,83.16
Montenegro,MNE,2024-02-02 04:00:00,2024-02-02 05:00:00,88.64
Montenegro,MNE,2024-02-02 05:00:00,2024-02-02 06:00:00,97.54
Montenegro,MNE,2024-02-02 06:00:00,2024-02-02 07:00:00,99.79
Montenegro,MNE,2024-02-02 07:00:00,2024-02-02 08:00:00,98.02
Montenegro,MNE,2024-02-02 08:00:00,2024-02-02 09:00:00,90.07
Montenegro,MNE,2024-02-02 09:00:00,2024-02-02 10:00:00,83.08
Montenegro,MNE,2024-02-02 10:00:00,2024-02-02 11:00:00,79.62
Montenegro,MNE,2024-02-02 11:00:00,2024-02-02 12:00:00,75.45
Montenegro,MNE,2024-02-02 12:00:00,2024-02-02 13:00:00,75.64
Montenegro,MNE,2024-02-02 13:00:00,2024-02-02 14:00:00,82.33
Montenegro,MNE,2024-02-02 14:00:00,2024-02-02 15:00:00,87.59
Montenegro,MNE,2024-02-02 15:00:00,2024-02-02 16:00:00,94.59
Montenegro,MNE,2024-02-02 16:00:00,2024-02-02 17:00:00,107.3
Montenegro,MNE,2024-02-02 17:00:00,2024-02-02 18:00:00,111.28
Montenegro,MNE,2024-02-02 18:00:00,2024-02-02 19:00:00,107.18
Montenegro,MNE,2024-02-02 19:00:00,2024-02-02 20:00:00,97.28
Montenegro,MNE,2024-02-02 20:00:00,2024-02-02 21:00:00,91.94
Montenegro,MNE,2024-02-02 21:00:00,2024-02-02 22:00:00,87.11
Montenegro,MNE,2024-02-02 22:00:00,2024-02-02 23:00:00,83.21
Montenegro,MNE,2024-02-02 23:00:00,2024-02-03 00:00:00,87.75
Montenegro,MNE,2024-02-03 00:00:00,2024-02-03 01:00:00,75.11
Montenegro,MNE,2024-02-03 01:00:00,2024-02-03 02:00:00,67.87
Montenegro,MNE,2024-02-03 02:00:00,2024-02-03 03:00:00,67.11
Montenegro,MNE,2024-02-03 03:00:00,2024-02-03 04:00:00,67.31
Montenegro,MNE,2024-02-03 04:00:00,2024-02-03 05:00:00,75.8
Montenegro,MNE,2024-02-03 05:00:00,2024-02-03 06:00:00,87.76
Montenegro,MNE,2024-02-03 06:00:00,2024-02-03 07:00:00,85.06
Montenegro,MNE,2024-02-03 07:00:00,2024-02-03 08:00:00,89.9
Montenegro,MNE,2024-02-03 08:00:00,2024-02-03 09:00:00,89.93
Montenegro,MNE,2024-02-03 09:00:00,2024-02-03 10:00:00,70.05
Montenegro,MNE,2024-02-03 10:00:00,2024-02-03 11:00:00,67.01
Montenegro,MNE,2024-02-03 11:00:00,2024-02-03 12:00:00,63.42
Montenegro,MNE,2024-02-03 12:00:00,2024-02-03 13:00:00,66.04
Montenegro,MNE,2024-02-03 13:00:00,2024-02-03 14:00:00,79.66
Montenegro,MNE,2024-02-03 14:00:00,2024-02-03 15:00:00,79.87
Montenegro,MNE,2024-02-03 15:00:00,2024-02-03 16:00:00,89.93
Montenegro,MNE,2024-02-03 16:00:00,2024-02-03 17:00:00,99.14
Montenegro,MNE,2024-02-03 17:00:00,2024-02-03 18:00:00,107.27
Montenegro,MNE,2024-02-03 18:00:00,2024-02-03 19:00:00,99.17
Montenegro,MNE,2024-02-03 19:00:00,2024-02-03 20:00:00,95.44
Montenegro,MNE,2024-02-03 20:00:00,2024-02-03 21:00:00,102.94
Montenegro,MNE,2024-02-03 21:00:00,2024-02-03 22:00:00,94.06
Montenegro,MNE,2024-02-03 22:00:00,2024-02-03 23:00:00,91.61
Montenegro,MNE,2024-02-03 23:00:00,2024-02-04 00:00:00,95.16
Montenegro,MNE,2024-02-04 00:00:00,2024-02-04 01:00:00,32.38
Montenegro,MNE,2024-02-04 01:00:00,2024-02-04 02:00:00,25.09
Montenegro,MNE,2024-02-04 02:00:00,2024-02-04 03:00:00,18.06
Montenegro,MNE,2024-02-04 03:00:00,2024-02-04 04:00:00,23.36
Montenegro,MNE,2024-02-04 04:00:00,2024-02-04 05:00:00,22.36
Montenegro,MNE,2024-02-04 05:00:00,2024-02-04 06:00:00,31.81
Montenegro,MNE,2024-02-04 06:00:00,2024-02-04 07:00:00,75.01
Montenegro,MNE,2024-02-04 07:00:00,2024-02-04 08:00:00,51.94
Montenegro,MNE,2024-02-04 08:00:00,2024-02-04 09:00:00,75.04
Montenegro,MNE,2024-02-04 09:00:00,2024-02-04 10:00:00,43.43
Montenegro,MNE,2024-02-04 10:00:00,2024-02-04 11:00:00,29.96
Montenegro,MNE,2024-02-04 11:00:00,2024-02-04 12:00:00,25.09
Montenegro,MNE,2024-02-04 12:00:00,2024-02-04 13:00:00,23.43
Montenegro,MNE,2024-02-04 13:00:00,2024-02-04 14:00:00,35.09
Montenegro,MNE,2024-02-04 14:00:00,2024-02-04 15:00:00,67.19
Montenegro,MNE,2024-02-04 15:00:00,2024-02-04 16:00:00,87.89
Montenegro,MNE,2024-02-04 16:00:00,2024-02-04 17:00:00,89.9
Montenegro,MNE,2024-02-04 17:00:00,2024-02-04 18:00:00,89.93
Montenegro,MNE,2024-02-04 18:00:00,2024-02-04 19:00:00,90.0
Montenegro,MNE,2024-02-04 19:00:00,2024-02-04 20:00:00,90.16
Montenegro,MNE,2024-02-04 20:00:00,2024-02-04 21:00:00,89.96
Montenegro,MNE,2024-02-04 21:00:00,2024-02-04 22:00:00,90.0
Montenegro,MNE,2024-02-04 22:00:00,2024-02-04 23:00:00,85.09
Montenegro,MNE,2024-02-04 23:00:00,2024-02-05 00:00:00,76.9
Montenegro,MNE,2024-02-05 00:00:00,2024-02-05 01:00:00,27.92
Montenegro,MNE,2024-02-05 01:00:00,2024-02-05 02:00:00,29.24
Montenegro,MNE,2024-02-05 02:00:00,2024-02-05 03:00:00,25.04
Montenegro,MNE,2024-02-05 03:00:00,2024-02-05 04:00:00,31.84
Montenegro,MNE,2024-02-05 04:00:00,2024-02-05 05:00:00,53.77
Montenegro,MNE,2024-02-05 05:00:00,2024-02-05 06:00:00,76.13
Montenegro,MNE,2024-02-05 06:00:00,2024-02-05 07:00:00,82.74
Montenegro,MNE,2024-02-05 07:00:00,2024-02-05 08:00:00,80.68
Montenegro,MNE,2024-02-05 08:00:00,2024-02-05 09:00:00,76.94
Montenegro,MNE,2024-02-05 09:00:00,2024-02-05 10:00:00,64.99
Montenegro,MNE,2024-02-05 10:00:00,2024-02-05 11:00:00,54.96
Montenegro,MNE,2024-02-05 11:00:00,2024-02-05 12:00:00,49.91
Montenegro,MNE,2024-02-05 12:00:00,2024-02-05 13:00:00,48.21
Montenegro,MNE,2024-02-05 13:00:00,2024-02-05 14:00:00,49.99
Montenegro,MNE,2024-02-05 14:00:00,2024-02-05 15:00:00,66.1
Montenegro,MNE,2024-02-05 15:00:00,2024-02-05 16:00:00,83.73
Montenegro,MNE,2024-02-05 16:00:00,2024-02-05 17:00:00,94.94
Montenegro,MNE,2024-02-05 17:00:00,2024-02-05 18:00:00,90.99
Montenegro,MNE,2024-02-05 18:00:00,2024-02-05 19:00:00,90.96
Montenegro,MNE,2024-02-05 19:00:00,2024-02-05 20:00:00,94.29
Montenegro,MNE,2024-02-05 20:00:00,2024-02-05 21:00:00,89.95
Montenegro,MNE,2024-02-05 21:00:00,2024-02-05 22:00:00,69.82
Montenegro,MNE,2024-02-05 22:00:00,2024-02-05 23:00:00,62.81
Montenegro,MNE,2024-02-05 23:00:00,2024-02-06 00:00:00,91.12
Montenegro,MNE,2024-02-06 00:00:00,2024-02-06 01:00:00,86.43
Montenegro,MNE,2024-02-06 01:00:00,2024-02-06 02:00:00,83.31
Montenegro,MNE,2024-02-06 02:00:00,2024-02-06 03:00:00,83.19
Montenegro,MNE,2024-02-06 03:00:00,2024-02-06 04:00:00,83.29
Montenegro,MNE,2024-02-06 04:00:00,2024-02-06 05:00:00,87.8
Montenegro,MNE,2024-02-06 05:00:00,2024-02-06 06:00:00,95.11
Montenegro,MNE,2024-02-06 06:00:00,2024-02-06 07:00:00,103.81
Montenegro,MNE,2024-02-06 07:00:00,2024-02-06 08:00:00,89.98
Montenegro,MNE,2024-02-06 08:00:00,2024-02-06 09:00:00,69.58
Montenegro,MNE,2024-02-06 09:00:00,2024-02-06 10:00:00,63.93
Montenegro,MNE,2024-02-06 10:00:00,2024-02-06 11:00:00,54.18
Montenegro,MNE,2024-02-06 11:00:00,2024-02-06 12:00:00,45.05
Montenegro,MNE,2024-02-06 12:00:00,2024-02-06 13:00:00,45.05
Montenegro,MNE,2024-02-06 13:00:00,2024-02-06 14:00:00,55.19
Montenegro,MNE,2024-02-06 14:00:00,2024-02-06 15:00:00,71.81
Montenegro,MNE,2024-02-06 15:00:00,2024-02-06 16:00:00,89.94
Montenegro,MNE,2024-02-06 16:00:00,2024-02-06 17:00:00,97.84
Montenegro,MNE,2024-02-06 17:00:00,2024-02-06 18:00:00,99.76
Montenegro,MNE,2024-02-06 18:00:00,2024-02-06 19:00:00,95.3
Montenegro,MNE,2024-02-06 19:00:00,2024-02-06 20:00:00,89.94
Montenegro,MNE,2024-02-06 20:00:00,2024-02-06 21:00:00,89.98
Montenegro,MNE,2024-02-06 21:00:00,2024-02-06 22:00:00,91.33
Montenegro,MNE,2024-02-06 22:00:00,2024-02-06 23:00:00,87.59
Montenegro,MNE,2024-02-06 23:00:00,2024-02-07 00:00:00,50.06
Montenegro,MNE,2024-02-07 00:00:00,2024-02-07 01:00:00,50.06
Montenegro,MNE,2024-02-07 01:00:00,2024-02-07 02:00:00,47.97
Montenegro,MNE,2024-02-07 02:00:00,2024-02-07 03:00:00,45.07
Montenegro,MNE,2024-02-07 03:00:00,2024-02-07 04:00:00,47.86
Montenegro,MNE,2024-02-07 04:00:00,2024-02-07 05:00:00,60.04
Montenegro,MNE,2024-02-07 05:00:00,2024-02-07 06:00:00,83.5
Montenegro,MNE,2024-02-07 06:00:00,2024-02-07 07:00:00,95.08
Montenegro,MNE,2024-02-07 07:00:00,2024-02-07 08:00:00,95.76
Montenegro,MNE,2024-02-07 08:00:00,2024-02-07 09:00:00,94.63
Montenegro,MNE,2024-02-07 09:00:00,2024-02-07 10:00:00,83.75
Montenegro,MNE,2024-02-07 10:00:00,2024-02-07 11:00:00,79.07
Montenegro,MNE,2024-02-07 11:00:00,2024-02-07 12:00:00,75.52
Montenegro,MNE,2024-02-07 12:00:00,2024-02-07 13:00:00,77.32
Montenegro,MNE,2024-02-07 13:00:00,2024-02-07 14:00:00,85.07
Montenegro,MNE,2024-02-07 14:00:00,2024-02-07 15:00:00,91.03
Montenegro,MNE,2024-02-07 15:00:00,2024-02-07 16:00:00,97.87
Montenegro,MNE,2024-02-07 16:00:00,2024-02-07 17:00:00,108.28
Montenegro,MNE,2024-02-07 17:00:00,2024-02-07 18:00:00,110.05
Montenegro,MNE,2024-02-07 18:00:00,2024-02-07 19:00:00,104.19
Montenegro,MNE,2024-02-07 19:00:00,2024-02-07 20:00:00,98.27
Montenegro,MNE,2024-02-07 20:00:00,2024-02-07 21:00:00,89.95
Montenegro,MNE,2024-02-07 21:00:00,2024-02-07 22:00:00,88.1
Montenegro,MNE,2024-02-07 22:00:00,2024-02-07 23:00:00,87.73
Montenegro,MNE,2024-02-07 23:00:00,2024-02-08 00:00:00,85.02
Montenegro,MNE,2024-02-08 00:00:00,2024-02-08 01:00:00,80.02
Montenegro,MNE,2024-02-08 01:00:00,2024-02-08 02:00:00,75.7
Montenegro,MNE,2024-02-08 02:00:00,2024-02-08 03:00:00,75.11
Montenegro,MNE,2024-02-08 03:00:00,2024-02-08 04:00:00,80.02
Montenegro,MNE,2024-02-08 04:00:00,2024-02-08 05:00:00,84.31
Montenegro,MNE,2024-02-08 05:00:00,2024-02-08 06:00:00,90.59
Montenegro,MNE,2024-02-08 06:00:00,2024-02-08 07:00:00,107.5
Montenegro,MNE,2024-02-08 07:00:00,2024-02-08 08:00:00,109.06
Montenegro,MNE,2024-02-08 08:00:00,2024-02-08 09:00:00,97.69
Montenegro,MNE,2024-02-08 09:00:00,2024-02-08 10:00:00,89.95
Montenegro,MNE,2024-02-08 10:00:00,2024-02-08 11:00:00,85.06
Montenegro,MNE,2024-02-08 11:00:00,2024-02-08 12:00:00,84.47
Montenegro,MNE,2024-02-08 12:00:00,2024-02-08 13:00:00,83.66
Montenegro,MNE,2024-02-08 13:00:00,2024-02-08 14:00:00,87.64
Montenegro,MNE,2024-02-08 14:00:00,2024-02-08 15:00:00,89.97
Montenegro,MNE,2024-02-08 15:00:00,2024-02-08 16:00:00,97.16
Montenegro,MNE,2024-02-08 16:00:00,2024-02-08 17:00:00,107.32
Montenegro,MNE,2024-02-08 17:00:00,2024-02-08 18:00:00,107.86
Montenegro,MNE,2024-02-08 18:00:00,2024-02-08 19:00:00,101.25
Montenegro,MNE,2024-02-08 19:00:00,2024-02-08 20:00:00,89.96
Montenegro,MNE,2024-02-08 20:00:00,2024-02-08 21:00:00,87.7
Montenegro,MNE,2024-02-08 21:00:00,2024-02-08 22:00:00,83.96
Montenegro,MNE,2024-02-08 22:00:00,2024-02-08 23:00:00,83.5
Montenegro,MNE,2024-02-08 23:00:00,2024-02-09 00:00:00,75.56
Montenegro,MNE,2024-02-09 00:00:00,2024-02-09 01:00:00,71.99
Montenegro,MNE,2024-02-09 01:00:00,2024-02-09 02:00:00,70.31
Montenegro,MNE,2024-02-09 02:00:00,2024-02-09 03:00:00,59.83
Montenegro,MNE,2024-02-09 03:00:00,2024-02-09 04:00:00,63.11
Montenegro,MNE,2024-02-09 04:00:00,2024-02-09 05:00:00,71.75
Montenegro,MNE,2024-02-09 05:00:00,2024-02-09 06:00:00,83.71
Montenegro,MNE,2024-02-09 06:00:00,2024-02-09 07:00:00,89.92
Montenegro,MNE,2024-02-09 07:00:00,2024-02-09 08:00:00,89.94
Montenegro,MNE,2024-02-09 08:00:00,2024-02-09 09:00:00,83.69
Montenegro,MNE,2024-02-09 09:00:00,2024-02-09 10:00:00,75.89
Montenegro,MNE,2024-02-09 10:00:00,2024-02-09 11:00:00,71.24
Montenegro,MNE,2024-02-09 11:00:00,2024-02-09 12:00:00,66.58
Montenegro,MNE,2024-02-09 12:00:00,2024-02-09 13:00:00,66.48
Montenegro,MNE,2024-02-09 13:00:00,2024-02-09 14:00:00,71.64
Montenegro,MNE,2024-02-09 14:00:00,2024-02-09 15:00:00,80.24
Montenegro,MNE,2024-02-09 15:00:00,2024-02-09 16:00:00,87.83
Montenegro,MNE,2024-02-09 16:00:00,2024-02-09 17:00:00,92.54
Montenegro,MNE,2024-02-09 17:00:00,2024-02-09 18:00:00,91.98
Montenegro,MNE,2024-02-09 18:00:00,2024-02-09 19:00:00,90.0
Montenegro,MNE,2024-02-09 19:00:00,2024-02-09 20:00:00,89.93
Montenegro,MNE,2024-02-09 20:00:00,2024-02-09 21:00:00,83.03
Montenegro,MNE,2024-02-09 21:00:00,2024-02-09 22:00:00,79.25
Montenegro,MNE,2024-02-09 22:00:00,2024-02-09 23:00:00,76.74
Montenegro,MNE,2024-02-09 23:00:00,2024-02-10 00:00:00,71.53
Montenegro,MNE,2024-02-10 00:00:00,2024-02-10 01:00:00,59.65
Montenegro,MNE,2024-02-10 01:00:00,2024-02-10 02:00:00,57.79
Montenegro,MNE,2024-02-10 02:00:00,2024-02-10 03:00:00,57.57
Montenegro,MNE,2024-02-10 03:00:00,2024-02-10 04:00:00,59.21
Montenegro,MNE,2024-02-10 04:00:00,2024-02-10 05:00:00,59.62
Montenegro,MNE,2024-02-10 05:00:00,2024-02-10 06:00:00,65.44
Montenegro,MNE,2024-02-10 06:00:00,2024-02-10 07:00:00,74.14
Montenegro,MNE,2024-02-10 07:00:00,2024-02-10 08:00:00,74.24
Montenegro,MNE,2024-02-10 08:00:00,2024-02-10 09:00:00,73.6
Montenegro,MNE,2024-02-10 09:00:00,2024-02-10 10:00:00,76.73
Montenegro,MNE,2024-02-10 10:00:00,2024-02-10 11:00:00,65.31
Montenegro,MNE,2024-02-10 11:00:00,2024-02-10 12:00:00,61.75
Montenegro,MNE,2024-02-10 12:00:00,2024-02-10 13:00:00,63.55
Montenegro,MNE,2024-02-10 13:00:00,2024-02-10 14:00:00,71.11
Montenegro,MNE,2024-02-10 14:00:00,2024-02-10 15:00:00,74.42
Montenegro,MNE,2024-02-10 15:00:00,2024-02-10 16:00:00,77.48
Montenegro,MNE,2024-02-10 16:00:00,2024-02-10 17:00:00,87.45
Montenegro,MNE,2024-02-10 17:00:00,2024-02-10 18:00:00,89.76
Montenegro,MNE,2024-02-10 18:00:00,2024-02-10 19:00:00,81.72
Montenegro,MNE,2024-02-10 19:00:00,2024-02-10 20:00:00,74.34
Montenegro,MNE,2024-02-10 20:00:00,2024-02-10 21:00:00,67.84
Montenegro,MNE,2024-02-10 21:00:00,2024-02-10 22:00:00,63.49
Montenegro,MNE,2024-02-10 22:00:00,2024-02-10 23:00:00,60.8
Montenegro,MNE,2024-02-10 23:00:00,2024-02-11 00:00:00,55.62
Montenegro,MNE,2024-02-11 00:00:00,2024-02-11 01:00:00,46.33
Montenegro,MNE,2024-02-11 01:00:00,2024-02-11 02:00:00,45.48
Montenegro,MNE,2024-02-11 02:00:00,2024-02-11 03:00:00,39.74
Montenegro,MNE,2024-02-11 03:00:00,2024-02-11 04:00:00,37.77
Montenegro,MNE,2024-02-11 04:00:00,2024-02-11 05:00:00,38.62
Montenegro,MNE,2024-02-11 05:00:00,2024-02-11 06:00:00,40.04
Montenegro,MNE,2024-02-11 06:00:00,2024-02-11 07:00:00,50.97
Montenegro,MNE,2024-02-11 07:00:00,2024-02-11 08:00:00,55.12
Montenegro,MNE,2024-02-11 08:00:00,2024-02-11 09:00:00,53.38
Montenegro,MNE,2024-02-11 09:00:00,2024-02-11 10:00:00,55.11
Montenegro,MNE,2024-02-11 10:00:00,2024-02-11 11:00:00,53.88
Montenegro,MNE,2024-02-11 11:00:00,2024-02-11 12:00:00,52.44
Montenegro,MNE,2024-02-11 12:00:00,2024-02-11 13:00:00,48.56
Montenegro,MNE,2024-02-11 13:00:00,2024-02-11 14:00:00,47.74
Montenegro,MNE,2024-02-11 14:00:00,2024-02-11 15:00:00,55.16
Montenegro,MNE,2024-02-11 15:00:00,2024-02-11 16:00:00,62.84
Montenegro,MNE,2024-02-11 16:00:00,2024-02-11 17:00:00,69.43
Montenegro,MNE,2024-02-11 17:00:00,2024-02-11 18:00:00,79.9
Montenegro,MNE,2024-02-11 18:00:00,2024-02-11 19:00:00,76.45
Montenegro,MNE,2024-02-11 19:00:00,2024-02-11 20:00:00,72.68
Montenegro,MNE,2024-02-11 20:00:00,2024-02-11 21:00:00,65.81
Montenegro,MNE,2024-02-11 21:00:00,2024-02-11 22:00:00,65.01
Montenegro,MNE,2024-02-11 22:00:00,2024-02-11 23:00:00,58.9
Montenegro,MNE,2024-02-11 23:00:00,2024-02-12 00:00:00,49.96
Montenegro,MNE,2024-02-12 00:00:00,2024-02-12 01:00:00,48.22
Montenegro,MNE,2024-02-12 01:00:00,2024-02-12 02:00:00,40.29
Montenegro,MNE,2024-02-12 02:00:00,2024-02-12 03:00:00,43.36
Montenegro,MNE,2024-02-12 03:00:00,2024-02-12 04:00:00,41.24
Montenegro,MNE,2024-02-12 04:00:00,2024-02-12 05:00:00,51.64
Montenegro,MNE,2024-02-12 05:00:00,2024-02-12 06:00:00,67.93
Montenegro,MNE,2024-02-12 06:00:00,2024-02-12 07:00:00,79.93
Montenegro,MNE,2024-02-12 07:00:00,2024-02-12 08:00:00,79.98
Montenegro,MNE,2024-02-12 08:00:00,2024-02-12 09:00:00,77.9
Montenegro,MNE,2024-02-12 09:00:00,2024-02-12 10:00:00,71.31
Montenegro,MNE,2024-02-12 10:00:00,2024-02-12 11:00:00,66.57
Montenegro,MNE,2024-02-12 11:00:00,2024-02-12 12:00:00,61.81
Montenegro,MNE,2024-02-12 12:00:00,2024-02-12 13:00:00,61.51
Montenegro,MNE,2024-02-12 13:00:00,2024-02-12 14:00:00,65.56
Montenegro,MNE,2024-02-12 14:00:00,2024-02-12 15:00:00,70.92
Montenegro,MNE,2024-02-12 15:00:00,2024-02-12 16:00:00,79.84
Montenegro,MNE,2024-02-12 16:00:00,2024-02-12 17:00:00,88.02
Montenegro,MNE,2024-02-12 17:00:00,2024-02-12 18:00:00,95.02
Montenegro,MNE,2024-02-12 18:00:00,2024-02-12 19:00:00,91.94
Montenegro,MNE,2024-02-12 19:00:00,2024-02-12 20:00:00,79.99
Montenegro,MNE,2024-02-12 20:00:00,2024-02-12 21:00:00,79.92
Montenegro,MNE,2024-02-12 21:00:00,2024-02-12 22:00:00,72.3
Montenegro,MNE,2024-02-12 22:00:00,2024-02-12 23:00:00,66.41
Montenegro,MNE,2024-02-12 23:00:00,2024-02-13 00:00:00,67.6
Montenegro,MNE,2024-02-13 00:00:00,2024-02-13 01:00:00,63.38
Montenegro,MNE,2024-02-13 01:00:00,2024-02-13 02:00:00,59.89
Montenegro,MNE,2024-02-13 02:00:00,2024-02-13 03:00:00,59.41
Montenegro,MNE,2024-02-13 03:00:00,2024-02-13 04:00:00,59.21
Montenegro,MNE,2024-02-13 04:00:00,2024-02-13 05:00:00,62.65
Montenegro,MNE,2024-02-13 05:00:00,2024-02-13 06:00:00,71.32
Montenegro,MNE,2024-02-13 06:00:00,2024-02-13 07:00:00,85.03
Montenegro,MNE,2024-02-13 07:00:00,2024-02-13 08:00:00,91.56
Montenegro,MNE,2024-02-13 08:00:00,2024-02-13 09:00:00,85.68
Montenegro,MNE,2024-02-13 09:00:00,2024-02-13 10:00:00,75.45
Montenegro,MNE,2024-02-13 10:00:00,2024-02-13 11:00:00,69.96
Montenegro,MNE,2024-02-13 11:00:00,2024-02-13 12:00:00,63.5
Montenegro,MNE,2024-02-13 12:00:00,2024-02-13 13:00:00,63.56
Montenegro,MNE,2024-02-13 13:00:00,2024-02-13 14:00:00,62.07
Montenegro,MNE,2024-02-13 14:00:00,2024-02-13 15:00:00,68.44
Montenegro,MNE,2024-02-13 15:00:00,2024-02-13 16:00:00,77.09
Montenegro,MNE,2024-02-13 16:00:00,2024-02-13 17:00:00,90.32
Montenegro,MNE,2024-02-13 17:00:00,2024-02-13 18:00:00,98.1
Montenegro,MNE,2024-02-13 18:00:00,2024-02-13 19:00:00,95.01
Montenegro,MNE,2024-02-13 19:00:00,2024-02-13 20:00:00,80.89
Montenegro,MNE,2024-02-13 20:00:00,2024-02-13 21:00:00,71.04
Montenegro,MNE,2024-02-13 21:00:00,2024-02-13 22:00:00,67.7
Montenegro,MNE,2024-02-13 22:00:00,2024-02-13 23:00:00,63.83
Montenegro,MNE,2024-02-13 23:00:00,2024-02-14 00:00:00,63.12
Montenegro,MNE,2024-02-14 00:00:00,2024-02-14 01:00:00,61.05
Montenegro,MNE,2024-02-14 01:00:00,2024-02-14 02:00:00,59.03
Montenegro,MNE,2024-02-14 02:00:00,2024-02-14 03:00:00,55.49
Montenegro,MNE,2024-02-14 03:00:00,2024-02-14 04:00:00,55.38
Montenegro,MNE,2024-02-14 04:00:00,2024-02-14 05:00:00,59.43
Montenegro,MNE,2024-02-14 05:00:00,2024-02-14 06:00:00,66.98
Montenegro,MNE,2024-02-14 06:00:00,2024-02-14 07:00:00,76.84
Montenegro,MNE,2024-02-14 07:00:00,2024-02-14 08:00:00,79.7
Montenegro,MNE,2024-02-14 08:00:00,2024-02-14 09:00:00,70.23
Montenegro,MNE,2024-02-14 09:00:00,2024-02-14 10:00:00,65.08
Montenegro,MNE,2024-02-14 10:00:00,2024-02-14 11:00:00,59.65
Montenegro,MNE,2024-02-14 11:00:00,2024-02-14 12:00:00,55.39
Montenegro,MNE,2024-02-14 12:00:00,2024-02-14 13:00:00,55.26
Montenegro,MNE,2024-02-14 13:00:00,2024-02-14 14:00:00,59.79
Montenegro,MNE,2024-02-14 14:00:00,2024-02-14 15:00:00,63.15
Montenegro,MNE,2024-02-14 15:00:00,2024-02-14 16:00:00,67.64
Montenegro,MNE,2024-02-14 16:00:00,2024-02-14 17:00:00,83.02
Montenegro,MNE,2024-02-14 17:00:00,2024-02-14 18:00:00,87.89
Montenegro,MNE,2024-02-14 18:00:00,2024-02-14 19:00:00,84.84
Montenegro,MNE,2024-02-14 19:00:00,2024-02-14 20:00:00,78.01
Montenegro,MNE,2024-02-14 20:00:00,2024-02-14 21:00:00,71.35
Montenegro,MNE,2024-02-14 21:00:00,2024-02-14 22:00:00,67.18
Montenegro,MNE,2024-02-14 22:00:00,2024-02-14 23:00:00,59.83
Montenegro,MNE,2024-02-14 23:00:00,2024-02-15 00:00:00,56.6
Montenegro,MNE,2024-02-15 00:00:00,2024-02-15 01:00:00,55.48
Montenegro,MNE,2024-02-15 01:00:00,2024-02-15 02:00:00,54.98
Montenegro,MNE,2024-02-15 02:00:00,2024-02-15 03:00:00,52.49
Montenegro,MNE,2024-02-15 03:00:00,2024-02-15 04:00:00,54.75
Montenegro,MNE,2024-02-15 04:00:00,2024-02-15 05:00:00,66.33
Montenegro,MNE,2024-02-15 05:00:00,2024-02-15 06:00:00,74.5
Montenegro,MNE,2024-02-15 06:00:00,2024-02-15 07:00:00,84.54
Montenegro,MNE,2024-02-15 07:00:00,2024-02-15 08:00:00,82.66
Montenegro,MNE,2024-02-15 08:00:00,2024-02-15 09:00:00,66.99
Montenegro,MNE,2024-02-15 09:00:00,2024-02-15 10:00:00,63.01
Montenegro,MNE,2024-02-15 10:00:00,2024-02-15 11:00:00,47.57
Montenegro,MNE,2024-02-15 11:00:00,2024-02-15 12:00:00,39.65
Montenegro,MNE,2024-02-15 12:00:00,2024-02-15 13:00:00,47.22
Montenegro,MNE,2024-02-15 13:00:00,2024-02-15 14:00:00,63.65
Montenegro,MNE,2024-02-15 14:00:00,2024-02-15 15:00:00,69.66
Montenegro,MNE,2024-02-15 15:00:00,2024-02-15 16:00:00,84.47
Montenegro,MNE,2024-02-15 16:00:00,2024-02-15 17:00:00,92.57
Montenegro,MNE,2024-02-15 17:00:00,2024-02-15 18:00:00,97.58
Montenegro,MNE,2024-02-15 18:00:00,2024-02-15 19:00:00,91.87
Montenegro,MNE,2024-02-15 19:00:00,2024-02-15 20:00:00,80.22
Montenegro,MNE,2024-02-15 20:00:00,2024-02-15 21:00:00,70.01
Montenegro,MNE,2024-02-15 21:00:00,2024-02-15 22:00:00,66.17
Montenegro,MNE,2024-02-15 22:00:00,2024-02-15 23:00:00,60.9
Montenegro,MNE,2024-02-15 23:00:00,2024-02-16 00:00:00,52.58
Montenegro,MNE,2024-02-16 00:00:00,2024-02-16 01:00:00,50.93
Montenegro,MNE,2024-02-16 01:00:00,2024-02-16 02:00:00,50.15
Montenegro,MNE,2024-02-16 02:00:00,2024-02-16 03:00:00,47.78
Montenegro,MNE,2024-02-16 03:00:00,2024-02-16 04:00:00,47.28
Montenegro,MNE,2024-02-16 04:00:00,2024-02-16 05:00:00,52.22
Montenegro,MNE,2024-02-16 05:00:00,2024-02-16 06:00:00,65.77
Montenegro,MNE,2024-02-16 06:00:00,2024-02-16 07:00:00,73.97
Montenegro,MNE,2024-02-16 07:00:00,2024-02-16 08:00:00,71.14
Montenegro,MNE,2024-02-16 08:00:00,2024-02-16 09:00:00,63.14
Montenegro,MNE,2024-02-16 09:00:00,2024-02-16 10:00:00,53.58
Montenegro,MNE,2024-02-16 10:00:00,2024-02-16 11:00:00,53.43
Montenegro,MNE,2024-02-16 11:00:00,2024-02-16 12:00:00,55.41
Montenegro,MNE,2024-02-16 12:00:00,2024-02-16 13:00:00,55.1
Montenegro,MNE,2024-02-16 13:00:00,2024-02-16 14:00:00,59.01
Montenegro,MNE,2024-02-16 14:00:00,2024-02-16 15:00:00,64.65
Montenegro,MNE,2024-02-16 15:00:00,2024-02-16 16:00:00,71.01
Montenegro,MNE,2024-02-16 16:00:00,2024-02-16 17:00:00,86.88
Montenegro,MNE,2024-02-16 17:00:00,2024-02-16 18:00:00,92.33
Montenegro,MNE,2024-02-16 18:00:00,2024-02-16 19:00:00,88.17
Montenegro,MNE,2024-02-16 19:00:00,2024-02-16 20:00:00,87.42
Montenegro,MNE,2024-02-16 20:00:00,2024-02-16 21:00:00,75.41
Montenegro,MNE,2024-02-16 21:00:00,2024-02-16 22:00:00,66.95
Montenegro,MNE,2024-02-16 22:00:00,2024-02-16 23:00:00,63.98
Montenegro,MNE,2024-02-16 23:00:00,2024-02-17 00:00:00,65.82
Montenegro,MNE,2024-02-17 00:00:00,2024-02-17 01:00:00,62.44
Montenegro,MNE,2024-02-17 01:00:00,2024-02-17 02:00:00,57.95
Montenegro,MNE,2024-02-17 02:00:00,2024-02-17 03:00:00,57.14
Montenegro,MNE,2024-02-17 03:00:00,2024-02-17 04:00:00,55.1
Montenegro,MNE,2024-02-17 04:00:00,2024-02-17 05:00:00,60.81
Montenegro,MNE,2024-02-17 05:00:00,2024-02-17 06:00:00,72.04
Montenegro,MNE,2024-02-17 06:00:00,2024-02-17 07:00:00,69.93
Montenegro,MNE,2024-02-17 07:00:00,2024-02-17 08:00:00,69.94
Montenegro,MNE,2024-02-17 08:00:00,2024-02-17 09:00:00,68.06
Montenegro,MNE,2024-02-17 09:00:00,2024-02-17 10:00:00,62.06
Montenegro,MNE,2024-02-17 10:00:00,2024-02-17 11:00:00,59.02
Montenegro,MNE,2024-02-17 11:00:00,2024-02-17 12:00:00,56.57
Montenegro,MNE,2024-02-17 12:00:00,2024-02-17 13:00:00,56.45
Montenegro,MNE,2024-02-17 13:00:00,2024-02-17 14:00:00,57.99
Montenegro,MNE,2024-02-17 14:00:00,2024-02-17 15:00:00,66.57
Montenegro,MNE,2024-02-17 15:00:00,2024-02-17 16:00:00,73.97
Montenegro,MNE,2024-02-17 16:00:00,2024-02-17 17:00:00,84.84
Montenegro,MNE,2024-02-17 17:00:00,2024-02-17 18:00:00,86.44
Montenegro,MNE,2024-02-17 18:00:00,2024-02-17 19:00:00,88.63
Montenegro,MNE,2024-02-17 19:00:00,2024-02-17 20:00:00,82.53
Montenegro,MNE,2024-02-17 20:00:00,2024-02-17 21:00:00,76.14
Montenegro,MNE,2024-02-17 21:00:00,2024-02-17 22:00:00,72.09
Montenegro,MNE,2024-02-17 22:00:00,2024-02-17 23:00:00,70.22
Montenegro,MNE,2024-02-17 23:00:00,2024-02-18 00:00:00,65.87
Montenegro,MNE,2024-02-18 00:00:00,2024-02-18 01:00:00,61.13
Montenegro,MNE,2024-02-18 01:00:00,2024-02-18 02:00:00,57.85
Montenegro,MNE,2024-02-18 02:00:00,2024-02-18 03:00:00,51.04
Montenegro,MNE,2024-02-18 03:00:00,2024-02-18 04:00:00,49.13
Montenegro,MNE,2024-02-18 04:00:00,2024-02-18 05:00:00,49.85
Montenegro,MNE,2024-02-18 05:00:00,2024-02-18 06:00:00,53.63
Montenegro,MNE,2024-02-18 06:00:00,2024-02-18 07:00:00,53.93
Montenegro,MNE,2024-02-18 07:00:00,2024-02-18 08:00:00,52.87
Montenegro,MNE,2024-02-18 08:00:00,2024-02-18 09:00:00,48.77
Montenegro,MNE,2024-02-18 09:00:00,2024-02-18 10:00:00,46.17
Montenegro,MNE,2024-02-18 10:00:00,2024-02-18 11:00:00,42.97
Montenegro,MNE,2024-02-18 11:00:00,2024-02-18 12:00:00,41.47
Montenegro,MNE,2024-02-18 12:00:00,2024-02-18 13:00:00,41.37
Montenegro,MNE,2024-02-18 13:00:00,2024-02-18 14:00:00,47.4
Montenegro,MNE,2024-02-18 14:00:00,2024-02-18 15:00:00,55.96
Montenegro,MNE,2024-02-18 15:00:00,2024-02-18 16:00:00,67.4
Montenegro,MNE,2024-02-18 16:00:00,2024-02-18 17:00:00,77.99
Montenegro,MNE,2024-02-18 17:00:00,2024-02-18 18:00:00,87.19
Montenegro,MNE,2024-02-18 18:00:00,2024-02-18 19:00:00,81.08
Montenegro,MNE,2024-02-18 19:00:00,2024-02-18 20:00:00,73.59
Montenegro,MNE,2024-02-18 20:00:00,2024-02-18 21:00:00,73.81
Montenegro,MNE,2024-02-18 21:00:00,2024-02-18 22:00:00,71.28
Montenegro,MNE,2024-02-18 22:00:00,2024-02-18 23:00:00,59.22
Montenegro,MNE,2024-02-18 23:00:00,2024-02-19 00:00:00,71.14
Montenegro,MNE,2024-02-19 00:00:00,2024-02-19 01:00:00,55.85
Montenegro,MNE,2024-02-19 01:00:00,2024-02-19 02:00:00,51.9
Montenegro,MNE,2024-02-19 02:00:00,2024-02-19 03:00:00,53.1
Montenegro,MNE,2024-02-19 03:00:00,2024-02-19 04:00:00,58.6
Montenegro,MNE,2024-02-19 04:00:00,2024-02-19 05:00:00,61.9
Montenegro,MNE,2024-02-19 05:00:00,2024-02-19 06:00:00,69.93
Montenegro,MNE,2024-02-19 06:00:00,2024-02-19 07:00:00,70.22
Montenegro,MNE,2024-02-19 07:00:00,2024-02-19 08:00:00,72.24
Montenegro,MNE,2024-02-19 08:00:00,2024-02-19 09:00:00,69.93
Montenegro,MNE,2024-02-19 09:00:00,2024-02-19 10:00:00,63.44
Montenegro,MNE,2024-02-19 10:00:00,2024-02-19 11:00:00,59.88
Montenegro,MNE,2024-02-19 11:00:00,2024-02-19 12:00:00,55.98
Montenegro,MNE,2024-02-19 12:00:00,2024-02-19 13:00:00,59.79
Montenegro,MNE,2024-02-19 13:00:00,2024-02-19 14:00:00,63.61
Montenegro,MNE,2024-02-19 14:00:00,2024-02-19 15:00:00,69.92
Montenegro,MNE,2024-02-19 15:00:00,2024-02-19 16:00:00,72.12
Montenegro,MNE,2024-02-19 16:00:00,2024-02-19 17:00:00,81.64
Montenegro,MNE,2024-02-19 17:00:00,2024-02-19 18:00:00,91.22
Montenegro,MNE,2024-02-19 18:00:00,2024-02-19 19:00:00,79.61
Montenegro,MNE,2024-02-19 19:00:00,2024-02-19 20:00:00,73.43
Montenegro,MNE,2024-02-19 20:00:00,2024-02-19 21:00:00,69.95
Montenegro,MNE,2024-02-19 21:00:00,2024-02-19 22:00:00,69.95
Montenegro,MNE,2024-02-19 22:00:00,2024-02-19 23:00:00,67.58
Montenegro,MNE,2024-02-19 23:00:00,2024-02-20 00:00:00,67.23
Montenegro,MNE,2024-02-20 00:00:00,2024-02-20 01:00:00,59.73
Montenegro,MNE,2024-02-20 01:00:00,2024-02-20 02:00:00,59.09
Montenegro,MNE,2024-02-20 02:00:00,2024-02-20 03:00:00,56.13
Montenegro,MNE,2024-02-20 03:00:00,2024-02-20 04:00:00,59.99
Montenegro,MNE,2024-02-20 04:00:00,2024-02-20 05:00:00,80.02
Montenegro,MNE,2024-02-20 05:00:00,2024-02-20 06:00:00,77.0
Montenegro,MNE,2024-02-20 06:00:00,2024-02-20 07:00:00,87.61
Montenegro,MNE,2024-02-20 07:00:00,2024-02-20 08:00:00,87.41
Montenegro,MNE,2024-02-20 08:00:00,2024-02-20 09:00:00,79.17
Montenegro,MNE,2024-02-20 09:00:00,2024-02-20 10:00:00,75.44
Montenegro,MNE,2024-02-20 10:00:00,2024-02-20 11:00:00,71.98
Montenegro,MNE,2024-02-20 11:00:00,2024-02-20 12:00:00,67.96
Montenegro,MNE,2024-02-20 12:00:00,2024-02-20 13:00:00,74.43
Montenegro,MNE,2024-02-20 13:00:00,2024-02-20 14:00:00,79.87
Montenegro,MNE,2024-02-20 14:00:00,2024-02-20 15:00:00,71.72
Montenegro,MNE,2024-02-20 15:00:00,2024-02-20 16:00:00,83.42
Montenegro,MNE,2024-02-20 16:00:00,2024-02-20 17:00:00,91.49
Montenegro,MNE,2024-02-20 17:00:00,2024-02-20 18:00:00,96.39
Montenegro,MNE,2024-02-20 18:00:00,2024-02-20 19:00:00,91.49
Montenegro,MNE,2024-02-20 19:00:00,2024-02-20 20:00:00,83.97
Montenegro,MNE,2024-02-20 20:00:00,2024-02-20 21:00:00,75.06
Montenegro,MNE,2024-02-20 21:00:00,2024-02-20 22:00:00,70.67
Montenegro,MNE,2024-02-20 22:00:00,2024-02-20 23:00:00,75.94
Montenegro,MNE,2024-02-20 23:00:00,2024-02-21 00:00:00,73.06
Montenegro,MNE,2024-02-21 00:00:00,2024-02-21 01:00:00,63.96
Montenegro,MNE,2024-02-21 01:00:00,2024-02-21 02:00:00,59.19
Montenegro,MNE,2024-02-21 02:00:00,2024-02-21 03:00:00,47.92
Montenegro,MNE,2024-02-21 03:00:00,2024-02-21 04:00:00,51.77
Montenegro,MNE,2024-02-21 04:00:00,2024-02-21 05:00:00,67.38
Montenegro,MNE,2024-02-21 05:00:00,2024-02-21 06:00:00,70.0
Montenegro,MNE,2024-02-21 06:00:00,2024-02-21 07:00:00,82.18
Montenegro,MNE,2024-02-21 07:00:00,2024-02-21 08:00:00,83.67
Montenegro,MNE,2024-02-21 08:00:00,2024-02-21 09:00:00,72.14
Montenegro,MNE,2024-02-21 09:00:00,2024-02-21 10:00:00,67.2
Montenegro,MNE,2024-02-21 10:00:00,2024-02-21 11:00:00,61.84
Montenegro,MNE,2024-02-21 11:00:00,2024-02-21 12:00:00,60.92
Montenegro,MNE,2024-02-21 12:00:00,2024-02-21 13:00:00,66.62
Montenegro,MNE,2024-02-21 13:00:00,2024-02-21 14:00:00,67.65
Montenegro,MNE,2024-02-21 14:00:00,2024-02-21 15:00:00,71.08
Montenegro,MNE,2024-02-21 15:00:00,2024-02-21 16:00:00,78.43
Montenegro,MNE,2024-02-21 16:00:00,2024-02-21 17:00:00,91.28
Montenegro,MNE,2024-02-21 17:00:00,2024-02-21 18:00:00,95.7
Montenegro,MNE,2024-02-21 18:00:00,2024-02-21 19:00:00,91.7
Montenegro,MNE,2024-02-21 19:00:00,2024-02-21 20:00:00,79.11
Montenegro,MNE,2024-02-21 20:00:00,2024-02-21 21:00:00,70.0
Montenegro,MNE,2024-02-21 21:00:00,2024-02-21 22:00:00,69.93
Montenegro,MNE,2024-02-21 22:00:00,2024-02-21 23:00:00,69.91
Montenegro,MNE,2024-02-21 23:00:00,2024-02-22 00:00:00,79.58
Montenegro,MNE,2024-02-22 00:00:00,2024-02-22 01:00:00,77.55
Montenegro,MNE,2024-02-22 01:00:00,2024-02-22 02:00:00,75.17
Montenegro,MNE,2024-02-22 02:00:00,2024-02-22 03:00:00,67.85
Montenegro,MNE,2024-02-22 03:00:00,2024-02-22 04:00:00,75.1
Montenegro,MNE,2024-02-22 04:00:00,2024-02-22 05:00:00,80.65
Montenegro,MNE,2024-02-22 05:00:00,2024-02-22 06:00:00,71.58
Montenegro,MNE,2024-02-22 06:00:00,2024-02-22 07:00:00,77.26
Montenegro,MNE,2024-02-22 07:00:00,2024-02-22 08:00:00,74.03
Montenegro,MNE,2024-02-22 08:00:00,2024-02-22 09:00:00,69.93
Montenegro,MNE,2024-02-22 09:00:00,2024-02-22 10:00:00,64.84
Montenegro,MNE,2024-02-22 10:00:00,2024-02-22 11:00:00,59.47
Montenegro,MNE,2024-02-22 11:00:00,2024-02-22 12:00:00,57.61
Montenegro,MNE,2024-02-22 12:00:00,2024-02-22 13:00:00,59.17
Montenegro,MNE,2024-02-22 13:00:00,2024-02-22 14:00:00,63.42
Montenegro,MNE,2024-02-22 14:00:00,2024-02-22 15:00:00,69.93
Montenegro,MNE,2024-02-22 15:00:00,2024-02-22 16:00:00,79.07
Montenegro,MNE,2024-02-22 16:00:00,2024-02-22 17:00:00,83.69
Montenegro,MNE,2024-02-22 17:00:00,2024-02-22 18:00:00,83.52
Montenegro,MNE,2024-02-22 18:00:00,2024-02-22 19:00:00,74.99
Montenegro,MNE,2024-02-22 19:00:00,2024-02-22 20:00:00,69.93
Montenegro,MNE,2024-02-22 20:00:00,2024-02-22 21:00:00,69.97
Montenegro,MNE,2024-02-22 21:00:00,2024-02-22 22:00:00,69.92
Montenegro,MNE,2024-02-22 22:00:00,2024-02-22 23:00:00,63.22
Montenegro,MNE,2024-02-22 23:00:00,2024-02-23 00:00:00,27.54
Montenegro,MNE,2024-02-23 00:00:00,2024-02-23 01:00:00,23.45
Montenegro,MNE,2024-02-23 01:00:00,2024-02-23 02:00:00,19.07
Montenegro,MNE,2024-02-23 02:00:00,2024-02-23 03:00:00,16.11
Montenegro,MNE,2024-02-23 03:00:00,2024-02-23 04:00:00,19.86
Montenegro,MNE,2024-02-23 04:00:00,2024-02-23 05:00:00,39.85
Montenegro,MNE,2024-02-23 05:00:00,2024-02-23 06:00:00,63.13
Montenegro,MNE,2024-02-23 06:00:00,2024-02-23 07:00:00,67.97
Montenegro,MNE,2024-02-23 07:00:00,2024-02-23 08:00:00,67.55
Montenegro,MNE,2024-02-23 08:00:00,2024-02-23 09:00:00,59.54
Montenegro,MNE,2024-02-23 09:00:00,2024-02-23 10:00:00,51.04
Montenegro,MNE,2024-02-23 10:00:00,2024-02-23 11:00:00,47.53
Montenegro,MNE,2024-02-23 11:00:00,2024-02-23 12:00:00,43.67
Montenegro,MNE,2024-02-23 12:00:00,2024-02-23 13:00:00,45.38
Montenegro,MNE,2024-02-23 13:00:00,2024-02-23 14:00:00,48.14
Montenegro,MNE,2024-02-23 14:00:00,2024-02-23 15:00:00,59.17
Montenegro,MNE,2024-02-23 15:00:00,2024-02-23 16:00:00,67.92
Montenegro,MNE,2024-02-23 16:00:00,2024-02-23 17:00:00,75.64
Montenegro,MNE,2024-02-23 17:00:00,2024-02-23 18:00:00,79.98
Montenegro,MNE,2024-02-23 18:00:00,2024-02-23 19:00:00,79.91
Montenegro,MNE,2024-02-23 19:00:00,2024-02-23 20:00:00,74.99
Montenegro,MNE,2024-02-23 20:00:00,2024-02-23 21:00:00,67.96
Montenegro,MNE,2024-02-23 21:00:00,2024-02-23 22:00:00,67.67
Montenegro,MNE,2024-02-23 22:00:00,2024-02-23 23:00:00,60.53
Montenegro,MNE,2024-02-23 23:00:00,2024-02-24 00:00:00,62.89
Montenegro,MNE,2024-02-24 00:00:00,2024-02-24 01:00:00,57.04
Montenegro,MNE,2024-02-24 01:00:00,2024-02-24 02:00:00,54.31
Montenegro,MNE,2024-02-24 02:00:00,2024-02-24 03:00:00,51.14
Montenegro,MNE,2024-02-24 03:00:00,2024-02-24 04:00:00,51.23
Montenegro,MNE,2024-02-24 04:00:00,2024-02-24 05:00:00,53.47
Montenegro,MNE,2024-02-24 05:00:00,2024-02-24 06:00:00,62.81
Montenegro,MNE,2024-02-24 06:00:00,2024-02-24 07:00:00,64.99
Montenegro,MNE,2024-02-24 07:00:00,2024-02-24 08:00:00,64.14
Montenegro,MNE,2024-02-24 08:00:00,2024-02-24 09:00:00,58.98
Montenegro,MNE,2024-02-24 09:00:00,2024-02-24 10:00:00,46.76
Montenegro,MNE,2024-02-24 10:00:00,2024-02-24 11:00:00,41.0
Montenegro,MNE,2024-02-24 11:00:00,2024-02-24 12:00:00,35.88
Montenegro,MNE,2024-02-24 12:00:00,2024-02-24 13:00:00,37.53
Montenegro,MNE,2024-02-24 13:00:00,2024-02-24 14:00:00,40.78
Montenegro,MNE,2024-02-24 14:00:00,2024-02-24 15:00:00,51.89
Montenegro,MNE,2024-02-24 15:00:00,2024-02-24 16:00:00,64.05
Montenegro,MNE,2024-02-24 16:00:00,2024-02-24 17:00:00,72.91
Montenegro,MNE,2024-02-24 17:00:00,2024-02-24 18:00:00,78.66
Montenegro,MNE,2024-02-24 18:00:00,2024-02-24 19:00:00,76.26
Montenegro,MNE,2024-02-24 19:00:00,2024-02-24 20:00:00,69.99
Montenegro,MNE,2024-02-24 20:00:00,2024-02-24 21:00:00,64.94
Montenegro,MNE,2024-02-24 21:00:00,2024-02-24 22:00:00,61.93
Montenegro,MNE,2024-02-24 22:00:00,2024-02-24 23:00:00,58.03
Montenegro,MNE,2024-02-24 23:00:00,2024-02-25 00:00:00,51.06
Montenegro,MNE,2024-02-25 00:00:00,2024-02-25 01:00:00,45.67
Montenegro,MNE,2024-02-25 01:00:00,2024-02-25 02:00:00,43.66
Montenegro,MNE,2024-02-25 02:00:00,2024-02-25 03:00:00,42.57
Montenegro,MNE,2024-02-25 03:00:00,2024-02-25 04:00:00,43.07
Montenegro,MNE,2024-02-25 04:00:00,2024-02-25 05:00:00,44.51
Montenegro,MNE,2024-02-25 05:00:00,2024-02-25 06:00:00,48.29
Montenegro,MNE,2024-02-25 06:00:00,2024-02-25 07:00:00,52.85
Montenegro,MNE,2024-02-25 07:00:00,2024-02-25 08:00:00,50.98
Montenegro,MNE,2024-02-25 08:00:00,2024-02-25 09:00:00,47.1
Montenegro,MNE,2024-02-25 09:00:00,2024-02-25 10:00:00,43.68
Montenegro,MNE,2024-02-25 10:00:00,2024-02-25 11:00:00,39.98
Montenegro,MNE,2024-02-25 11:00:00,2024-02-25 12:00:00,39.06
Montenegro,MNE,2024-02-25 12:00:00,2024-02-25 13:00:00,35.57
Montenegro,MNE,2024-02-25 13:00:00,2024-02-25 14:00:00,40.44
Montenegro,MNE,2024-02-25 14:00:00,2024-02-25 15:00:00,47.03
Montenegro,MNE,2024-02-25 15:00:00,2024-02-25 16:00:00,60.79
Montenegro,MNE,2024-02-25 16:00:00,2024-02-25 17:00:00,71.79
Montenegro,MNE,2024-02-25 17:00:00,2024-02-25 18:00:00,78.1
Montenegro,MNE,2024-02-25 18:00:00,2024-02-25 19:00:00,75.73
Montenegro,MNE,2024-02-25 19:00:00,2024-02-25 20:00:00,72.57
Montenegro,MNE,2024-02-25 20:00:00,2024-02-25 21:00:00,66.5
Montenegro,MNE,2024-02-25 21:00:00,2024-02-25 22:00:00,60.17
Montenegro,MNE,2024-02-25 22:00:00,2024-02-25 23:00:00,55.58
Montenegro,MNE,2024-02-25 23:00:00,2024-02-26 00:00:00,52.23
Montenegro,MNE,2024-02-26 00:00:00,2024-02-26 01:00:00,47.35
Montenegro,MNE,2024-02-26 01:00:00,2024-02-26 02:00:00,44.42
Montenegro,MNE,2024-02-26 02:00:00,2024-02-26 03:00:00,43.92
Montenegro,MNE,2024-02-26 03:00:00,2024-02-26 04:00:00,45.23
Montenegro,MNE,2024-02-26 04:00:00,2024-02-26 05:00:00,52.33
Montenegro,MNE,2024-02-26 05:00:00,2024-02-26 06:00:00,67.3
Montenegro,MNE,2024-02-26 06:00:00,2024-02-26 07:00:00,77.69
Montenegro,MNE,2024-02-26 07:00:00,2024-02-26 08:00:00,78.3
Montenegro,MNE,2024-02-26 08:00:00,2024-02-26 09:00:00,69.33
Montenegro,MNE,2024-02-26 09:00:00,2024-02-26 10:00:00,65.51
Montenegro,MNE,2024-02-26 10:00:00,2024-02-26 11:00:00,64.91
Montenegro,MNE,2024-02-26 11:00:00,2024-02-26 12:00:00,61.59
Montenegro,MNE,2024-02-26 12:00:00,2024-02-26 13:00:00,64.9
Montenegro,MNE,2024-02-26 13:00:00,2024-02-26 14:00:00,64.92
Montenegro,MNE,2024-02-26 14:00:00,2024-02-26 15:00:00,65.0
Montenegro,MNE,2024-02-26 15:00:00,2024-02-26 16:00:00,71.64
Montenegro,MNE,2024-02-26 16:00:00,2024-02-26 17:00:00,76.04
Montenegro,MNE,2024-02-26 17:00:00,2024-02-26 18:00:00,80.06
Montenegro,MNE,2024-02-26 18:00:00,2024-02-26 19:00:00,77.18
Montenegro,MNE,2024-02-26 19:00:00,2024-02-26 20:00:00,71.69
Montenegro,MNE,2024-02-26 20:00:00,2024-02-26 21:00:00,67.08
Montenegro,MNE,2024-02-26 21:00:00,2024-02-26 22:00:00,63.64
Montenegro,MNE,2024-02-26 22:00:00,2024-02-26 23:00:00,59.27
Montenegro,MNE,2024-02-26 23:00:00,2024-02-27 00:00:00,57.29
Montenegro,MNE,2024-02-27 00:00:00,2024-02-27 01:00:00,63.32
Montenegro,MNE,2024-02-27 01:00:00,2024-02-27 02:00:00,55.65
Montenegro,MNE,2024-02-27 02:00:00,2024-02-27 03:00:00,55.43
Montenegro,MNE,2024-02-27 03:00:00,2024-02-27 04:00:00,55.47
Montenegro,MNE,2024-02-27 04:00:00,2024-02-27 05:00:00,64.06
Montenegro,MNE,2024-02-27 05:00:00,2024-02-27 06:00:00,74.2
Montenegro,MNE,2024-02-27 06:00:00,2024-02-27 07:00:00,87.6
Montenegro,MNE,2024-02-27 07:00:00,2024-02-27 08:00:00,82.44
Montenegro,MNE,2024-02-27 08:00:00,2024-02-27 09:00:00,75.32
Montenegro,MNE,2024-02-27 09:00:00,2024-02-27 10:00:00,64.97
Montenegro,MNE,2024-02-27 10:00:00,2024-02-27 11:00:00,64.16
Montenegro,MNE,2024-02-27 11:00:00,2024-02-27 12:00:00,63.04
Montenegro,MNE,2024-02-27 12:00:00,2024-02-27 13:00:00,60.07
Montenegro,MNE,2024-02-27 13:00:00,2024-02-27 14:00:00,64.9
Montenegro,MNE,2024-02-27 14:00:00,2024-02-27 15:00:00,71.04
Montenegro,MNE,2024-02-27 15:00:00,2024-02-27 16:00:00,83.26
Montenegro,MNE,2024-02-27 16:00:00,2024-02-27 17:00:00,91.84
Montenegro,MNE,2024-02-27 17:00:00,2024-02-27 18:00:00,99.31
Montenegro,MNE,2024-02-27 18:00:00,2024-02-27 19:00:00,93.09
Montenegro,MNE,2024-02-27 19:00:00,2024-02-27 20:00:00,84.0
Montenegro,MNE,2024-02-27 20:00:00,2024-02-27 21:00:00,72.08
Montenegro,MNE,2024-02-27 21:00:00,2024-02-27 22:00:00,71.05
Montenegro,MNE,2024-02-27 22:00:00,2024-02-27 23:00:00,63.52
Montenegro,MNE,2024-02-27 23:00:00,2024-02-28 00:00:00,62.39
Montenegro,MNE,2024-02-28 00:00:00,2024-02-28 01:00:00,59.98
Montenegro,MNE,2024-02-28 01:00:00,2024-02-28 02:00:00,59.91
Montenegro,MNE,2024-02-28 02:00:00,2024-02-28 03:00:00,59.91
Montenegro,MNE,2024-02-28 03:00:00,2024-02-28 04:00:00,59.97
Montenegro,MNE,2024-02-28 04:00:00,2024-02-28 05:00:00,63.28
Montenegro,MNE,2024-02-28 05:00:00,2024-02-28 06:00:00,75.04
Montenegro,MNE,2024-02-28 06:00:00,2024-02-28 07:00:00,90.12
Montenegro,MNE,2024-02-28 07:00:00,2024-02-28 08:00:00,92.77
Montenegro,MNE,2024-02-28 08:00:00,2024-02-28 09:00:00,81.22
Montenegro,MNE,2024-02-28 09:00:00,2024-02-28 10:00:00,67.91
Montenegro,MNE,2024-02-28 10:00:00,2024-02-28 11:00:00,59.97
Montenegro,MNE,2024-02-28 11:00:00,2024-02-28 12:00:00,57.09
Montenegro,MNE,2024-02-28 12:00:00,2024-02-28 13:00:00,57.96
Montenegro,MNE,2024-02-28 13:00:00,2024-02-28 14:00:00,61.18
Montenegro,MNE,2024-02-28 14:00:00,2024-02-28 15:00:00,66.8
Montenegro,MNE,2024-02-28 15:00:00,2024-02-28 16:00:00,69.2
Montenegro,MNE,2024-02-28 16:00:00,2024-02-28 17:00:00,86.59
Montenegro,MNE,2024-02-28 17:00:00,2024-02-28 18:00:00,95.61
Montenegro,MNE,2024-02-28 18:00:00,2024-02-28 19:00:00,89.9
Montenegro,MNE,2024-02-28 19:00:00,2024-02-28 20:00:00,79.02
Montenegro,MNE,2024-02-28 20:00:00,2024-02-28 21:00:00,69.01
Montenegro,MNE,2024-02-28 21:00:00,2024-02-28 22:00:00,61.14
Montenegro,MNE,2024-02-28 22:00:00,2024-02-28 23:00:00,57.16
Montenegro,MNE,2024-02-28 23:00:00,2024-02-29 00:00:00,55.92
Montenegro,MNE,2024-02-29 00:00:00,2024-02-29 01:00:00,55.16
Montenegro,MNE,2024-02-29 01:00:00,2024-02-29 02:00:00,55.1
Montenegro,MNE,2024-02-29 02:00:00,2024-02-29 03:00:00,55.01
Montenegro,MNE,2024-02-29 03:00:00,2024-02-29 04:00:00,55.79
Montenegro,MNE,2024-02-29 04:00:00,2024-02-29 05:00:00,61.23
Montenegro,MNE,2024-02-29 05:00:00,2024-02-29 06:00:00,72.02
Montenegro,MNE,2024-02-29 06:00:00,2024-02-29 07:00:00,76.03
Montenegro,MNE,2024-02-29 07:00:00,2024-02-29 08:00:00,74.82
Montenegro,MNE,2024-02-29 08:00:00,2024-02-29 09:00:00,66.57
Montenegro,MNE,2024-02-29 09:00:00,2024-02-29 10:00:00,58.92
Montenegro,MNE,2024-02-29 10:00:00,2024-02-29 11:00:00,55.48
Montenegro,MNE,2024-02-29 11:00:00,2024-02-29 12:00:00,48.87
Montenegro,MNE,2024-02-29 12:00:00,2024-02-29 13:00:00,49.81
Montenegro,MNE,2024-02-29 13:00:00,2024-02-29 14:00:00,54.91
Montenegro,MNE,2024-02-29 14:00:00,2024-02-29 15:00:00,62.42
Montenegro,MNE,2024-02-29 15:00:00,2024-02-29 16:00:00,70.48
Montenegro,MNE,2024-02-29 16:00:00,2024-02-29 17:00:00,79.89
Montenegro,MNE,2024-02-29 17:00:00,2024-02-29 18:00:00,84.08
Montenegro,MNE,2024-02-29 18:00:00,2024-02-29 19:00:00,81.85
Montenegro,MNE,2024-02-29 19:00:00,2024-02-29 20:00:00,73.91
Montenegro,MNE,2024-02-29 20:00:00,2024-02-29 21:00:00,65.74
Montenegro,MNE,2024-02-29 21:00:00,2024-02-29 22:00:00,62.48
Montenegro,MNE,2024-02-29 22:00:00,2024-02-29 23:00:00,55.48
Montenegro,MNE,2024-02-29 23:00:00,2024-03-01 00:00:00,59.76
Montenegro,MNE,2024-03-01 00:00:00,2024-03-01 01:00:00,58.01
Montenegro,MNE,2024-03-01 01:00:00,2024-03-01 02:00:00,55.78
Montenegro,MNE,2024-03-01 02:00:00,2024-03-01 03:00:00,55.49
Montenegro,MNE,2024-03-01 03:00:00,2024-03-01 04:00:00,55.84
Montenegro,MNE,2024-03-01 04:00:00,2024-03-01 05:00:00,59.99
Montenegro,MNE,2024-03-01 05:00:00,2024-03-01 06:00:00,71.02
Montenegro,MNE,2024-03-01 06:00:00,2024-03-01 07:00:00,83.56
Montenegro,MNE,2024-03-01 07:00:00,2024-03-01 08:00:00,83.03
Montenegro,MNE,2024-03-01 08:00:00,2024-03-01 09:00:00,74.82
Montenegro,MNE,2024-03-01 09:00:00,2024-03-01 10:00:00,68.63
Montenegro,MNE,2024-03-01 10:00:00,2024-03-01 11:00:00,63.16
Montenegro,MNE,2024-03-01 11:00:00,2024-03-01 12:00:00,60.4
Montenegro,MNE,2024-03-01 12:00:00,2024-03-01 13:00:00,59.99
Montenegro,MNE,2024-03-01 13:00:00,2024-03-01 14:00:00,63.83
Montenegro,MNE,2024-03-01 14:00:00,2024-03-01 15:00:00,68.53
Montenegro,MNE,2024-03-01 15:00:00,2024-03-01 16:00:00,75.08
Montenegro,MNE,2024-03-01 16:00:00,2024-03-01 17:00:00,85.01
Montenegro,MNE,2024-03-01 17:00:00,2024-03-01 18:00:00,91.76
Montenegro,MNE,2024-03-01 18:00:00,2024-03-01 19:00:00,87.63
Montenegro,MNE,2024-03-01 19:00:00,2024-03-01 20:00:00,79.05
Montenegro,MNE,2024-03-01 20:00:00,2024-03-01 21:00:00,68.05
Montenegro,MNE,2024-03-01 21:00:00,2024-03-01 22:00:00,67.03
Montenegro,MNE,2024-03-01 22:00:00,2024-03-01 23:00:00,61.08
Montenegro,MNE,2024-03-01 23:00:00,2024-03-02 00:00:00,63.82
Montenegro,MNE,2024-03-02 00:00:00,2024-03-02 01:00:00,59.54
Montenegro,MNE,2024-03-02 01:00:00,2024-03-02 02:00:00,55.25
Montenegro,MNE,2024-03-02 02:00:00,2024-03-02 03:00:00,52.07
Montenegro,MNE,2024-03-02 03:00:00,2024-03-02 04:00:00,51.61
Montenegro,MNE,2024-03-02 04:00:00,2024-03-02 05:00:00,52.04
Montenegro,MNE,2024-03-02 05:00:00,2024-03-02 06:00:00,56.07
Montenegro,MNE,2024-03-02 06:00:00,2024-03-02 07:00:00,64.94
Montenegro,MNE,2024-03-02 07:00:00,2024-03-02 08:00:00,63.95
Montenegro,MNE,2024-03-02 08:00:00,2024-03-02 09:00:00,61.01
Montenegro,MNE,2024-03-02 09:00:00,2024-03-02 10:00:00,55.07
Montenegro,MNE,2024-03-02 10:00:00,2024-03-02 11:00:00,51.76
Montenegro,MNE,2024-03-02 11:00:00,2024-03-02 12:00:00,49.69
Montenegro,MNE,2024-03-02 12:00:00,2024-03-02 13:00:00,48.76
Montenegro,MNE,2024-03-02 13:00:00,2024-03-02 14:00:00,51.16
Montenegro,MNE,2024-03-02 14:00:00,2024-03-02 15:00:00,58.62
Montenegro,MNE,2024-03-02 15:00:00,2024-03-02 16:00:00,67.88
Montenegro,MNE,2024-03-02 16:00:00,2024-03-02 17:00:00,78.03
Montenegro,MNE,2024-03-02 17:00:00,2024-03-02 18:00:00,85.94
Montenegro,MNE,2024-03-02 18:00:00,2024-03-02 19:00:00,79.7
Montenegro,MNE,2024-03-02 19:00:00,2024-03-02 20:00:00,72.03
Montenegro,MNE,2024-03-02 20:00:00,2024-03-02 21:00:00,65.09
Montenegro,MNE,2024-03-02 21:00:00,2024-03-02 22:00:00,64.98
Montenegro,MNE,2024-03-02 22:00:00,2024-03-02 23:00:00,62.02
Montenegro,MNE,2024-03-02 23:00:00,2024-03-03 00:00:00,58.48
Montenegro,MNE,2024-03-03 00:00:00,2024-03-03 01:00:00,55.41
Montenegro,MNE,2024-03-03 01:00:00,2024-03-03 02:00:00,54.96
Montenegro,MNE,2024-03-03 02:00:00,2024-03-03 03:00:00,54.46
Montenegro,MNE,2024-03-03 03:00:00,2024-03-03 04:00:00,53.86
Montenegro,MNE,2024-03-03 04:00:00,2024-03-03 05:00:00,53.66
Montenegro,MNE,2024-03-03 05:00:00,2024-03-03 06:00:00,55.7
Montenegro,MNE,2024-03-03 06:00:00,2024-03-03 07:00:00,59.76
Montenegro,MNE,2024-03-03 07:00:00,2024-03-03 08:00:00,55.99
Montenegro,MNE,2024-03-03 08:00:00,2024-03-03 09:00:00,55.78
Montenegro,MNE,2024-03-03 09:00:00,2024-03-03 10:00:00,51.94
Montenegro,MNE,2024-03-03 10:00:00,2024-03-03 11:00:00,47.59
Montenegro,MNE,2024-03-03 11:00:00,2024-03-03 12:00:00,43.77
Montenegro,MNE,2024-03-03 12:00:00,2024-03-03 13:00:00,43.03
Montenegro,MNE,2024-03-03 13:00:00,2024-03-03 14:00:00,47.03
Montenegro,MNE,2024-03-03 14:00:00,2024-03-03 15:00:00,55.72
Montenegro,MNE,2024-03-03 15:00:00,2024-03-03 16:00:00,60.37
Montenegro,MNE,2024-03-03 16:00:00,2024-03-03 17:00:00,75.07
Montenegro,MNE,2024-03-03 17:00:00,2024-03-03 18:00:00,87.1
Montenegro,MNE,2024-03-03 18:00:00,2024-03-03 19:00:00,83.39
Montenegro,MNE,2024-03-03 19:00:00,2024-03-03 20:00:00,73.25
Montenegro,MNE,2024-03-03 20:00:00,2024-03-03 21:00:00,68.05
Montenegro,MNE,2024-03-03 21:00:00,2024-03-03 22:00:00,75.66
Montenegro,MNE,2024-03-03 22:00:00,2024-03-03 23:00:00,71.45
Montenegro,MNE,2024-03-03 23:00:00,2024-03-04 00:00:00,67.53
Montenegro,MNE,2024-03-04 00:00:00,2024-03-04 01:00:00,63.98
Montenegro,MNE,2024-03-04 01:00:00,2024-03-04 02:00:00,60.95
Montenegro,MNE,2024-03-04 02:00:00,2024-03-04 03:00:00,60.67
Montenegro,MNE,2024-03-04 03:00:00,2024-03-04 04:00:00,63.56
Montenegro,MNE,2024-03-04 04:00:00,2024-03-04 05:00:00,71.37
Montenegro,MNE,2024-03-04 05:00:00,2024-03-04 06:00:00,75.81
Montenegro,MNE,2024-03-04 06:00:00,2024-03-04 07:00:00,88.02
Montenegro,MNE,2024-03-04 07:00:00,2024-03-04 08:00:00,91.72
Montenegro,MNE,2024-03-04 08:00:00,2024-03-04 09:00:00,79.56
Montenegro,MNE,2024-03-04 09:00:00,2024-03-04 10:00:00,67.37
Montenegro,MNE,2024-03-04 10:00:00,2024-03-04 11:00:00,59.99
Montenegro,MNE,2024-03-04 11:00:00,2024-03-04 12:00:00,59.95
Montenegro,MNE,2024-03-04 12:00:00,2024-03-04 13:00:00,59.95
Montenegro,MNE,2024-03-04 13:00:00,2024-03-04 14:00:00,62.54
Montenegro,MNE,2024-03-04 14:00:00,2024-03-04 15:00:00,68.77
Montenegro,MNE,2024-03-04 15:00:00,2024-03-04 16:00:00,79.41
Montenegro,MNE,2024-03-04 16:00:00,2024-03-04 17:00:00,87.89
Montenegro,MNE,2024-03-04 17:00:00,2024-03-04 18:00:00,93.72
Montenegro,MNE,2024-03-04 18:00:00,2024-03-04 19:00:00,91.41
Montenegro,MNE,2024-03-04 19:00:00,2024-03-04 20:00:00,81.82
Montenegro,MNE,2024-03-04 20:00:00,2024-03-04 21:00:00,75.11
Montenegro,MNE,2024-03-04 21:00:00,2024-03-04 22:00:00,70.06
Montenegro,MNE,2024-03-04 22:00:00,2024-03-04 23:00:00,67.88
Montenegro,MNE,2024-03-04 23:00:00,2024-03-05 00:00:00,63.79
Montenegro,MNE,2024-03-05 00:00:00,2024-03-05 01:00:00,59.51
Montenegro,MNE,2024-03-05 01:00:00,2024-03-05 02:00:00,62.24
Montenegro,MNE,2024-03-05 02:00:00,2024-03-05 03:00:00,60.63
Montenegro,MNE,2024-03-05 03:00:00,2024-03-05 04:00:00,62.54
Montenegro,MNE,2024-03-05 04:00:00,2024-03-05 05:00:00,63.41
Montenegro,MNE,2024-03-05 05:00:00,2024-03-05 06:00:00,71.42
Montenegro,MNE,2024-03-05 06:00:00,2024-03-05 07:00:00,80.02
Montenegro,MNE,2024-03-05 07:00:00,2024-03-05 08:00:00,84.63
Montenegro,MNE,2024-03-05 08:00:00,2024-03-05 09:00:00,79.52
Montenegro,MNE,2024-03-05 09:00:00,2024-03-05 10:00:00,71.68
Montenegro,MNE,2024-03-05 10:00:00,2024-03-05 11:00:00,67.19
Montenegro,MNE,2024-03-05 11:00:00,2024-03-05 12:00:00,64.94
Montenegro,MNE,2024-03-05 12:00:00,2024-03-05 13:00:00,64.93
Montenegro,MNE,2024-03-05 13:00:00,2024-03-05 14:00:00,64.99
Montenegro,MNE,2024-03-05 14:00:00,2024-03-05 15:00:00,68.46
Montenegro,MNE,2024-03-05 15:00:00,2024-03-05 16:00:00,75.66
Montenegro,MNE,2024-03-05 16:00:00,2024-03-05 17:00:00,86.72
Montenegro,MNE,2024-03-05 17:00:00,2024-03-05 18:00:00,95.43
Montenegro,MNE,2024-03-05 18:00:00,2024-03-05 19:00:00,93.75
Montenegro,MNE,2024-03-05 19:00:00,2024-03-05 20:00:00,83.33
Montenegro,MNE,2024-03-05 20:00:00,2024-03-05 21:00:00,75.18
Montenegro,MNE,2024-03-05 21:00:00,2024-03-05 22:00:00,71.41
Montenegro,MNE,2024-03-05 22:00:00,2024-03-05 23:00:00,67.01
Montenegro,MNE,2024-03-05 23:00:00,2024-03-06 00:00:00,69.71
Montenegro,MNE,2024-03-06 00:00:00,2024-03-06 01:00:00,71.03
Montenegro,MNE,2024-03-06 01:00:00,2024-03-06 02:00:00,67.82
Montenegro,MNE,2024-03-06 02:00:00,2024-03-06 03:00:00,67.16
Montenegro,MNE,2024-03-06 03:00:00,2024-03-06 04:00:00,67.91
Montenegro,MNE,2024-03-06 04:00:00,2024-03-06 05:00:00,71.81
Montenegro,MNE,2024-03-06 05:00:00,2024-03-06 06:00:00,83.72
Montenegro,MNE,2024-03-06 06:00:00,2024-03-06 07:00:00,93.04
Montenegro,MNE,2024-03-06 07:00:00,2024-03-06 08:00:00,96.03
Montenegro,MNE,2024-03-06 08:00:00,2024-03-06 09:00:00,86.95
Montenegro,MNE,2024-03-06 09:00:00,2024-03-06 10:00:00,77.36
Montenegro,MNE,2024-03-06 10:00:00,2024-03-06 11:00:00,67.96
Montenegro,MNE,2024-03-06 11:00:00,2024-03-06 12:00:00,65.0
Montenegro,MNE,2024-03-06 12:00:00,2024-03-06 13:00:00,67.24
Montenegro,MNE,2024-03-06 13:00:00,2024-03-06 14:00:00,71.16
Montenegro,MNE,2024-03-06 14:00:00,2024-03-06 15:00:00,75.9
Montenegro,MNE,2024-03-06 15:00:00,2024-03-06 16:00:00,83.29
Montenegro,MNE,2024-03-06 16:00:00,2024-03-06 17:00:00,95.47
Montenegro,MNE,2024-03-06 17:00:00,2024-03-06 18:00:00,107.08
Montenegro,MNE,2024-03-06 18:00:00,2024-03-06 19:00:00,105.74
Montenegro,MNE,2024-03-06 19:00:00,2024-03-06 20:00:00,91.24
Montenegro,MNE,2024-03-06 20:00:00,2024-03-06 21:00:00,81.77
Montenegro,MNE,2024-03-06 21:00:00,2024-03-06 22:00:00,77.91
Montenegro,MNE,2024-03-06 22:00:00,2024-03-06 23:00:00,71.91
Montenegro,MNE,2024-03-06 23:00:00,2024-03-07 00:00:00,70.63
Montenegro,MNE,2024-03-07 00:00:00,2024-03-07 01:00:00,71.27
Montenegro,MNE,2024-03-07 01:00:00,2024-03-07 02:00:00,67.06
Montenegro,MNE,2024-03-07 02:00:00,2024-03-07 03:00:00,65.08
Montenegro,MNE,2024-03-07 03:00:00,2024-03-07 04:00:00,65.95
Montenegro,MNE,2024-03-07 04:00:00,2024-03-07 05:00:00,70.37
Montenegro,MNE,2024-03-07 05:00:00,2024-03-07 06:00:00,80.82
Montenegro,MNE,2024-03-07 06:00:00,2024-03-07 07:00:00,91.12
Montenegro,MNE,2024-03-07 07:00:00,2024-03-07 08:00:00,90.05
Montenegro,MNE,2024-03-07 08:00:00,2024-03-07 09:00:00,77.95
Montenegro,MNE,2024-03-07 09:00:00,2024-03-07 10:00:00,65.56
Montenegro,MNE,2024-03-07 10:00:00,2024-03-07 11:00:00,64.86
Montenegro,MNE,2024-03-07 11:00:00,2024-03-07 12:00:00,63.18
Montenegro,MNE,2024-03-07 12:00:00,2024-03-07 13:00:00,61.07
Montenegro,MNE,2024-03-07 13:00:00,2024-03-07 14:00:00,63.37
Montenegro,MNE,2024-03-07 14:00:00,2024-03-07 15:00:00,67.5
Montenegro,MNE,2024-03-07 15:00:00,2024-03-07 16:00:00,75.69
Montenegro,MNE,2024-03-07 16:00:00,2024-03-07 17:00:00,90.16
Montenegro,MNE,2024-03-07 17:00:00,2024-03-07 18:00:00,104.03
Montenegro,MNE,2024-03-07 18:00:00,2024-03-07 19:00:00,99.51
Montenegro,MNE,2024-03-07 19:00:00,2024-03-07 20:00:00,87.94
Montenegro,MNE,2024-03-07 20:00:00,2024-03-07 21:00:00,79.92
Montenegro,MNE,2024-03-07 21:00:00,2024-03-07 22:00:00,71.15
Montenegro,MNE,2024-03-07 22:00:00,2024-03-07 23:00:00,67.11
Montenegro,MNE,2024-03-07 23:00:00,2024-03-08 00:00:00,64.27
Montenegro,MNE,2024-03-08 00:00:00,2024-03-08 01:00:00,63.58
Montenegro,MNE,2024-03-08 01:00:00,2024-03-08 02:00:00,61.79
Montenegro,MNE,2024-03-08 02:00:00,2024-03-08 03:00:00,60.79
Montenegro,MNE,2024-03-08 03:00:00,2024-03-08 04:00:00,63.52
Montenegro,MNE,2024-03-08 04:00:00,2024-03-08 05:00:00,64.97
Montenegro,MNE,2024-03-08 05:00:00,2024-03-08 06:00:00,74.03
Montenegro,MNE,2024-03-08 06:00:00,2024-03-08 07:00:00,83.81
Montenegro,MNE,2024-03-08 07:00:00,2024-03-08 08:00:00,83.78
Montenegro,MNE,2024-03-08 08:00:00,2024-03-08 09:00:00,72.77
Montenegro,MNE,2024-03-08 09:00:00,2024-03-08 10:00:00,63.92
Montenegro,MNE,2024-03-08 10:00:00,2024-03-08 11:00:00,59.68
Montenegro,MNE,2024-03-08 11:00:00,2024-03-08 12:00:00,56.01
Montenegro,MNE,2024-03-08 12:00:00,2024-03-08 13:00:00,55.09
Montenegro,MNE,2024-03-08 13:00:00,2024-03-08 14:00:00,55.93
Montenegro,MNE,2024-03-08 14:00:00,2024-03-08 15:00:00,64.82
Montenegro,MNE,2024-03-08 15:00:00,2024-03-08 16:00:00,75.01
Montenegro,MNE,2024-03-08 16:00:00,2024-03-08 17:00:00,88.79
Montenegro,MNE,2024-03-08 17:00:00,2024-03-08 18:00:00,107.02
Montenegro,MNE,2024-03-08 18:00:00,2024-03-08 19:00:00,103.14
Montenegro,MNE,2024-03-08 19:00:00,2024-03-08 20:00:00,95.58
Montenegro,MNE,2024-03-08 20:00:00,2024-03-08 21:00:00,71.81
Montenegro,MNE,2024-03-08 21:00:00,2024-03-08 22:00:00,67.84
Montenegro,MNE,2024-03-08 22:00:00,2024-03-08 23:00:00,67.94
Montenegro,MNE,2024-03-08 23:00:00,2024-03-09 00:00:00,71.04
Montenegro,MNE,2024-03-09 00:00:00,2024-03-09 01:00:00,63.69
Montenegro,MNE,2024-03-09 01:00:00,2024-03-09 02:00:00,59.92
Montenegro,MNE,2024-03-09 02:00:00,2024-03-09 03:00:00,63.41
Montenegro,MNE,2024-03-09 03:00:00,2024-03-09 04:00:00,63.05
Montenegro,MNE,2024-03-09 04:00:00,2024-03-09 05:00:00,59.25
Montenegro,MNE,2024-03-09 05:00:00,2024-03-09 06:00:00,63.37
Montenegro,MNE,2024-03-09 06:00:00,2024-03-09 07:00:00,63.41
Montenegro,MNE,2024-03-09 07:00:00,2024-03-09 08:00:00,65.42
Montenegro,MNE,2024-03-09 08:00:00,2024-03-09 09:00:00,75.43
Montenegro,MNE,2024-03-09 09:00:00,2024-03-09 10:00:00,59.81
Montenegro,MNE,2024-03-09 10:00:00,2024-03-09 11:00:00,63.27
Montenegro,MNE,2024-03-09 11:00:00,2024-03-09 12:00:00,63.26
Montenegro,MNE,2024-03-09 12:00:00,2024-03-09 13:00:00,63.83
Montenegro,MNE,2024-03-09 13:00:00,2024-03-09 14:00:00,63.89
Montenegro,MNE,2024-03-09 14:00:00,2024-03-09 15:00:00,71.91
Montenegro,MNE,2024-03-09 15:00:00,2024-03-09 16:00:00,57.04
Montenegro,MNE,2024-03-09 16:00:00,2024-03-09 17:00:00,72.57
Montenegro,MNE,2024-03-09 17:00:00,2024-03-09 18:00:00,79.17
Montenegro,MNE,2024-03-09 18:00:00,2024-03-09 19:00:00,77.29
Montenegro,MNE,2024-03-09 19:00:00,2024-03-09 20:00:00,72.73
Montenegro,MNE,2024-03-09 20:00:00,2024-03-09 21:00:00,71.73
Montenegro,MNE,2024-03-09 21:00:00,2024-03-09 22:00:00,67.26
Montenegro,MNE,2024-03-09 22:00:00,2024-03-09 23:00:00,55.69
Montenegro,MNE,2024-03-09 23:00:00,2024-03-10 00:00:00,75.9
Montenegro,MNE,2024-03-10 00:00:00,2024-03-10 01:00:00,63.41
Montenegro,MNE,2024-03-10 01:00:00,2024-03-10 02:00:00,63.96
Montenegro,MNE,2024-03-10 02:00:00,2024-03-10 03:00:00,63.85
Montenegro,MNE,2024-03-10 03:00:00,2024-03-10 04:00:00,59.02
Montenegro,MNE,2024-03-10 04:00:00,2024-03-10 05:00:00,67.4
Montenegro,MNE,2024-03-10 05:00:00,2024-03-10 06:00:00,75.35
Montenegro,MNE,2024-03-10 06:00:00,2024-03-10 07:00:00,75.28
Montenegro,MNE,2024-03-10 07:00:00,2024-03-10 08:00:00,55.01
Montenegro,MNE,2024-03-10 08:00:00,2024-03-10 09:00:00,45.91
Montenegro,MNE,2024-03-10 09:00:00,2024-03-10 10:00:00,30.11
Montenegro,MNE,2024-03-10 10:00:00,2024-03-10 11:00:00,25.03
Montenegro,MNE,2024-03-10 11:00:00,2024-03-10 12:00:00,19.45
Montenegro,MNE,2024-03-10 12:00:00,2024-03-10 13:00:00,17.76
Montenegro,MNE,2024-03-10 13:00:00,2024-03-10 14:00:00,19.77
Montenegro,MNE,2024-03-10 14:00:00,2024-03-10 15:00:00,39.68
Montenegro,MNE,2024-03-10 15:00:00,2024-03-10 16:00:00,55.43
Montenegro,MNE,2024-03-10 16:00:00,2024-03-10 17:00:00,63.79
Montenegro,MNE,2024-03-10 17:00:00,2024-03-10 18:00:00,73.09
Montenegro,MNE,2024-03-10 18:00:00,2024-03-10 19:00:00,78.3
Montenegro,MNE,2024-03-10 19:00:00,2024-03-10 20:00:00,75.55
Montenegro,MNE,2024-03-10 20:00:00,2024-03-10 21:00:00,70.52
Montenegro,MNE,2024-03-10 21:00:00,2024-03-10 22:00:00,68.82
Montenegro,MNE,2024-03-10 22:00:00,2024-03-10 23:00:00,68.88
Montenegro,MNE,2024-03-10 23:00:00,2024-03-11 00:00:00,51.07
Montenegro,MNE,2024-03-11 00:00:00,2024-03-11 01:00:00,49.09
Montenegro,MNE,2024-03-11 01:00:00,2024-03-11 02:00:00,47.95
Montenegro,MNE,2024-03-11 02:00:00,2024-03-11 03:00:00,48.18
Montenegro,MNE,2024-03-11 03:00:00,2024-03-11 04:00:00,48.26
Montenegro,MNE,2024-03-11 04:00:00,2024-03-11 05:00:00,55.5
Montenegro,MNE,2024-03-11 05:00:00,2024-03-11 06:00:00,67.29
Montenegro,MNE,2024-03-11 06:00:00,2024-03-11 07:00:00,77.4
Montenegro,MNE,2024-03-11 07:00:00,2024-03-11 08:00:00,80.59
Montenegro,MNE,2024-03-11 08:00:00,2024-03-11 09:00:00,70.81
Montenegro,MNE,2024-03-11 09:00:00,2024-03-11 10:00:00,62.02
Montenegro,MNE,2024-03-11 10:00:00,2024-03-11 11:00:00,55.32
Montenegro,MNE,2024-03-11 11:00:00,2024-03-11 12:00:00,55.34
Montenegro,MNE,2024-03-11 12:00:00,2024-03-11 13:00:00,55.37
Montenegro,MNE,2024-03-11 13:00:00,2024-03-11 14:00:00,62.09
Montenegro,MNE,2024-03-11 14:00:00,2024-03-11 15:00:00,69.06
Montenegro,MNE,2024-03-11 15:00:00,2024-03-11 16:00:00,76.13
Montenegro,MNE,2024-03-11 16:00:00,2024-03-11 17:00:00,85.29
Montenegro,MNE,2024-03-11 17:00:00,2024-03-11 18:00:00,92.1
Montenegro,MNE,2024-03-11 18:00:00,2024-03-11 19:00:00,97.21
Montenegro,MNE,2024-03-11 19:00:00,2024-03-11 20:00:00,90.41
Montenegro,MNE,2024-03-11 20:00:00,2024-03-11 21:00:00,78.15
Montenegro,MNE,2024-03-11 21:00:00,2024-03-11 22:00:00,74.51
Montenegro,MNE,2024-03-11 22:00:00,2024-03-11 23:00:00,69.15
Montenegro,MNE,2024-03-11 23:00:00,2024-03-12 00:00:00,72.43
Montenegro,MNE,2024-03-12 00:00:00,2024-03-12 01:00:00,69.24
Montenegro,MNE,2024-03-12 01:00:00,2024-03-12 02:00:00,66.74
Montenegro,MNE,2024-03-12 02:00:00,2024-03-12 03:00:00,68.07
Montenegro,MNE,2024-03-12 03:00:00,2024-03-12 04:00:00,69.15
Montenegro,MNE,2024-03-12 04:00:00,2024-03-12 05:00:00,73.47
Montenegro,MNE,2024-03-12 05:00:00,2024-03-12 06:00:00,84.46
Montenegro,MNE,2024-03-12 06:00:00,2024-03-12 07:00:00,92.54
Montenegro,MNE,2024-03-12 07:00:00,2024-03-12 08:00:00,95.07
Montenegro,MNE,2024-03-12 08:00:00,2024-03-12 09:00:00,87.63
Montenegro,MNE,2024-03-12 09:00:00,2024-03-12 10:00:00,81.27
Montenegro,MNE,2024-03-12 10:00:00,2024-03-12 11:00:00,75.18
Montenegro,MNE,2024-03-12 11:00:00,2024-03-12 12:00:00,71.18
Montenegro,MNE,2024-03-12 12:00:00,2024-03-12 13:00:00,71.45
Montenegro,MNE,2024-03-12 13:00:00,2024-03-12 14:00:00,73.43
Montenegro,MNE,2024-03-12 14:00:00,2024-03-12 15:00:00,79.08
Montenegro,MNE,2024-03-12 15:00:00,2024-03-12 16:00:00,87.05
Montenegro,MNE,2024-03-12 16:00:00,2024-03-12 17:00:00,100.05
Montenegro,MNE,2024-03-12 17:00:00,2024-03-12 18:00:00,112.14
Montenegro,MNE,2024-03-12 18:00:00,2024-03-12 19:00:00,111.01
Montenegro,MNE,2024-03-12 19:00:00,2024-03-12 20:00:00,95.75
Montenegro,MNE,2024-03-12 20:00:00,2024-03-12 21:00:00,88.26
Montenegro,MNE,2024-03-12 21:00:00,2024-03-12 22:00:00,82.42
Montenegro,MNE,2024-03-12 22:00:00,2024-03-12 23:00:00,75.37
Montenegro,MNE,2024-03-12 23:00:00,2024-03-13 00:00:00,64.0
Montenegro,MNE,2024-03-13 00:00:00,2024-03-13 01:00:00,67.03
Montenegro,MNE,2024-03-13 01:00:00,2024-03-13 02:00:00,59.86
Montenegro,MNE,2024-03-13 02:00:00,2024-03-13 03:00:00,59.68
Montenegro,MNE,2024-03-13 03:00:00,2024-03-13 04:00:00,63.03
Montenegro,MNE,2024-03-13 04:00:00,2024-03-13 05:00:00,67.37
Montenegro,MNE,2024-03-13 05:00:00,2024-03-13 06:00:00,79.35
Montenegro,MNE,2024-03-13 06:00:00,2024-03-13 07:00:00,87.26
Montenegro,MNE,2024-03-13 07:00:00,2024-03-13 08:00:00,88.03
Montenegro,MNE,2024-03-13 08:00:00,2024-03-13 09:00:00,80.71
Montenegro,MNE,2024-03-13 09:00:00,2024-03-13 10:00:00,70.58
Montenegro,MNE,2024-03-13 10:00:00,2024-03-13 11:00:00,67.24
Montenegro,MNE,2024-03-13 11:00:00,2024-03-13 12:00:00,63.08
Montenegro,MNE,2024-03-13 12:00:00,2024-03-13 13:00:00,63.71
Montenegro,MNE,2024-03-13 13:00:00,2024-03-13 14:00:00,63.32
Montenegro,MNE,2024-03-13 14:00:00,2024-03-13 15:00:00,71.78
Montenegro,MNE,2024-03-13 15:00:00,2024-03-13 16:00:00,79.18
Montenegro,MNE,2024-03-13 16:00:00,2024-03-13 17:00:00,85.62
Montenegro,MNE,2024-03-13 17:00:00,2024-03-13 18:00:00,99.02
Montenegro,MNE,2024-03-13 18:00:00,2024-03-13 19:00:00,95.09
Montenegro,MNE,2024-03-13 19:00:00,2024-03-13 20:00:00,83.45
Montenegro,MNE,2024-03-13 20:00:00,2024-03-13 21:00:00,75.75
Montenegro,MNE,2024-03-13 21:00:00,2024-03-13 22:00:00,71.03
Montenegro,MNE,2024-03-13 22:00:00,2024-03-13 23:00:00,63.9
Montenegro,MNE,2024-03-13 23:00:00,2024-03-14 00:00:00,66.34
Montenegro,MNE,2024-03-14 00:00:00,2024-03-14 01:00:00,59.52
Montenegro,MNE,2024-03-14 01:00:00,2024-03-14 02:00:00,57.08
Montenegro,MNE,2024-03-14 02:00:00,2024-03-14 03:00:00,55.94
Montenegro,MNE,2024-03-14 03:00:00,2024-03-14 04:00:00,58.07
Montenegro,MNE,2024-03-14 04:00:00,2024-03-14 05:00:00,63.82
Montenegro,MNE,2024-03-14 05:00:00,2024-03-14 06:00:00,74.62
Montenegro,MNE,2024-03-14 06:00:00,2024-03-14 07:00:00,80.99
Montenegro,MNE,2024-03-14 07:00:00,2024-03-14 08:00:00,79.53
Montenegro,MNE,2024-03-14 08:00:00,2024-03-14 09:00:00,69.05
Montenegro,MNE,2024-03-14 09:00:00,2024-03-14 10:00:00,62.61
Montenegro,MNE,2024-03-14 10:00:00,2024-03-14 11:00:00,55.67
Montenegro,MNE,2024-03-14 11:00:00,2024-03-14 12:00:00,53.97
Montenegro,MNE,2024-03-14 12:00:00,2024-03-14 13:00:00,53.5
Montenegro,MNE,2024-03-14 13:00:00,2024-03-14 14:00:00,61.59
Montenegro,MNE,2024-03-14 14:00:00,2024-03-14 15:00:00,68.56
Montenegro,MNE,2024-03-14 15:00:00,2024-03-14 16:00:00,75.74
Montenegro,MNE,2024-03-14 16:00:00,2024-03-14 17:00:00,90.23
Montenegro,MNE,2024-03-14 17:00:00,2024-03-14 18:00:00,100.52
Montenegro,MNE,2024-03-14 18:00:00,2024-03-14 19:00:00,99.68
Montenegro,MNE,2024-03-14 19:00:00,2024-03-14 20:00:00,87.01
Montenegro,MNE,2024-03-14 20:00:00,2024-03-14 21:00:00,73.01
Montenegro,MNE,2024-03-14 21:00:00,2024-03-14 22:00:00,64.99
Montenegro,MNE,2024-03-14 22:00:00,2024-03-14 23:00:00,63.01
Montenegro,MNE,2024-03-14 23:00:00,2024-03-15 00:00:00,54.54
Montenegro,MNE,2024-03-15 00:00:00,2024-03-15 01:00:00,51.44
Montenegro,MNE,2024-03-15 01:00:00,2024-03-15 02:00:00,47.85
Montenegro,MNE,2024-03-15 02:00:00,2024-03-15 03:00:00,47.41
Montenegro,MNE,2024-03-15 03:00:00,2024-03-15 04:00:00,48.05
Montenegro,MNE,2024-03-15 04:00:00,2024-03-15 05:00:00,59.65
Montenegro,MNE,2024-03-15 05:00:00,2024-03-15 06:00:00,67.42
Montenegro,MNE,2024-03-15 06:00:00,2024-03-15 07:00:00,69.0
Montenegro,MNE,2024-03-15 07:00:00,2024-03-15 08:00:00,64.99
Montenegro,MNE,2024-03-15 08:00:00,2024-03-15 09:00:00,59.42
Montenegro,MNE,2024-03-15 09:00:00,2024-03-15 10:00:00,51.76
Montenegro,MNE,2024-03-15 10:00:00,2024-03-15 11:00:00,44.79
Montenegro,MNE,2024-03-15 11:00:00,2024-03-15 12:00:00,43.08
Montenegro,MNE,2024-03-15 12:00:00,2024-03-15 13:00:00,44.08
Montenegro,MNE,2024-03-15 13:00:00,2024-03-15 14:00:00,47.96
Montenegro,MNE,2024-03-15 14:00:00,2024-03-15 15:00:00,51.09
Montenegro,MNE,2024-03-15 15:00:00,2024-03-15 16:00:00,64.96
Montenegro,MNE,2024-03-15 16:00:00,2024-03-15 17:00:00,83.69
Montenegro,MNE,2024-03-15 17:00:00,2024-03-15 18:00:00,90.45
Montenegro,MNE,2024-03-15 18:00:00,2024-03-15 19:00:00,90.68
Montenegro,MNE,2024-03-15 19:00:00,2024-03-15 20:00:00,83.48
Montenegro,MNE,2024-03-15 20:00:00,2024-03-15 21:00:00,72.88
Montenegro,MNE,2024-03-15 21:00:00,2024-03-15 22:00:00,71.08
Montenegro,MNE,2024-03-15 22:00:00,2024-03-15 23:00:00,63.93
Montenegro,MNE,2024-03-15 23:00:00,2024-03-16 00:00:00,66.25
Montenegro,MNE,2024-03-16 00:00:00,2024-03-16 01:00:00,59.33
Montenegro,MNE,2024-03-16 01:00:00,2024-03-16 02:00:00,61.31
Montenegro,MNE,2024-03-16 02:00:00,2024-03-16 03:00:00,58.61
Montenegro,MNE,2024-03-16 03:00:00,2024-03-16 04:00:00,58.09
Montenegro,MNE,2024-03-16 04:00:00,2024-03-16 05:00:00,60.24
Montenegro,MNE,2024-03-16 05:00:00,2024-03-16 06:00:00,55.4
Montenegro,MNE,2024-03-16 06:00:00,2024-03-16 07:00:00,55.76
Montenegro,MNE,2024-03-16 07:00:00,2024-03-16 08:00:00,53.06
Montenegro,MNE,2024-03-16 08:00:00,2024-03-16 09:00:00,51.93
Montenegro,MNE,2024-03-16 09:00:00,2024-03-16 10:00:00,47.1
Montenegro,MNE,2024-03-16 10:00:00,2024-03-16 11:00:00,36.24
Montenegro,MNE,2024-03-16 11:00:00,2024-03-16 12:00:00,31.95
Montenegro,MNE,2024-03-16 12:00:00,2024-03-16 13:00:00,35.91
Montenegro,MNE,2024-03-16 13:00:00,2024-03-16 14:00:00,39.71
Montenegro,MNE,2024-03-16 14:00:00,2024-03-16 15:00:00,51.62
Montenegro,MNE,2024-03-16 15:00:00,2024-03-16 16:00:00,67.27
Montenegro,MNE,2024-03-16 16:00:00,2024-03-16 17:00:00,71.37
Montenegro,MNE,2024-03-16 17:00:00,2024-03-16 18:00:00,81.05
Montenegro,MNE,2024-03-16 18:00:00,2024-03-16 19:00:00,83.17
Montenegro,MNE,2024-03-16 19:00:00,2024-03-16 20:00:00,73.2
Montenegro,MNE,2024-03-16 20:00:00,2024-03-16 21:00:00,69.94
Montenegro,MNE,2024-03-16 21:00:00,2024-03-16 22:00:00,68.24
Montenegro,MNE,2024-03-16 22:00:00,2024-03-16 23:00:00,64.44
Montenegro,MNE,2024-03-16 23:00:00,2024-03-17 00:00:00,59.32
Montenegro,MNE,2024-03-17 00:00:00,2024-03-17 01:00:00,59.76
Montenegro,MNE,2024-03-17 01:00:00,2024-03-17 02:00:00,55.7
Montenegro,MNE,2024-03-17 02:00:00,2024-03-17 03:00:00,53.07
Montenegro,MNE,2024-03-17 03:00:00,2024-03-17 04:00:00,52.07
Montenegro,MNE,2024-03-17 04:00:00,2024-03-17 05:00:00,55.06
Montenegro,MNE,2024-03-17 05:00:00,2024-03-17 06:00:00,62.07
Montenegro,MNE,2024-03-17 06:00:00,2024-03-17 07:00:00,60.22
Montenegro,MNE,2024-03-17 07:00:00,2024-03-17 08:00:00,51.6
Montenegro,MNE,2024-03-17 08:00:00,2024-03-17 09:00:00,47.63
Montenegro,MNE,2024-03-17 09:00:00,2024-03-17 10:00:00,43.69
Montenegro,MNE,2024-03-17 10:00:00,2024-03-17 11:00:00,41.07
Montenegro,MNE,2024-03-17 11:00:00,2024-03-17 12:00:00,37.07
Montenegro,MNE,2024-03-17 12:00:00,2024-03-17 13:00:00,35.25
Montenegro,MNE,2024-03-17 13:00:00,2024-03-17 14:00:00,37.07
Montenegro,MNE,2024-03-17 14:00:00,2024-03-17 15:00:00,49.09
Montenegro,MNE,2024-03-17 15:00:00,2024-03-17 16:00:00,63.07
Montenegro,MNE,2024-03-17 16:00:00,2024-03-17 17:00:00,71.63
Montenegro,MNE,2024-03-17 17:00:00,2024-03-17 18:00:00,83.09
Montenegro,MNE,2024-03-17 18:00:00,2024-03-17 19:00:00,83.4
Montenegro,MNE,2024-03-17 19:00:00,2024-03-17 20:00:00,75.49
Montenegro,MNE,2024-03-17 20:00:00,2024-03-17 21:00:00,70.19
Montenegro,MNE,2024-03-17 21:00:00,2024-03-17 22:00:00,69.01
Montenegro,MNE,2024-03-17 22:00:00,2024-03-17 23:00:00,63.81
Montenegro,MNE,2024-03-17 23:00:00,2024-03-18 00:00:00,59.98
Montenegro,MNE,2024-03-18 00:00:00,2024-03-18 01:00:00,59.38
Montenegro,MNE,2024-03-18 01:00:00,2024-03-18 02:00:00,56.05
Montenegro,MNE,2024-03-18 02:00:00,2024-03-18 03:00:00,55.58
Montenegro,MNE,2024-03-18 03:00:00,2024-03-18 04:00:00,55.97
Montenegro,MNE,2024-03-18 04:00:00,2024-03-18 05:00:00,60.14
Montenegro,MNE,2024-03-18 05:00:00,2024-03-18 06:00:00,71.79
Montenegro,MNE,2024-03-18 06:00:00,2024-03-18 07:00:00,79.76
Montenegro,MNE,2024-03-18 07:00:00,2024-03-18 08:00:00,83.25
Montenegro,MNE,2024-03-18 08:00:00,2024-03-18 09:00:00,71.58
Montenegro,MNE,2024-03-18 09:00:00,2024-03-18 10:00:00,64.93
Montenegro,MNE,2024-03-18 10:00:00,2024-03-18 11:00:00,63.15
Montenegro,MNE,2024-03-18 11:00:00,2024-03-18 12:00:00,61.55
Montenegro,MNE,2024-03-18 12:00:00,2024-03-18 13:00:00,61.35
Montenegro,MNE,2024-03-18 13:00:00,2024-03-18 14:00:00,64.93
Montenegro,MNE,2024-03-18 14:00:00,2024-03-18 15:00:00,71.76
Montenegro,MNE,2024-03-18 15:00:00,2024-03-18 16:00:00,83.46
Montenegro,MNE,2024-03-18 16:00:00,2024-03-18 17:00:00,95.19
Montenegro,MNE,2024-03-18 17:00:00,2024-03-18 18:00:00,105.04
Montenegro,MNE,2024-03-18 18:00:00,2024-03-18 19:00:00,102.08
Montenegro,MNE,2024-03-18 19:00:00,2024-03-18 20:00:00,91.38
Montenegro,MNE,2024-03-18 20:00:00,2024-03-18 21:00:00,83.6
Montenegro,MNE,2024-03-18 21:00:00,2024-03-18 22:00:00,79.14
Montenegro,MNE,2024-03-18 22:00:00,2024-03-18 23:00:00,71.98
Montenegro,MNE,2024-03-18 23:00:00,2024-03-19 00:00:00,75.53
Montenegro,MNE,2024-03-19 00:00:00,2024-03-19 01:00:00,75.01
Montenegro,MNE,2024-03-19 01:00:00,2024-03-19 02:00:00,71.38
Montenegro,MNE,2024-03-19 02:00:00,2024-03-19 03:00:00,69.11
Montenegro,MNE,2024-03-19 03:00:00,2024-03-19 04:00:00,71.51
Montenegro,MNE,2024-03-19 04:00:00,2024-03-19 05:00:00,74.73
Montenegro,MNE,2024-03-19 05:00:00,2024-03-19 06:00:00,84.76
Montenegro,MNE,2024-03-19 06:00:00,2024-03-19 07:00:00,95.7
Montenegro,MNE,2024-03-19 07:00:00,2024-03-19 08:00:00,92.46
Montenegro,MNE,2024-03-19 08:00:00,2024-03-19 09:00:00,79.8
Montenegro,MNE,2024-03-19 09:00:00,2024-03-19 10:00:00,67.84
Montenegro,MNE,2024-03-19 10:00:00,2024-03-19 11:00:00,63.27
Montenegro,MNE,2024-03-19 11:00:00,2024-03-19 12:00:00,63.85
Montenegro,MNE,2024-03-19 12:00:00,2024-03-19 13:00:00,61.27
Montenegro,MNE,2024-03-19 13:00:00,2024-03-19 14:00:00,67.36
Montenegro,MNE,2024-03-19 14:00:00,2024-03-19 15:00:00,72.07
Montenegro,MNE,2024-03-19 15:00:00,2024-03-19 16:00:00,82.05
Montenegro,MNE,2024-03-19 16:00:00,2024-03-19 17:00:00,103.3
Montenegro,MNE,2024-03-19 17:00:00,2024-03-19 18:00:00,122.21
Montenegro,MNE,2024-03-19 18:00:00,2024-03-19 19:00:00,115.94
Montenegro,MNE,2024-03-19 19:00:00,2024-03-19 20:00:00,95.97
Montenegro,MNE,2024-03-19 20:00:00,2024-03-19 21:00:00,86.08
Montenegro,MNE,2024-03-19 21:00:00,2024-03-19 22:00:00,81.09
Montenegro,MNE,2024-03-19 22:00:00,2024-03-19 23:00:00,77.09
Montenegro,MNE,2024-03-19 23:00:00,2024-03-20 00:00:00,73.13
Montenegro,MNE,2024-03-20 00:00:00,2024-03-20 01:00:00,70.19
Montenegro,MNE,2024-03-20 01:00:00,2024-03-20 02:00:00,70.13
Montenegro,MNE,2024-03-20 02:00:00,2024-03-20 03:00:00,69.96
Montenegro,MNE,2024-03-20 03:00:00,2024-03-20 04:00:00,70.0
Montenegro,MNE,2024-03-20 04:00:00,2024-03-20 05:00:00,70.93
Montenegro,MNE,2024-03-20 05:00:00,2024-03-20 06:00:00,86.0
Montenegro,MNE,2024-03-20 06:00:00,2024-03-20 07:00:00,79.06
Montenegro,MNE,2024-03-20 07:00:00,2024-03-20 08:00:00,69.92
Montenegro,MNE,2024-03-20 08:00:00,2024-03-20 09:00:00,55.37
Montenegro,MNE,2024-03-20 09:00:00,2024-03-20 10:00:00,58.89
Montenegro,MNE,2024-03-20 10:00:00,2024-03-20 11:00:00,28.23
Montenegro,MNE,2024-03-20 11:00:00,2024-03-20 12:00:00,44.3
Montenegro,MNE,2024-03-20 12:00:00,2024-03-20 13:00:00,57.9
Montenegro,MNE,2024-03-20 13:00:00,2024-03-20 14:00:00,63.16
Montenegro,MNE,2024-03-20 14:00:00,2024-03-20 15:00:00,69.96
Montenegro,MNE,2024-03-20 15:00:00,2024-03-20 16:00:00,76.28
Montenegro,MNE,2024-03-20 16:00:00,2024-03-20 17:00:00,108.73
Montenegro,MNE,2024-03-20 17:00:00,2024-03-20 18:00:00,134.59
Montenegro,MNE,2024-03-20 18:00:00,2024-03-20 19:00:00,131.22
Montenegro,MNE,2024-03-20 19:00:00,2024-03-20 20:00:00,110.03
Montenegro,MNE,2024-03-20 20:00:00,2024-03-20 21:00:00,89.2
Montenegro,MNE,2024-03-20 21:00:00,2024-03-20 22:00:00,83.99
Montenegro,MNE,2024-03-20 22:00:00,2024-03-20 23:00:00,75.84
Montenegro,MNE,2024-03-20 23:00:00,2024-03-21 00:00:00,71.08
Montenegro,MNE,2024-03-21 00:00:00,2024-03-21 01:00:00,67.42
Montenegro,MNE,2024-03-21 01:00:00,2024-03-21 02:00:00,67.6
Montenegro,MNE,2024-03-21 02:00:00,2024-03-21 03:00:00,64.88
Montenegro,MNE,2024-03-21 03:00:00,2024-03-21 04:00:00,65.05
Montenegro,MNE,2024-03-21 04:00:00,2024-03-21 05:00:00,67.81
Montenegro,MNE,2024-03-21 05:00:00,2024-03-21 06:00:00,83.08
Montenegro,MNE,2024-03-21 06:00:00,2024-03-21 07:00:00,91.84
Montenegro,MNE,2024-03-21 07:00:00,2024-03-21 08:00:00,67.3
Montenegro,MNE,2024-03-21 08:00:00,2024-03-21 09:00:00,64.9
Montenegro,MNE,2024-03-21 09:00:00,2024-03-21 10:00:00,52.28
Montenegro,MNE,2024-03-21 10:00:00,2024-03-21 11:00:00,50.08
Montenegro,MNE,2024-03-21 11:00:00,2024-03-21 12:00:00,44.04
Montenegro,MNE,2024-03-21 12:00:00,2024-03-21 13:00:00,41.98
Montenegro,MNE,2024-03-21 13:00:00,2024-03-21 14:00:00,55.0
Montenegro,MNE,2024-03-21 14:00:00,2024-03-21 15:00:00,63.5
Montenegro,MNE,2024-03-21 15:00:00,2024-03-21 16:00:00,73.86
Montenegro,MNE,2024-03-21 16:00:00,2024-03-21 17:00:00,99.59
Montenegro,MNE,2024-03-21 17:00:00,2024-03-21 18:00:00,123.51
Montenegro,MNE,2024-03-21 18:00:00,2024-03-21 19:00:00,123.69
Montenegro,MNE,2024-03-21 19:00:00,2024-03-21 20:00:00,95.54
Montenegro,MNE,2024-03-21 20:00:00,2024-03-21 21:00:00,82.3
Montenegro,MNE,2024-03-21 21:00:00,2024-03-21 22:00:00,72.71
Montenegro,MNE,2024-03-21 22:00:00,2024-03-21 23:00:00,65.75
Montenegro,MNE,2024-03-21 23:00:00,2024-03-22 00:00:00,63.48
Montenegro,MNE,2024-03-22 00:00:00,2024-03-22 01:00:00,59.97
Montenegro,MNE,2024-03-22 01:00:00,2024-03-22 02:00:00,59.74
Montenegro,MNE,2024-03-22 02:00:00,2024-03-22 03:00:00,58.18
Montenegro,MNE,2024-03-22 03:00:00,2024-03-22 04:00:00,59.47
Montenegro,MNE,2024-03-22 04:00:00,2024-03-22 05:00:00,63.07
Montenegro,MNE,2024-03-22 05:00:00,2024-03-22 06:00:00,71.66
Montenegro,MNE,2024-03-22 06:00:00,2024-03-22 07:00:00,75.29
Montenegro,MNE,2024-03-22 07:00:00,2024-03-22 08:00:00,71.68
Montenegro,MNE,2024-03-22 08:00:00,2024-03-22 09:00:00,59.46
Montenegro,MNE,2024-03-22 09:00:00,2024-03-22 10:00:00,54.01
Montenegro,MNE,2024-03-22 10:00:00,2024-03-22 11:00:00,48.32
Montenegro,MNE,2024-03-22 11:00:00,2024-03-22 12:00:00,47.09
Montenegro,MNE,2024-03-22 12:00:00,2024-03-22 13:00:00,49.01
Montenegro,MNE,2024-03-22 13:00:00,2024-03-22 14:00:00,60.12
Montenegro,MNE,2024-03-22 14:00:00,2024-03-22 15:00:00,64.97
Montenegro,MNE,2024-03-22 15:00:00,2024-03-22 16:00:00,67.77
Montenegro,MNE,2024-03-22 16:00:00,2024-03-22 17:00:00,83.5
Montenegro,MNE,2024-03-22 17:00:00,2024-03-22 18:00:00,104.36
Montenegro,MNE,2024-03-22 18:00:00,2024-03-22 19:00:00,103.93
Montenegro,MNE,2024-03-22 19:00:00,2024-03-22 20:00:00,87.7
Montenegro,MNE,2024-03-22 20:00:00,2024-03-22 21:00:00,73.7
Montenegro,MNE,2024-03-22 21:00:00,2024-03-22 22:00:00,71.6
Montenegro,MNE,2024-03-22 22:00:00,2024-03-22 23:00:00,67.33
Montenegro,MNE,2024-03-22 23:00:00,2024-03-23 00:00:00,87.22
Montenegro,MNE,2024-03-23 00:00:00,2024-03-23 01:00:00,79.69
Montenegro,MNE,2024-03-23 01:00:00,2024-03-23 02:00:00,75.38
Montenegro,MNE,2024-03-23 02:00:00,2024-03-23 03:00:00,75.38
Montenegro,MNE,2024-03-23 03:00:00,2024-03-23 04:00:00,71.56
Montenegro,MNE,2024-03-23 04:00:00,2024-03-23 05:00:00,50.1
Montenegro,MNE,2024-03-23 05:00:00,2024-03-23 06:00:00,51.28
Montenegro,MNE,2024-03-23 06:00:00,2024-03-23 07:00:00,53.07
Montenegro,MNE,2024-03-23 07:00:00,2024-03-23 08:00:00,35.94
Montenegro,MNE,2024-03-23 08:00:00,2024-03-23 09:00:00,50.01
Montenegro,MNE,2024-03-23 09:00:00,2024-03-23 10:00:00,50.02
Montenegro,MNE,2024-03-23 10:00:00,2024-03-23 11:00:00,41.08
Montenegro,MNE,2024-03-23 11:00:00,2024-03-23 12:00:00,39.15
Montenegro,MNE,2024-03-23 12:00:00,2024-03-23 13:00:00,35.72
Montenegro,MNE,2024-03-23 13:00:00,2024-03-23 14:00:00,23.37
Montenegro,MNE,2024-03-23 14:00:00,2024-03-23 15:00:00,35.55
Montenegro,MNE,2024-03-23 15:00:00,2024-03-23 16:00:00,51.37
Montenegro,MNE,2024-03-23 16:00:00,2024-03-23 17:00:00,64.92
Montenegro,MNE,2024-03-23 17:00:00,2024-03-23 18:00:00,64.95
Montenegro,MNE,2024-03-23 18:00:00,2024-03-23 19:00:00,64.97
Montenegro,MNE,2024-03-23 19:00:00,2024-03-23 20:00:00,64.93
Montenegro,MNE,2024-03-23 20:00:00,2024-03-23 21:00:00,59.01
Montenegro,MNE,2024-03-23 21:00:00,2024-03-23 22:00:00,71.24
Montenegro,MNE,2024-03-23 22:00:00,2024-03-23 23:00:00,68.07
Montenegro,MNE,2024-03-23 23:00:00,2024-03-24 00:00:00,36.59
Montenegro,MNE,2024-03-24 00:00:00,2024-03-24 01:00:00,33.59
Montenegro,MNE,2024-03-24 01:00:00,2024-03-24 02:00:00,32.79
Montenegro,MNE,2024-03-24 02:00:00,2024-03-24 03:00:00,31.34
Montenegro,MNE,2024-03-24 03:00:00,2024-03-24 04:00:00,30.99
Montenegro,MNE,2024-03-24 04:00:00,2024-03-24 05:00:00,33.15
Montenegro,MNE,2024-03-24 05:00:00,2024-03-24 06:00:00,28.43
Montenegro,MNE,2024-03-24 06:00:00,2024-03-24 07:00:00,19.26
Montenegro,MNE,2024-03-24 07:00:00,2024-03-24 08:00:00,8.1
Montenegro,MNE,2024-03-24 08:00:00,2024-03-24 09:00:00,3.07
Montenegro,MNE,2024-03-24 09:00:00,2024-03-24 10:00:00,3.05
Montenegro,MNE,2024-03-24 10:00:00,2024-03-24 11:00:00,3.05
Montenegro,MNE,2024-03-24 11:00:00,2024-03-24 12:00:00,9.58
Montenegro,MNE,2024-03-24 12:00:00,2024-03-24 13:00:00,8.53
Montenegro,MNE,2024-03-24 13:00:00,2024-03-24 14:00:00,10.52
Montenegro,MNE,2024-03-24 14:00:00,2024-03-24 15:00:00,15.43
Montenegro,MNE,2024-03-24 15:00:00,2024-03-24 16:00:00,29.95
Montenegro,MNE,2024-03-24 16:00:00,2024-03-24 17:00:00,57.97
Montenegro,MNE,2024-03-24 17:00:00,2024-03-24 18:00:00,69.91
Montenegro,MNE,2024-03-24 18:00:00,2024-03-24 19:00:00,69.92
Montenegro,MNE,2024-03-24 19:00:00,2024-03-24 20:00:00,69.92
Montenegro,MNE,2024-03-24 20:00:00,2024-03-24 21:00:00,67.64
Montenegro,MNE,2024-03-24 21:00:00,2024-03-24 22:00:00,58.59
Montenegro,MNE,2024-03-24 22:00:00,2024-03-24 23:00:00,56.84
Montenegro,MNE,2024-03-24 23:00:00,2024-03-25 00:00:00,55.41
Montenegro,MNE,2024-03-25 00:00:00,2024-03-25 01:00:00,55.2
Montenegro,MNE,2024-03-25 01:00:00,2024-03-25 02:00:00,55.14
Montenegro,MNE,2024-03-25 02:00:00,2024-03-25 03:00:00,53.17
Montenegro,MNE,2024-03-25 03:00:00,2024-03-25 04:00:00,56.93
Montenegro,MNE,2024-03-25 04:00:00,2024-03-25 05:00:00,63.48
Montenegro,MNE,2024-03-25 05:00:00,2024-03-25 06:00:00,71.81
Montenegro,MNE,2024-03-25 06:00:00,2024-03-25 07:00:00,86.79
Montenegro,MNE,2024-03-25 07:00:00,2024-03-25 08:00:00,75.87
Montenegro,MNE,2024-03-25 08:00:00,2024-03-25 09:00:00,64.93
Montenegro,MNE,2024-03-25 09:00:00,2024-03-25 10:00:00,56.09
Montenegro,MNE,2024-03-25 10:00:00,2024-03-25 11:00:00,45.09
Montenegro,MNE,2024-03-25 11:00:00,2024-03-25 12:00:00,51.08
Montenegro,MNE,2024-03-25 12:00:00,2024-03-25 13:00:00,42.89
Montenegro,MNE,2024-03-25 13:00:00,2024-03-25 14:00:00,45.04
Montenegro,MNE,2024-03-25 14:00:00,2024-03-25 15:00:00,57.79
Montenegro,MNE,2024-03-25 15:00:00,2024-03-25 16:00:00,71.09
Montenegro,MNE,2024-03-25 16:00:00,2024-03-25 17:00:00,97.98
Montenegro,MNE,2024-03-25 17:00:00,2024-03-25 18:00:00,127.7
Montenegro,MNE,2024-03-25 18:00:00,2024-03-25 19:00:00,130.41
Montenegro,MNE,2024-03-25 19:00:00,2024-03-25 20:00:00,105.41
Montenegro,MNE,2024-03-25 20:00:00,2024-03-25 21:00:00,87.35
Montenegro,MNE,2024-03-25 21:00:00,2024-03-25 22:00:00,78.61
Montenegro,MNE,2024-03-25 22:00:00,2024-03-25 23:00:00,75.01
Montenegro,MNE,2024-03-25 23:00:00,2024-03-26 00:00:00,68.0
Montenegro,MNE,2024-03-26 00:00:00,2024-03-26 01:00:00,67.73
Montenegro,MNE,2024-03-26 01:00:00,2024-03-26 02:00:00,71.33
Montenegro,MNE,2024-03-26 02:00:00,2024-03-26 03:00:00,71.39
Montenegro,MNE,2024-03-26 03:00:00,2024-03-26 04:00:00,70.7
Montenegro,MNE,2024-03-26 04:00:00,2024-03-26 05:00:00,67.11
Montenegro,MNE,2024-03-26 05:00:00,2024-03-26 06:00:00,76.82
Montenegro,MNE,2024-03-26 06:00:00,2024-03-26 07:00:00,75.64
Montenegro,MNE,2024-03-26 07:00:00,2024-03-26 08:00:00,69.81
Montenegro,MNE,2024-03-26 08:00:00,2024-03-26 09:00:00,63.07
Montenegro,MNE,2024-03-26 09:00:00,2024-03-26 10:00:00,51.24
Montenegro,MNE,2024-03-26 10:00:00,2024-03-26 11:00:00,44.84
Montenegro,MNE,2024-03-26 11:00:00,2024-03-26 12:00:00,44.09
Montenegro,MNE,2024-03-26 12:00:00,2024-03-26 13:00:00,42.1
Montenegro,MNE,2024-03-26 13:00:00,2024-03-26 14:00:00,45.86
Montenegro,MNE,2024-03-26 14:00:00,2024-03-26 15:00:00,56.0
Montenegro,MNE,2024-03-26 15:00:00,2024-03-26 16:00:00,65.96
Montenegro,MNE,2024-03-26 16:00:00,2024-03-26 17:00:00,79.78
Montenegro,MNE,2024-03-26 17:00:00,2024-03-26 18:00:00,99.53
Montenegro,MNE,2024-03-26 18:00:00,2024-03-26 19:00:00,97.82
Montenegro,MNE,2024-03-26 19:00:00,2024-03-26 20:00:00,80.95
Montenegro,MNE,2024-03-26 20:00:00,2024-03-26 21:00:00,71.25
Montenegro,MNE,2024-03-26 21:00:00,2024-03-26 22:00:00,63.42
Montenegro,MNE,2024-03-26 22:00:00,2024-03-26 23:00:00,62.78
Montenegro,MNE,2024-03-26 23:00:00,2024-03-27 00:00:00,63.88
Montenegro,MNE,2024-03-27 00:00:00,2024-03-27 01:00:00,62.91
Montenegro,MNE,2024-03-27 01:00:00,2024-03-27 02:00:00,59.92
Montenegro,MNE,2024-03-27 02:00:00,2024-03-27 03:00:00,59.5
Montenegro,MNE,2024-03-27 03:00:00,2024-03-27 04:00:00,63.54
Montenegro,MNE,2024-03-27 04:00:00,2024-03-27 05:00:00,67.11
Montenegro,MNE,2024-03-27 05:00:00,2024-03-27 06:00:00,75.65
Montenegro,MNE,2024-03-27 06:00:00,2024-03-27 07:00:00,75.66
Montenegro,MNE,2024-03-27 07:00:00,2024-03-27 08:00:00,64.98
Montenegro,MNE,2024-03-27 08:00:00,2024-03-27 09:00:00,56.38
Montenegro,MNE,2024-03-27 09:00:00,2024-03-27 10:00:00,49.06
Montenegro,MNE,2024-03-27 10:00:00,2024-03-27 11:00:00,45.32
Montenegro,MNE,2024-03-27 11:00:00,2024-03-27 12:00:00,41.36
Montenegro,MNE,2024-03-27 12:00:00,2024-03-27 13:00:00,45.94
Montenegro,MNE,2024-03-27 13:00:00,2024-03-27 14:00:00,55.28
Montenegro,MNE,2024-03-27 14:00:00,2024-03-27 15:00:00,62.98
Montenegro,MNE,2024-03-27 15:00:00,2024-03-27 16:00:00,68.36
Montenegro,MNE,2024-03-27 16:00:00,2024-03-27 17:00:00,80.66
Montenegro,MNE,2024-03-27 17:00:00,2024-03-27 18:00:00,94.0
Montenegro,MNE,2024-03-27 18:00:00,2024-03-27 19:00:00,95.87
Montenegro,MNE,2024-03-27 19:00:00,2024-03-27 20:00:00,85.68
Montenegro,MNE,2024-03-27 20:00:00,2024-03-27 21:00:00,77.91
Montenegro,MNE,2024-03-27 21:00:00,2024-03-27 22:00:00,71.95
Montenegro,MNE,2024-03-27 22:00:00,2024-03-27 23:00:00,64.93
Montenegro,MNE,2024-03-27 23:00:00,2024-03-28 00:00:00,64.37
Montenegro,MNE,2024-03-28 00:00:00,2024-03-28 01:00:00,58.76
Montenegro,MNE,2024-03-28 01:00:00,2024-03-28 02:00:00,51.74
Montenegro,MNE,2024-03-28 02:00:00,2024-03-28 03:00:00,50.05
Montenegro,MNE,2024-03-28 03:00:00,2024-03-28 04:00:00,52.62
Montenegro,MNE,2024-03-28 04:00:00,2024-03-28 05:00:00,59.58
Montenegro,MNE,2024-03-28 05:00:00,2024-03-28 06:00:00,65.95
Montenegro,MNE,2024-03-28 06:00:00,2024-03-28 07:00:00,68.04
Montenegro,MNE,2024-03-28 07:00:00,2024-03-28 08:00:00,64.98
Montenegro,MNE,2024-03-28 08:00:00,2024-03-28 09:00:00,57.27
Montenegro,MNE,2024-03-28 09:00:00,2024-03-28 10:00:00,36.08
Montenegro,MNE,2024-03-28 10:00:00,2024-03-28 11:00:00,22.09
Montenegro,MNE,2024-03-28 11:00:00,2024-03-28 12:00:00,16.06
Montenegro,MNE,2024-03-28 12:00:00,2024-03-28 13:00:00,16.05
Montenegro,MNE,2024-03-28 13:00:00,2024-03-28 14:00:00,15.82
Montenegro,MNE,2024-03-28 14:00:00,2024-03-28 15:00:00,26.14
Montenegro,MNE,2024-03-28 15:00:00,2024-03-28 16:00:00,47.84
Montenegro,MNE,2024-03-28 16:00:00,2024-03-28 17:00:00,64.92
Montenegro,MNE,2024-03-28 17:00:00,2024-03-28 18:00:00,72.77
Montenegro,MNE,2024-03-28 18:00:00,2024-03-28 19:00:00,78.33
Montenegro,MNE,2024-03-28 19:00:00,2024-03-28 20:00:00,65.56
Montenegro,MNE,2024-03-28 20:00:00,2024-03-28 21:00:00,62.39
Montenegro,MNE,2024-03-28 21:00:00,2024-03-28 22:00:00,57.14
Montenegro,MNE,2024-03-28 22:00:00,2024-03-28 23:00:00,46.64
Montenegro,MNE,2024-03-28 23:00:00,2024-03-29 00:00:00,21.6
Montenegro,MNE,2024-03-29 00:00:00,2024-03-29 01:00:00,17.87
Montenegro,MNE,2024-03-29 01:00:00,2024-03-29 02:00:00,19.0
Montenegro,MNE,2024-03-29 02:00:00,2024-03-29 03:00:00,19.1
Montenegro,MNE,2024-03-29 03:00:00,2024-03-29 04:00:00,23.0
Montenegro,MNE,2024-03-29 04:00:00,2024-03-29 05:00:00,32.84
Montenegro,MNE,2024-03-29 05:00:00,2024-03-29 06:00:00,37.94
Montenegro,MNE,2024-03-29 06:00:00,2024-03-29 07:00:00,37.44
Montenegro,MNE,2024-03-29 07:00:00,2024-03-29 08:00:00,29.91
Montenegro,MNE,2024-03-29 08:00:00,2024-03-29 09:00:00,22.78
Montenegro,MNE,2024-03-29 09:00:00,2024-03-29 10:00:00,14.08
Montenegro,MNE,2024-03-29 10:00:00,2024-03-29 11:00:00,9.64
Montenegro,MNE,2024-03-29 11:00:00,2024-03-29 12:00:00,3.94
Montenegro,MNE,2024-03-29 12:00:00,2024-03-29 13:00:00,6.04
Montenegro,MNE,2024-03-29 13:00:00,2024-03-29 14:00:00,12.05
Montenegro,MNE,2024-03-29 14:00:00,2024-03-29 15:00:00,24.42
Montenegro,MNE,2024-03-29 15:00:00,2024-03-29 16:00:00,45.36
Montenegro,MNE,2024-03-29 16:00:00,2024-03-29 17:00:00,64.9
Montenegro,MNE,2024-03-29 17:00:00,2024-03-29 18:00:00,69.23
Montenegro,MNE,2024-03-29 18:00:00,2024-03-29 19:00:00,71.08
Montenegro,MNE,2024-03-29 19:00:00,2024-03-29 20:00:00,64.98
Montenegro,MNE,2024-03-29 20:00:00,2024-03-29 21:00:00,59.65
Montenegro,MNE,2024-03-29 21:00:00,2024-03-29 22:00:00,60.3
Montenegro,MNE,2024-03-29 22:00:00,2024-03-29 23:00:00,58.52
Montenegro,MNE,2024-03-29 23:00:00,2024-03-30 00:00:00,65.75
Montenegro,MNE,2024-03-30 00:00:00,2024-03-30 01:00:00,59.36
Montenegro,MNE,2024-03-30 01:00:00,2024-03-30 02:00:00,55.21
Montenegro,MNE,2024-03-30 02:00:00,2024-03-30 03:00:00,53.17
Montenegro,MNE,2024-03-30 03:00:00,2024-03-30 04:00:00,53.06
Montenegro,MNE,2024-03-30 04:00:00,2024-03-30 05:00:00,55.04
Montenegro,MNE,2024-03-30 05:00:00,2024-03-30 06:00:00,57.03
Montenegro,MNE,2024-03-30 06:00:00,2024-03-30 07:00:00,51.24
Montenegro,MNE,2024-03-30 07:00:00,2024-03-30 08:00:00,39.03
Montenegro,MNE,2024-03-30 08:00:00,2024-03-30 09:00:00,23.99
Montenegro,MNE,2024-03-30 09:00:00,2024-03-30 10:00:00,14.09
Montenegro,MNE,2024-03-30 10:00:00,2024-03-30 11:00:00,7.04
Montenegro,MNE,2024-03-30 11:00:00,2024-03-30 12:00:00,3.94
Montenegro,MNE,2024-03-30 12:00:00,2024-03-30 13:00:00,7.04
Montenegro,MNE,2024-03-30 13:00:00,2024-03-30 14:00:00,11.03
Montenegro,MNE,2024-03-30 14:00:00,2024-03-30 15:00:00,23.3
Montenegro,MNE,2024-03-30 15:00:00,2024-03-30 16:00:00,43.86
Montenegro,MNE,2024-03-30 16:00:00,2024-03-30 17:00:00,63.65
Montenegro,MNE,2024-03-30 17:00:00,2024-03-30 18:00:00,71.49
Montenegro,MNE,2024-03-30 18:00:00,2024-03-30 19:00:00,70.1
Montenegro,MNE,2024-03-30 19:00:00,2024-03-30 20:00:00,70.06
Montenegro,MNE,2024-03-30 20:00:00,2024-03-30 21:00:00,64.92
Montenegro,MNE,2024-03-30 21:00:00,2024-03-30 22:00:00,63.24
Montenegro,MNE,2024-03-30 22:00:00,2024-03-30 23:00:00,59.93
Montenegro,MNE,2024-03-30 23:00:00,2024-03-31 00:00:00,59.14
Montenegro,MNE,2024-03-31 00:00:00,2024-03-31 01:00:00,51.47
Montenegro,MNE,2024-03-31 01:00:00,2024-03-31 03:00:00,46.08
Montenegro,MNE,2024-03-31 02:00:00,2024-03-31 04:00:00,47.05
Montenegro,MNE,2024-03-31 03:00:00,2024-03-31 05:00:00,49.8
Montenegro,MNE,2024-03-31 04:00:00,2024-03-31 06:00:00,39.61
Montenegro,MNE,2024-03-31 05:00:00,2024-03-31 07:00:00,37.35
Montenegro,MNE,2024-03-31 06:00:00,2024-03-31 08:00:00,31.08
Montenegro,MNE,2024-03-31 07:00:00,2024-03-31 09:00:00,15.52
Montenegro,MNE,2024-03-31 08:00:00,2024-03-31 10:00:00,7.53
Montenegro,MNE,2024-03-31 09:00:00,2024-03-31 11:00:00,5.09
Montenegro,MNE,2024-03-31 10:00:00,2024-03-31 12:00:00,1.94
Montenegro,MNE,2024-03-31 11:00:00,2024-03-31 13:00:00,1.76
Montenegro,MNE,2024-03-31 12:00:00,2024-03-31 14:00:00,1.69
Montenegro,MNE,2024-03-31 13:00:00,2024-03-31 15:00:00,1.99
Montenegro,MNE,2024-03-31 14:00:00,2024-03-31 16:00:00,15.59
Montenegro,MNE,2024-03-31 15:00:00,2024-03-31 17:00:00,45.77
Montenegro,MNE,2024-03-31 16:00:00,2024-03-31 18:00:00,51.74
Montenegro,MNE,2024-03-31 17:00:00,2024-03-31 19:00:00,65.21
Montenegro,MNE,2024-03-31 18:00:00,2024-03-31 20:00:00,65.06
Montenegro,MNE,2024-03-31 19:00:00,2024-03-31 21:00:00,64.11
Montenegro,MNE,2024-03-31 20:00:00,2024-03-31 22:00:00,63.31
Montenegro,MNE,2024-03-31 21:00:00,2024-03-31 23:00:00,59.11
Montenegro,MNE,2024-03-31 22:00:00,2024-04-01 00:00:00,36.49
Montenegro,MNE,2024-03-31 23:00:00,2024-04-01 01:00:00,36.41
Montenegro,MNE,2024-04-01 00:00:00,2024-04-01 02:00:00,28.83
Montenegro,MNE,2024-04-01 01:00:00,2024-04-01 03:00:00,28.72
Montenegro,MNE,2024-04-01 02:00:00,2024-04-01 04:00:00,29.29
Montenegro,MNE,2024-04-01 03:00:00,2024-04-01 05:00:00,37.66
Montenegro,MNE,2024-04-01 04:00:00,2024-04-01 06:00:00,41.13
Montenegro,MNE,2024-04-01 05:00:00,2024-04-01 07:00:00,43.22
Montenegro,MNE,2024-04-01 06:00:00,2024-04-01 08:00:00,37.51
Montenegro,MNE,2024-04-01 07:00:00,2024-04-01 09:00:00,19.7
Montenegro,MNE,2024-04-01 08:00:00,2024-04-01 10:00:00,2.05
Montenegro,MNE,2024-04-01 09:00:00,2024-04-01 11:00:00,1.69
Montenegro,MNE,2024-04-01 10:00:00,2024-04-01 12:00:00,1.62
Montenegro,MNE,2024-04-01 11:00:00,2024-04-01 13:00:00,1.47
Montenegro,MNE,2024-04-01 12:00:00,2024-04-01 14:00:00,1.38
Montenegro,MNE,2024-04-01 13:00:00,2024-04-01 15:00:00,1.53
Montenegro,MNE,2024-04-01 14:00:00,2024-04-01 16:00:00,15.02
Montenegro,MNE,2024-04-01 15:00:00,2024-04-01 17:00:00,43.17
Montenegro,MNE,2024-04-01 16:00:00,2024-04-01 18:00:00,46.05
Montenegro,MNE,2024-04-01 17:00:00,2024-04-01 19:00:00,58.99
Montenegro,MNE,2024-04-01 18:00:00,2024-04-01 20:00:00,55.95
Montenegro,MNE,2024-04-01 19:00:00,2024-04-01 21:00:00,47.52
Montenegro,MNE,2024-04-01 20:00:00,2024-04-01 22:00:00,39.48
Montenegro,MNE,2024-04-01 21:00:00,2024-04-01 23:00:00,33.4
Montenegro,MNE,2024-04-01 22:00:00,2024-04-02 00:00:00,29.1
Montenegro,MNE,2024-04-01 23:00:00,2024-04-02 01:00:00,34.62
Montenegro,MNE,2024-04-02 00:00:00,2024-04-02 02:00:00,25.25
Montenegro,MNE,2024-04-02 01:00:00,2024-04-02 03:00:00,19.43
Montenegro,MNE,2024-04-02 02:00:00,2024-04-02 04:00:00,20.47
Montenegro,MNE,2024-04-02 03:00:00,2024-04-02 05:00:00,30.79
Montenegro,MNE,2024-04-02 04:00:00,2024-04-02 06:00:00,45.94
Montenegro,MNE,2024-04-02 05:00:00,2024-04-02 07:00:00,64.53
Montenegro,MNE,2024-04-02 06:00:00,2024-04-02 08:00:00,57.03
Montenegro,MNE,2024-04-02 07:00:00,2024-04-02 09:00:00,45.94
Montenegro,MNE,2024-04-02 08:00:00,2024-04-02 10:00:00,26.09
Montenegro,MNE,2024-04-02 09:00:00,2024-04-02 11:00:00,26.03
Montenegro,MNE,2024-04-02 10:00:00,2024-04-02 12:00:00,23.75
Montenegro,MNE,2024-04-02 11:00:00,2024-04-02 13:00:00,19.99
Montenegro,MNE,2024-04-02 12:00:00,2024-04-02 14:00:00,11.59
Montenegro,MNE,2024-04-02 13:00:00,2024-04-02 15:00:00,21.25
Montenegro,MNE,2024-04-02 14:00:00,2024-04-02 16:00:00,31.92
Montenegro,MNE,2024-04-02 15:00:00,2024-04-02 17:00:00,49.27
Montenegro,MNE,2024-04-02 16:00:00,2024-04-02 18:00:00,64.97
Montenegro,MNE,2024-04-02 17:00:00,2024-04-02 19:00:00,79.32
Montenegro,MNE,2024-04-02 18:00:00,2024-04-02 20:00:00,79.49
Montenegro,MNE,2024-04-02 19:00:00,2024-04-02 21:00:00,71.86
Montenegro,MNE,2024-04-02 20:00:00,2024-04-02 22:00:00,67.0
Montenegro,MNE,2024-04-02 21:00:00,2024-04-02 23:00:00,60.2
Montenegro,MNE,2024-04-02 22:00:00,2024-04-03 00:00:00,57.54
Montenegro,MNE,2024-04-02 23:00:00,2024-04-03 01:00:00,48.24
Montenegro,MNE,2024-04-03 00:00:00,2024-04-03 02:00:00,48.49
Montenegro,MNE,2024-04-03 01:00:00,2024-04-03 03:00:00,49.96
Montenegro,MNE,2024-04-03 02:00:00,2024-04-03 04:00:00,52.57
Montenegro,MNE,2024-04-03 03:00:00,2024-04-03 05:00:00,66.48
Montenegro,MNE,2024-04-03 04:00:00,2024-04-03 06:00:00,93.76
Montenegro,MNE,2024-04-03 05:00:00,2024-04-03 07:00:00,101.09
Montenegro,MNE,2024-04-03 06:00:00,2024-04-03 08:00:00,85.17
Montenegro,MNE,2024-04-03 07:00:00,2024-04-03 09:00:00,71.48
Montenegro,MNE,2024-04-03 08:00:00,2024-04-03 10:00:00,52.09
Montenegro,MNE,2024-04-03 09:00:00,2024-04-03 11:00:00,39.9
Montenegro,MNE,2024-04-03 10:00:00,2024-04-03 12:00:00,43.14
Montenegro,MNE,2024-04-03 11:00:00,2024-04-03 13:00:00,45.29
Montenegro,MNE,2024-04-03 12:00:00,2024-04-03 14:00:00,49.32
Montenegro,MNE,2024-04-03 13:00:00,2024-04-03 15:00:00,55.37
Montenegro,MNE,2024-04-03 14:00:00,2024-04-03 16:00:00,64.98
Montenegro,MNE,2024-04-03 15:00:00,2024-04-03 17:00:00,83.73
Montenegro,MNE,2024-04-03 16:00:00,2024-04-03 18:00:00,99.53
Montenegro,MNE,2024-04-03 17:00:00,2024-04-03 19:00:00,111.83
Montenegro,MNE,2024-04-03 18:00:00,2024-04-03 20:00:00,103.94
Montenegro,MNE,2024-04-03 19:00:00,2024-04-03 21:00:00,79.91
Montenegro,MNE,2024-04-03 20:00:00,2024-04-03 22:00:00,67.67
Montenegro,MNE,2024-04-03 21:00:00,2024-04-03 23:00:00,64.96
Montenegro,MNE,2024-04-03 22:00:00,2024-04-04 00:00:00,58.85
Montenegro,MNE,2024-04-03 23:00:00,2024-04-04 01:00:00,53.06
Montenegro,MNE,2024-04-04 00:00:00,2024-04-04 02:00:00,47.78
Montenegro,MNE,2024-04-04 01:00:00,2024-04-04 03:00:00,48.08
Montenegro,MNE,2024-04-04 02:00:00,2024-04-04 04:00:00,52.19
Montenegro,MNE,2024-04-04 03:00:00,2024-04-04 05:00:00,63.14
Montenegro,MNE,2024-04-04 04:00:00,2024-04-04 06:00:00,75.78
Montenegro,MNE,2024-04-04 05:00:00,2024-04-04 07:00:00,83.82
Montenegro,MNE,2024-04-04 06:00:00,2024-04-04 08:00:00,77.1
Montenegro,MNE,2024-04-04 07:00:00,2024-04-04 09:00:00,64.96
Montenegro,MNE,2024-04-04 08:00:00,2024-04-04 10:00:00,66.97
Montenegro,MNE,2024-04-04 09:00:00,2024-04-04 11:00:00,55.97
Montenegro,MNE,2024-04-04 10:00:00,2024-04-04 12:00:00,53.31
Montenegro,MNE,2024-04-04 11:00:00,2024-04-04 13:00:00,51.06
Montenegro,MNE,2024-04-04 12:00:00,2024-04-04 14:00:00,50.13
Montenegro,MNE,2024-04-04 13:00:00,2024-04-04 15:00:00,51.78
Montenegro,MNE,2024-04-04 14:00:00,2024-04-04 16:00:00,51.61
Montenegro,MNE,2024-04-04 15:00:00,2024-04-04 17:00:00,62.48
Montenegro,MNE,2024-04-04 16:00:00,2024-04-04 18:00:00,77.39
Montenegro,MNE,2024-04-04 17:00:00,2024-04-04 19:00:00,87.96
Montenegro,MNE,2024-04-04 18:00:00,2024-04-04 20:00:00,88.55
Montenegro,MNE,2024-04-04 19:00:00,2024-04-04 21:00:00,69.67
Montenegro,MNE,2024-04-04 20:00:00,2024-04-04 22:00:00,64.97
Montenegro,MNE,2024-04-04 21:00:00,2024-04-04 23:00:00,61.71
Montenegro,MNE,2024-04-04 22:00:00,2024-04-05 00:00:00,53.89
Montenegro,MNE,2024-04-04 23:00:00,2024-04-05 01:00:00,52.0
Montenegro,MNE,2024-04-05 00:00:00,2024-04-05 02:00:00,51.62
Montenegro,MNE,2024-04-05 01:00:00,2024-04-05 03:00:00,50.56
Montenegro,MNE,2024-04-05 02:00:00,2024-04-05 04:00:00,54.84
Montenegro,MNE,2024-04-05 03:00:00,2024-04-05 05:00:00,59.73
Montenegro,MNE,2024-04-05 04:00:00,2024-04-05 06:00:00,67.53
Montenegro,MNE,2024-04-05 05:00:00,2024-04-05 07:00:00,74.48
Montenegro,MNE,2024-04-05 06:00:00,2024-04-05 08:00:00,64.97
Montenegro,MNE,2024-04-05 07:00:00,2024-04-05 09:00:00,62.41
Montenegro,MNE,2024-04-05 08:00:00,2024-04-05 10:00:00,53.58
Montenegro,MNE,2024-04-05 09:00:00,2024-04-05 11:00:00,42.9
Montenegro,MNE,2024-04-05 10:00:00,2024-04-05 12:00:00,35.58
Montenegro,MNE,2024-04-05 11:00:00,2024-04-05 13:00:00,29.56
Montenegro,MNE,2024-04-05 12:00:00,2024-04-05 14:00:00,28.78
Montenegro,MNE,2024-04-05 13:00:00,2024-04-05 15:00:00,34.7
Montenegro,MNE,2024-04-05 14:00:00,2024-04-05 16:00:00,40.85
Montenegro,MNE,2024-04-05 15:00:00,2024-04-05 17:00:00,57.7
Montenegro,MNE,2024-04-05 16:00:00,2024-04-05 18:00:00,64.93
Montenegro,MNE,2024-04-05 17:00:00,2024-04-05 19:00:00,71.86
Montenegro,MNE,2024-04-05 18:00:00,2024-04-05 20:00:00,74.05
Montenegro,MNE,2024-04-05 19:00:00,2024-04-05 21:00:00,64.95
Montenegro,MNE,2024-04-05 20:00:00,2024-04-05 22:00:00,56.9
Montenegro,MNE,2024-04-05 21:00:00,2024-04-05 23:00:00,55.01
Montenegro,MNE,2024-04-05 22:00:00,2024-04-06 00:00:00,55.28
Montenegro,MNE,2024-04-05 23:00:00,2024-04-06 01:00:00,53.09
Montenegro,MNE,2024-04-06 00:00:00,2024-04-06 02:00:00,51.74
Montenegro,MNE,2024-04-06 01:00:00,2024-04-06 03:00:00,51.98
Montenegro,MNE,2024-04-06 02:00:00,2024-04-06 04:00:00,51.68
Montenegro,MNE,2024-04-06 03:00:00,2024-04-06 05:00:00,54.03
Montenegro,MNE,2024-04-06 04:00:00,2024-04-06 06:00:00,56.8
Montenegro,MNE,2024-04-06 05:00:00,2024-04-06 07:00:00,55.28
Montenegro,MNE,2024-04-06 06:00:00,2024-04-06 08:00:00,46.93
Montenegro,MNE,2024-04-06 07:00:00,2024-04-06 09:00:00,39.46
Montenegro,MNE,2024-04-06 08:00:00,2024-04-06 10:00:00,29.82
Montenegro,MNE,2024-04-06 09:00:00,2024-04-06 11:00:00,6.93
Montenegro,MNE,2024-04-06 10:00:00,2024-04-06 12:00:00,2.03
Montenegro,MNE,2024-04-06 11:00:00,2024-04-06 13:00:00,2.04
Montenegro,MNE,2024-04-06 12:00:00,2024-04-06 14:00:00,6.06
Montenegro,MNE,2024-04-06 13:00:00,2024-04-06 15:00:00,9.74
Montenegro,MNE,2024-04-06 14:00:00,2024-04-06 16:00:00,19.38
Montenegro,MNE,2024-04-06 15:00:00,2024-04-06 17:00:00,57.4
Montenegro,MNE,2024-04-06 16:00:00,2024-04-06 18:00:00,66.07
Montenegro,MNE,2024-04-06 17:00:00,2024-04-06 19:00:00,77.71
Montenegro,MNE,2024-04-06 18:00:00,2024-04-06 20:00:00,81.67
Montenegro,MNE,2024-04-06 19:00:00,2024-04-06 21:00:00,74.32
Montenegro,MNE,2024-04-06 20:00:00,2024-04-06 22:00:00,65.75
Montenegro,MNE,2024-04-06 21:00:00,2024-04-06 23:00:00,71.94
Montenegro,MNE,2024-04-06 22:00:00,2024-04-07 00:00:00,77.21
Montenegro,MNE,2024-04-06 23:00:00,2024-04-07 01:00:00,67.29
Montenegro,MNE,2024-04-07 00:00:00,2024-04-07 02:00:00,45.03
Montenegro,MNE,2024-04-07 01:00:00,2024-04-07 03:00:00,43.12
Montenegro,MNE,2024-04-07 02:00:00,2024-04-07 04:00:00,44.07
Montenegro,MNE,2024-04-07 03:00:00,2024-04-07 05:00:00,51.59
Montenegro,MNE,2024-04-07 04:00:00,2024-04-07 06:00:00,40.03
Montenegro,MNE,2024-04-07 05:00:00,2024-04-07 07:00:00,40.09
Montenegro,MNE,2024-04-07 06:00:00,2024-04-07 08:00:00,25.09
Montenegro,MNE,2024-04-07 07:00:00,2024-04-07 09:00:00,4.79
Montenegro,MNE,2024-04-07 08:00:00,2024-04-07 10:00:00,3.03
Montenegro,MNE,2024-04-07 09:00:00,2024-04-07 11:00:00,1.73
Montenegro,MNE,2024-04-07 10:00:00,2024-04-07 12:00:00,1.67
Montenegro,MNE,2024-04-07 11:00:00,2024-04-07 13:00:00,1.65
Montenegro,MNE,2024-04-07 12:00:00,2024-04-07 14:00:00,1.66
Montenegro,MNE,2024-04-07 13:00:00,2024-04-07 15:00:00,1.56
Montenegro,MNE,2024-04-07 14:00:00,2024-04-07 16:00:00,1.95
Montenegro,MNE,2024-04-07 15:00:00,2024-04-07 17:00:00,33.05
Montenegro,MNE,2024-04-07 16:00:00,2024-04-07 18:00:00,55.08
Montenegro,MNE,2024-04-07 17:00:00,2024-04-07 19:00:00,71.02
Montenegro,MNE,2024-04-07 18:00:00,2024-04-07 20:00:00,75.41
Montenegro,MNE,2024-04-07 19:00:00,2024-04-07 21:00:00,67.54
Montenegro,MNE,2024-04-07 20:00:00,2024-04-07 22:00:00,61.92
Montenegro,MNE,2024-04-07 21:00:00,2024-04-07 23:00:00,55.04
Montenegro,MNE,2024-04-07 22:00:00,2024-04-08 00:00:00,62.37
Montenegro,MNE,2024-04-07 23:00:00,2024-04-08 01:00:00,58.92
Montenegro,MNE,2024-04-08 00:00:00,2024-04-08 02:00:00,55.42
Montenegro,MNE,2024-04-08 01:00:00,2024-04-08 03:00:00,55.41
Montenegro,MNE,2024-04-08 02:00:00,2024-04-08 04:00:00,60.97
Montenegro,MNE,2024-04-08 03:00:00,2024-04-08 05:00:00,69.98
Montenegro,MNE,2024-04-08 04:00:00,2024-04-08 06:00:00,69.95
Montenegro,MNE,2024-04-08 05:00:00,2024-04-08 07:00:00,93.2
Montenegro,MNE,2024-04-08 06:00:00,2024-04-08 08:00:00,83.89
Montenegro,MNE,2024-04-08 07:00:00,2024-04-08 09:00:00,66.67
Montenegro,MNE,2024-04-08 08:00:00,2024-04-08 10:00:00,59.34
Montenegro,MNE,2024-04-08 09:00:00,2024-04-08 11:00:00,55.06
Montenegro,MNE,2024-04-08 10:00:00,2024-04-08 12:00:00,48.68
Montenegro,MNE,2024-04-08 11:00:00,2024-04-08 13:00:00,47.25
Montenegro,MNE,2024-04-08 12:00:00,2024-04-08 14:00:00,48.97
Montenegro,MNE,2024-04-08 13:00:00,2024-04-08 15:00:00,55.17
Montenegro,MNE,2024-04-08 14:00:00,2024-04-08 16:00:00,55.64
Montenegro,MNE,2024-04-08 15:00:00,2024-04-08 17:00:00,75.87
Montenegro,MNE,2024-04-08 16:00:00,2024-04-08 18:00:00,85.59
Montenegro,MNE,2024-04-08 17:00:00,2024-04-08 19:00:00,100.05
Montenegro,MNE,2024-04-08 18:00:00,2024-04-08 20:00:00,96.96
Montenegro,MNE,2024-04-08 19:00:00,2024-04-08 21:00:00,76.41
Montenegro,MNE,2024-04-08 20:00:00,2024-04-08 22:00:00,74.47
Montenegro,MNE,2024-04-08 21:00:00,2024-04-08 23:00:00,67.95
Montenegro,MNE,2024-04-08 22:00:00,2024-04-09 00:00:00,67.57
Montenegro,MNE,2024-04-08 23:00:00,2024-04-09 01:00:00,65.93
Montenegro,MNE,2024-04-09 00:00:00,2024-04-09 02:00:00,63.39
Montenegro,MNE,2024-04-09 01:00:00,2024-04-09 03:00:00,61.52
Montenegro,MNE,2024-04-09 02:00:00,2024-04-09 04:00:00,61.54
Montenegro,MNE,2024-04-09 03:00:00,2024-04-09 05:00:00,65.13
Montenegro,MNE,2024-04-09 04:00:00,2024-04-09 06:00:00,76.92
Montenegro,MNE,2024-04-09 05:00:00,2024-04-09 07:00:00,83.17
Montenegro,MNE,2024-04-09 06:00:00,2024-04-09 08:00:00,66.42
Montenegro,MNE,2024-04-09 07:00:00,2024-04-09 09:00:00,43.94
Montenegro,MNE,2024-04-09 08:00:00,2024-04-09 10:00:00,19.46
Montenegro,MNE,2024-04-09 09:00:00,2024-04-09 11:00:00,19.01
Montenegro,MNE,2024-04-09 10:00:00,2024-04-09 12:00:00,11.43
Montenegro,MNE,2024-04-09 11:00:00,2024-04-09 13:00:00,7.7
Montenegro,MNE,2024-04-09 12:00:00,2024-04-09 14:00:00,19.05
Montenegro,MNE,2024-04-09 13:00:00,2024-04-09 15:00:00,29.91
Montenegro,MNE,2024-04-09 14:00:00,2024-04-09 16:00:00,41.98
Montenegro,MNE,2024-04-09 15:00:00,2024-04-09 17:00:00,61.85
Montenegro,MNE,2024-04-09 16:00:00,2024-04-09 18:00:00,69.73
Montenegro,MNE,2024-04-09 17:00:00,2024-04-09 19:00:00,81.3
Montenegro,MNE,2024-04-09 18:00:00,2024-04-09 20:00:00,91.77
Montenegro,MNE,2024-04-09 19:00:00,2024-04-09 21:00:00,73.24
Montenegro,MNE,2024-04-09 20:00:00,2024-04-09 22:00:00,67.91
Montenegro,MNE,2024-04-09 21:00:00,2024-04-09 23:00:00,61.4
Montenegro,MNE,2024-04-09 22:00:00,2024-04-10 00:00:00,69.07
Montenegro,MNE,2024-04-09 23:00:00,2024-04-10 01:00:00,67.49
Montenegro,MNE,2024-04-10 00:00:00,2024-04-10 02:00:00,59.75
Montenegro,MNE,2024-04-10 01:00:00,2024-04-10 03:00:00,59.66
Montenegro,MNE,2024-04-10 02:00:00,2024-04-10 04:00:00,59.81
Montenegro,MNE,2024-04-10 03:00:00,2024-04-10 05:00:00,70.54
Montenegro,MNE,2024-04-10 04:00:00,2024-04-10 06:00:00,75.99
Montenegro,MNE,2024-04-10 05:00:00,2024-04-10 07:00:00,83.9
Montenegro,MNE,2024-04-10 06:00:00,2024-04-10 08:00:00,83.04
Montenegro,MNE,2024-04-10 07:00:00,2024-04-10 09:00:00,67.99
Montenegro,MNE,2024-04-10 08:00:00,2024-04-10 10:00:00,48.05
Montenegro,MNE,2024-04-10 09:00:00,2024-04-10 11:00:00,42.01
Montenegro,MNE,2024-04-10 10:00:00,2024-04-10 12:00:00,38.1
Montenegro,MNE,2024-04-10 11:00:00,2024-04-10 13:00:00,33.56
Montenegro,MNE,2024-04-10 12:00:00,2024-04-10 14:00:00,32.6
Montenegro,MNE,2024-04-10 13:00:00,2024-04-10 15:00:00,42.66
Montenegro,MNE,2024-04-10 14:00:00,2024-04-10 16:00:00,55.11
Montenegro,MNE,2024-04-10 15:00:00,2024-04-10 17:00:00,71.27
Montenegro,MNE,2024-04-10 16:00:00,2024-04-10 18:00:00,93.69
Montenegro,MNE,2024-04-10 17:00:00,2024-04-10 19:00:00,123.78
Montenegro,MNE,2024-04-10 18:00:00,2024-04-10 20:00:00,123.76
Montenegro,MNE,2024-04-10 19:00:00,2024-04-10 21:00:00,94.96
Montenegro,MNE,2024-04-10 20:00:00,2024-04-10 22:00:00,83.74
Montenegro,MNE,2024-04-10 21:00:00,2024-04-10 23:00:00,70.99
Montenegro,MNE,2024-04-10 22:00:00,2024-04-11 00:00:00,59.86
Montenegro,MNE,2024-04-10 23:00:00,2024-04-11 01:00:00,55.66
Montenegro,MNE,2024-04-11 00:00:00,2024-04-11 02:00:00,43.05
Montenegro,MNE,2024-04-11 01:00:00,2024-04-11 03:00:00,43.0
Montenegro,MNE,2024-04-11 02:00:00,2024-04-11 04:00:00,44.5
Montenegro,MNE,2024-04-11 03:00:00,2024-04-11 05:00:00,56.96
Montenegro,MNE,2024-04-11 04:00:00,2024-04-11 06:00:00,74.97
Montenegro,MNE,2024-04-11 05:00:00,2024-04-11 07:00:00,78.69
Montenegro,MNE,2024-04-11 06:00:00,2024-04-11 08:00:00,64.41
Montenegro,MNE,2024-04-11 07:00:00,2024-04-11 09:00:00,55.01
Montenegro,MNE,2024-04-11 08:00:00,2024-04-11 10:00:00,31.48
Montenegro,MNE,2024-04-11 09:00:00,2024-04-11 11:00:00,30.54
Montenegro,MNE,2024-04-11 10:00:00,2024-04-11 12:00:00,20.96
Montenegro,MNE,2024-04-11 11:00:00,2024-04-11 13:00:00,19.0
Montenegro,MNE,2024-04-11 12:00:00,2024-04-11 14:00:00,25.45
Montenegro,MNE,2024-04-11 13:00:00,2024-04-11 15:00:00,36.7
Montenegro,MNE,2024-04-11 14:00:00,2024-04-11 16:00:00,52.0
Montenegro,MNE,2024-04-11 15:00:00,2024-04-11 17:00:00,74.44
Montenegro,MNE,2024-04-11 16:00:00,2024-04-11 18:00:00,99.65
Montenegro,MNE,2024-04-11 17:00:00,2024-04-11 19:00:00,122.08
Montenegro,MNE,2024-04-11 18:00:00,2024-04-11 20:00:00,115.45
Montenegro,MNE,2024-04-11 19:00:00,2024-04-11 21:00:00,94.3
Montenegro,MNE,2024-04-11 20:00:00,2024-04-11 22:00:00,79.8
Montenegro,MNE,2024-04-11 21:00:00,2024-04-11 23:00:00,72.8
Montenegro,MNE,2024-04-11 22:00:00,2024-04-12 00:00:00,67.21
Montenegro,MNE,2024-04-11 23:00:00,2024-04-12 01:00:00,67.36
Montenegro,MNE,2024-04-12 00:00:00,2024-04-12 02:00:00,59.46
Montenegro,MNE,2024-04-12 01:00:00,2024-04-12 03:00:00,59.53
Montenegro,MNE,2024-04-12 02:00:00,2024-04-12 04:00:00,57.07
Montenegro,MNE,2024-04-12 03:00:00,2024-04-12 05:00:00,67.54
Montenegro,MNE,2024-04-12 04:00:00,2024-04-12 06:00:00,79.81
Montenegro,MNE,2024-04-12 05:00:00,2024-04-12 07:00:00,90.97
Montenegro,MNE,2024-04-12 06:00:00,2024-04-12 08:00:00,67.72
Montenegro,MNE,2024-04-12 07:00:00,2024-04-12 09:00:00,51.39
Montenegro,MNE,2024-04-12 08:00:00,2024-04-12 10:00:00,24.98
Montenegro,MNE,2024-04-12 09:00:00,2024-04-12 11:00:00,19.5
Montenegro,MNE,2024-04-12 10:00:00,2024-04-12 12:00:00,11.25
Montenegro,MNE,2024-04-12 11:00:00,2024-04-12 13:00:00,4.0
Montenegro,MNE,2024-04-12 12:00:00,2024-04-12 14:00:00,7.14
Montenegro,MNE,2024-04-12 13:00:00,2024-04-12 15:00:00,11.2
Montenegro,MNE,2024-04-12 14:00:00,2024-04-12 16:00:00,27.51
Montenegro,MNE,2024-04-12 15:00:00,2024-04-12 17:00:00,55.64
Montenegro,MNE,2024-04-12 16:00:00,2024-04-12 18:00:00,77.86
Montenegro,MNE,2024-04-12 17:00:00,2024-04-12 19:00:00,99.72
Montenegro,MNE,2024-04-12 18:00:00,2024-04-12 20:00:00,99.91
Montenegro,MNE,2024-04-12 19:00:00,2024-04-12 21:00:00,79.31
Montenegro,MNE,2024-04-12 20:00:00,2024-04-12 22:00:00,71.83
Montenegro,MNE,2024-04-12 21:00:00,2024-04-12 23:00:00,63.65
Montenegro,MNE,2024-04-12 22:00:00,2024-04-13 00:00:00,47.9
Montenegro,MNE,2024-04-12 23:00:00,2024-04-13 01:00:00,43.68
Montenegro,MNE,2024-04-13 00:00:00,2024-04-13 02:00:00,41.01
Montenegro,MNE,2024-04-13 01:00:00,2024-04-13 03:00:00,40.85
Montenegro,MNE,2024-04-13 02:00:00,2024-04-13 04:00:00,41.29
Montenegro,MNE,2024-04-13 03:00:00,2024-04-13 05:00:00,42.79
Montenegro,MNE,2024-04-13 04:00:00,2024-04-13 06:00:00,47.81
Montenegro,MNE,2024-04-13 05:00:00,2024-04-13 07:00:00,47.78
Montenegro,MNE,2024-04-13 06:00:00,2024-04-13 08:00:00,33.0
Montenegro,MNE,2024-04-13 07:00:00,2024-04-13 09:00:00,18.93
Montenegro,MNE,2024-04-13 08:00:00,2024-04-13 10:00:00,11.05
Montenegro,MNE,2024-04-13 09:00:00,2024-04-13 11:00:00,1.67
Montenegro,MNE,2024-04-13 10:00:00,2024-04-13 12:00:00,1.31
Montenegro,MNE,2024-04-13 11:00:00,2024-04-13 13:00:00,1.15
Montenegro,MNE,2024-04-13 12:00:00,2024-04-13 14:00:00,1.21
Montenegro,MNE,2024-04-13 13:00:00,2024-04-13 15:00:00,1.21
Montenegro,MNE,2024-04-13 14:00:00,2024-04-13 16:00:00,1.94
Montenegro,MNE,2024-04-13 15:00:00,2024-04-13 17:00:00,36.94
Montenegro,MNE,2024-04-13 16:00:00,2024-04-13 18:00:00,67.12
Montenegro,MNE,2024-04-13 17:00:00,2024-04-13 19:00:00,75.66
Montenegro,MNE,2024-04-13 18:00:00,2024-04-13 20:00:00,79.55
Montenegro,MNE,2024-04-13 19:00:00,2024-04-13 21:00:00,72.91
Montenegro,MNE,2024-04-13 20:00:00,2024-04-13 22:00:00,55.61
Montenegro,MNE,2024-04-13 21:00:00,2024-04-13 23:00:00,41.0
Montenegro,MNE,2024-04-13 22:00:00,2024-04-14 00:00:00,65.74
Montenegro,MNE,2024-04-13 23:00:00,2024-04-14 01:00:00,29.96
Montenegro,MNE,2024-04-14 00:00:00,2024-04-14 02:00:00,14.98
Montenegro,MNE,2024-04-14 01:00:00,2024-04-14 03:00:00,25.9
Montenegro,MNE,2024-04-14 02:00:00,2024-04-14 04:00:00,25.04
Montenegro,MNE,2024-04-14 03:00:00,2024-04-14 05:00:00,27.91
Montenegro,MNE,2024-04-14 04:00:00,2024-04-14 06:00:00,63.37
Montenegro,MNE,2024-04-14 05:00:00,2024-04-14 07:00:00,55.34
Montenegro,MNE,2024-04-14 06:00:00,2024-04-14 08:00:00,46.81
Montenegro,MNE,2024-04-14 07:00:00,2024-04-14 09:00:00,0.0
Montenegro,MNE,2024-04-14 08:00:00,2024-04-14 10:00:00,0.0
Montenegro,MNE,2024-04-14 09:00:00,2024-04-14 11:00:00,0.14
Montenegro,MNE,2024-04-14 10:00:00,2024-04-14 12:00:00,0.11
Montenegro,MNE,2024-04-14 11:00:00,2024-04-14 13:00:00,0.0
Montenegro,MNE,2024-04-14 12:00:00,2024-04-14 14:00:00,0.0
Montenegro,MNE,2024-04-14 13:00:00,2024-04-14 15:00:00,0.0
Montenegro,MNE,2024-04-14 14:00:00,2024-04-14 16:00:00,0.0
Montenegro,MNE,2024-04-14 15:00:00,2024-04-14 17:00:00,69.36
Montenegro,MNE,2024-04-14 16:00:00,2024-04-14 18:00:00,34.1
Montenegro,MNE,2024-04-14 17:00:00,2024-04-14 19:00:00,85.93
Montenegro,MNE,2024-04-14 18:00:00,2024-04-14 20:00:00,95.57
Montenegro,MNE,2024-04-14 19:00:00,2024-04-14 21:00:00,85.36
Montenegro,MNE,2024-04-14 20:00:00,2024-04-14 22:00:00,95.73
Montenegro,MNE,2024-04-14 21:00:00,2024-04-14 23:00:00,91.52
Montenegro,MNE,2024-04-14 22:00:00,2024-04-15 00:00:00,76.11
Montenegro,MNE,2024-04-14 23:00:00,2024-04-15 01:00:00,69.06
Montenegro,MNE,2024-04-15 00:00:00,2024-04-15 02:00:00,69.42
Montenegro,MNE,2024-04-15 01:00:00,2024-04-15 03:00:00,69.06
Montenegro,MNE,2024-04-15 02:00:00,2024-04-15 04:00:00,69.89
Montenegro,MNE,2024-04-15 03:00:00,2024-04-15 05:00:00,76.67
Montenegro,MNE,2024-04-15 04:00:00,2024-04-15 06:00:00,88.52
Montenegro,MNE,2024-04-15 05:00:00,2024-04-15 07:00:00,105.27
Montenegro,MNE,2024-04-15 06:00:00,2024-04-15 08:00:00,96.45
Montenegro,MNE,2024-04-15 07:00:00,2024-04-15 09:00:00,83.43
Montenegro,MNE,2024-04-15 08:00:00,2024-04-15 10:00:00,69.82
Montenegro,MNE,2024-04-15 09:00:00,2024-04-15 11:00:00,55.45
Montenegro,MNE,2024-04-15 10:00:00,2024-04-15 12:00:00,41.33
Montenegro,MNE,2024-04-15 11:00:00,2024-04-15 13:00:00,21.62
Montenegro,MNE,2024-04-15 12:00:00,2024-04-15 14:00:00,14.07
Montenegro,MNE,2024-04-15 13:00:00,2024-04-15 15:00:00,29.58
Montenegro,MNE,2024-04-15 14:00:00,2024-04-15 16:00:00,44.4
Montenegro,MNE,2024-04-15 15:00:00,2024-04-15 17:00:00,55.68
Montenegro,MNE,2024-04-15 16:00:00,2024-04-15 18:00:00,69.67
Montenegro,MNE,2024-04-15 17:00:00,2024-04-15 19:00:00,76.51
Montenegro,MNE,2024-04-15 18:00:00,2024-04-15 20:00:00,76.76
Montenegro,MNE,2024-04-15 19:00:00,2024-04-15 21:00:00,69.13
Montenegro,MNE,2024-04-15 20:00:00,2024-04-15 22:00:00,55.04
Montenegro,MNE,2024-04-15 21:00:00,2024-04-15 23:00:00,40.07
Montenegro,MNE,2024-04-15 22:00:00,2024-04-16 00:00:00,37.74
Montenegro,MNE,2024-04-15 23:00:00,2024-04-16 01:00:00,34.37
Montenegro,MNE,2024-04-16 00:00:00,2024-04-16 02:00:00,23.62
Montenegro,MNE,2024-04-16 01:00:00,2024-04-16 03:00:00,33.12
Montenegro,MNE,2024-04-16 02:00:00,2024-04-16 04:00:00,37.33
Montenegro,MNE,2024-04-16 03:00:00,2024-04-16 05:00:00,54.07
Montenegro,MNE,2024-04-16 04:00:00,2024-04-16 06:00:00,67.79
Montenegro,MNE,2024-04-16 05:00:00,2024-04-16 07:00:00,74.9
Montenegro,MNE,2024-04-16 06:00:00,2024-04-16 08:00:00,73.73
Montenegro,MNE,2024-04-16 07:00:00,2024-04-16 09:00:00,65.41
Montenegro,MNE,2024-04-16 08:00:00,2024-04-16 10:00:00,56.07
Montenegro,MNE,2024-04-16 09:00:00,2024-04-16 11:00:00,41.73
Montenegro,MNE,2024-04-16 10:00:00,2024-04-16 12:00:00,37.08
Montenegro,MNE,2024-04-16 11:00:00,2024-04-16 13:00:00,39.8
Montenegro,MNE,2024-04-16 12:00:00,2024-04-16 14:00:00,40.04
Montenegro,MNE,2024-04-16 13:00:00,2024-04-16 15:00:00,56.58
Montenegro,MNE,2024-04-16 14:00:00,2024-04-16 16:00:00,65.49
Montenegro,MNE,2024-04-16 15:00:00,2024-04-16 17:00:00,79.09
Montenegro,MNE,2024-04-16 16:00:00,2024-04-16 18:00:00,83.05
Montenegro,MNE,2024-04-16 17:00:00,2024-04-16 19:00:00,113.75
Montenegro,MNE,2024-04-16 18:00:00,2024-04-16 20:00:00,125.56
Montenegro,MNE,2024-04-16 19:00:00,2024-04-16 21:00:00,92.29
Montenegro,MNE,2024-04-16 20:00:00,2024-04-16 22:00:00,89.45
Montenegro,MNE,2024-04-16 21:00:00,2024-04-16 23:00:00,75.23
Montenegro,MNE,2024-04-16 22:00:00,2024-04-17 00:00:00,83.25
Montenegro,MNE,2024-04-16 23:00:00,2024-04-17 01:00:00,82.24
Montenegro,MNE,2024-04-17 00:00:00,2024-04-17 02:00:00,78.97
Montenegro,MNE,2024-04-17 01:00:00,2024-04-17 03:00:00,79.74
Montenegro,MNE,2024-04-17 02:00:00,2024-04-17 04:00:00,78.97
Montenegro,MNE,2024-04-17 03:00:00,2024-04-17 05:00:00,89.03
Montenegro,MNE,2024-04-17 04:00:00,2024-04-17 06:00:00,95.39
Montenegro,MNE,2024-04-17 05:00:00,2024-04-17 07:00:00,115.47
Montenegro,MNE,2024-04-17 06:00:00,2024-04-17 08:00:00,105.14
Montenegro,MNE,2024-04-17 07:00:00,2024-04-17 09:00:00,82.11
Montenegro,MNE,2024-04-17 08:00:00,2024-04-17 10:00:00,79.92
Montenegro,MNE,2024-04-17 09:00:00,2024-04-17 11:00:00,84.05
Montenegro,MNE,2024-04-17 10:00:00,2024-04-17 12:00:00,73.27
Montenegro,MNE,2024-04-17 11:00:00,2024-04-17 13:00:00,69.23
Montenegro,MNE,2024-04-17 12:00:00,2024-04-17 14:00:00,70.06
Montenegro,MNE,2024-04-17 13:00:00,2024-04-17 15:00:00,79.03
Montenegro,MNE,2024-04-17 14:00:00,2024-04-17 16:00:00,89.69
Montenegro,MNE,2024-04-17 15:00:00,2024-04-17 17:00:00,91.23
Montenegro,MNE,2024-04-17 16:00:00,2024-04-17 18:00:00,99.93
Montenegro,MNE,2024-04-17 17:00:00,2024-04-17 19:00:00,125.08
Montenegro,MNE,2024-04-17 18:00:00,2024-04-17 20:00:00,121.97
Montenegro,MNE,2024-04-17 19:00:00,2024-04-17 21:00:00,103.5
Montenegro,MNE,2024-04-17 20:00:00,2024-04-17 22:00:00,91.89
Montenegro,MNE,2024-04-17 21:00:00,2024-04-17 23:00:00,85.97
Montenegro,MNE,2024-04-17 22:00:00,2024-04-18 00:00:00,85.71
Montenegro,MNE,2024-04-17 23:00:00,2024-04-18 01:00:00,77.77
Montenegro,MNE,2024-04-18 00:00:00,2024-04-18 02:00:00,75.57
Montenegro,MNE,2024-04-18 01:00:00,2024-04-18 03:00:00,72.74
Montenegro,MNE,2024-04-18 02:00:00,2024-04-18 04:00:00,76.42
Montenegro,MNE,2024-04-18 03:00:00,2024-04-18 05:00:00,77.55
Montenegro,MNE,2024-04-18 04:00:00,2024-04-18 06:00:00,97.05
Montenegro,MNE,2024-04-18 05:00:00,2024-04-18 07:00:00,125.55
Montenegro,MNE,2024-04-18 06:00:00,2024-04-18 08:00:00,117.35
Montenegro,MNE,2024-04-18 07:00:00,2024-04-18 09:00:00,84.95
Montenegro,MNE,2024-04-18 08:00:00,2024-04-18 10:00:00,81.15
Montenegro,MNE,2024-04-18 09:00:00,2024-04-18 11:00:00,75.23
Montenegro,MNE,2024-04-18 10:00:00,2024-04-18 12:00:00,69.67
Montenegro,MNE,2024-04-18 11:00:00,2024-04-18 13:00:00,65.3
Montenegro,MNE,2024-04-18 12:00:00,2024-04-18 14:00:00,66.05
Montenegro,MNE,2024-04-18 13:00:00,2024-04-18 15:00:00,70.05
Montenegro,MNE,2024-04-18 14:00:00,2024-04-18 16:00:00,71.97
Montenegro,MNE,2024-04-18 15:00:00,2024-04-18 17:00:00,81.1
Montenegro,MNE,2024-04-18 16:00:00,2024-04-18 18:00:00,89.13
Montenegro,MNE,2024-04-18 17:00:00,2024-04-18 19:00:00,115.97
Montenegro,MNE,2024-04-18 18:00:00,2024-04-18 20:00:00,117.5
Montenegro,MNE,2024-04-18 19:00:00,2024-04-18 21:00:00,93.85
Montenegro,MNE,2024-04-18 20:00:00,2024-04-18 22:00:00,84.98
Montenegro,MNE,2024-04-18 21:00:00,2024-04-18 23:00:00,83.12
Montenegro,MNE,2024-04-18 22:00:00,2024-04-19 00:00:00,75.16
Montenegro,MNE,2024-04-18 23:00:00,2024-04-19 01:00:00,65.29
Montenegro,MNE,2024-04-19 00:00:00,2024-04-19 02:00:00,58.71
Montenegro,MNE,2024-04-19 01:00:00,2024-04-19 03:00:00,55.18
Montenegro,MNE,2024-04-19 02:00:00,2024-04-19 04:00:00,52.07
Montenegro,MNE,2024-04-19 03:00:00,2024-04-19 05:00:00,57.35
Montenegro,MNE,2024-04-19 04:00:00,2024-04-19 06:00:00,77.48
Montenegro,MNE,2024-04-19 05:00:00,2024-04-19 07:00:00,84.39
Montenegro,MNE,2024-04-19 06:00:00,2024-04-19 08:00:00,79.69
Montenegro,MNE,2024-04-19 07:00:00,2024-04-19 09:00:00,69.5
Montenegro,MNE,2024-04-19 08:00:00,2024-04-19 10:00:00,59.93
Montenegro,MNE,2024-04-19 09:00:00,2024-04-19 11:00:00,51.03
Montenegro,MNE,2024-04-19 10:00:00,2024-04-19 12:00:00,44.78
Montenegro,MNE,2024-04-19 11:00:00,2024-04-19 13:00:00,37.5
Montenegro,MNE,2024-04-19 12:00:00,2024-04-19 14:00:00,37.16
Montenegro,MNE,2024-04-19 13:00:00,2024-04-19 15:00:00,45.15
Montenegro,MNE,2024-04-19 14:00:00,2024-04-19 16:00:00,55.51
Montenegro,MNE,2024-04-19 15:00:00,2024-04-19 17:00:00,70.05
Montenegro,MNE,2024-04-19 16:00:00,2024-04-19 18:00:00,80.03
Montenegro,MNE,2024-04-19 17:00:00,2024-04-19 19:00:00,90.07
Montenegro,MNE,2024-04-19 18:00:00,2024-04-19 20:00:00,89.08
Montenegro,MNE,2024-04-19 19:00:00,2024-04-19 21:00:00,81.53
Montenegro,MNE,2024-04-19 20:00:00,2024-04-19 22:00:00,69.6
Montenegro,MNE,2024-04-19 21:00:00,2024-04-19 23:00:00,64.96
Montenegro,MNE,2024-04-19 22:00:00,2024-04-20 00:00:00,63.67
Montenegro,MNE,2024-04-19 23:00:00,2024-04-20 01:00:00,60.19
Montenegro,MNE,2024-04-20 00:00:00,2024-04-20 02:00:00,53.47
Montenegro,MNE,2024-04-20 01:00:00,2024-04-20 03:00:00,52.18
Montenegro,MNE,2024-04-20 02:00:00,2024-04-20 04:00:00,50.5
Montenegro,MNE,2024-04-20 03:00:00,2024-04-20 05:00:00,53.98
Montenegro,MNE,2024-04-20 04:00:00,2024-04-20 06:00:00,60.06
Montenegro,MNE,2024-04-20 05:00:00,2024-04-20 07:00:00,63.32
Montenegro,MNE,2024-04-20 06:00:00,2024-04-20 08:00:00,59.9
Montenegro,MNE,2024-04-20 07:00:00,2024-04-20 09:00:00,49.4
Montenegro,MNE,2024-04-20 08:00:00,2024-04-20 10:00:00,23.72
Montenegro,MNE,2024-04-20 09:00:00,2024-04-20 11:00:00,17.86
Montenegro,MNE,2024-04-20 10:00:00,2024-04-20 12:00:00,18.76
Montenegro,MNE,2024-04-20 11:00:00,2024-04-20 13:00:00,15.37
Montenegro,MNE,2024-04-20 12:00:00,2024-04-20 14:00:00,17.09
Montenegro,MNE,2024-04-20 13:00:00,2024-04-20 15:00:00,15.69
Montenegro,MNE,2024-04-20 14:00:00,2024-04-20 16:00:00,30.76
Montenegro,MNE,2024-04-20 15:00:00,2024-04-20 17:00:00,61.05
Montenegro,MNE,2024-04-20 16:00:00,2024-04-20 18:00:00,79.2
Montenegro,MNE,2024-04-20 17:00:00,2024-04-20 19:00:00,89.69
Montenegro,MNE,2024-04-20 18:00:00,2024-04-20 20:00:00,98.03
Montenegro,MNE,2024-04-20 19:00:00,2024-04-20 21:00:00,85.69
Montenegro,MNE,2024-04-20 20:00:00,2024-04-20 22:00:00,78.06
Montenegro,MNE,2024-04-20 21:00:00,2024-04-20 23:00:00,73.19
Montenegro,MNE,2024-04-20 22:00:00,2024-04-21 00:00:00,75.58
Montenegro,MNE,2024-04-20 23:00:00,2024-04-21 01:00:00,71.77
Montenegro,MNE,2024-04-21 00:00:00,2024-04-21 02:00:00,65.75
Montenegro,MNE,2024-04-21 01:00:00,2024-04-21 03:00:00,65.16
Montenegro,MNE,2024-04-21 02:00:00,2024-04-21 04:00:00,63.56
Montenegro,MNE,2024-04-21 03:00:00,2024-04-21 05:00:00,65.56
Montenegro,MNE,2024-04-21 04:00:00,2024-04-21 06:00:00,67.2
Montenegro,MNE,2024-04-21 05:00:00,2024-04-21 07:00:00,63.88
Montenegro,MNE,2024-04-21 06:00:00,2024-04-21 08:00:00,53.7
Montenegro,MNE,2024-04-21 07:00:00,2024-04-21 09:00:00,37.98
Montenegro,MNE,2024-04-21 08:00:00,2024-04-21 10:00:00,31.79
Montenegro,MNE,2024-04-21 09:00:00,2024-04-21 11:00:00,22.69
Montenegro,MNE,2024-04-21 10:00:00,2024-04-21 12:00:00,14.49
Montenegro,MNE,2024-04-21 11:00:00,2024-04-21 13:00:00,1.77
Montenegro,MNE,2024-04-21 12:00:00,2024-04-21 14:00:00,1.77
Montenegro,MNE,2024-04-21 13:00:00,2024-04-21 15:00:00,3.05
Montenegro,MNE,2024-04-21 14:00:00,2024-04-21 16:00:00,23.48
Montenegro,MNE,2024-04-21 15:00:00,2024-04-21 17:00:00,51.79
Montenegro,MNE,2024-04-21 16:00:00,2024-04-21 18:00:00,73.92
Montenegro,MNE,2024-04-21 17:00:00,2024-04-21 19:00:00,85.57
Montenegro,MNE,2024-04-21 18:00:00,2024-04-21 20:00:00,95.11
Montenegro,MNE,2024-04-21 19:00:00,2024-04-21 21:00:00,89.91
Montenegro,MNE,2024-04-21 20:00:00,2024-04-21 22:00:00,86.12
Montenegro,MNE,2024-04-21 21:00:00,2024-04-21 23:00:00,76.32
Montenegro,MNE,2024-04-21 22:00:00,2024-04-22 00:00:00,75.07
Montenegro,MNE,2024-04-21 23:00:00,2024-04-22 01:00:00,72.06
Montenegro,MNE,2024-04-22 00:00:00,2024-04-22 02:00:00,72.61
Montenegro,MNE,2024-04-22 01:00:00,2024-04-22 03:00:00,72.09
Montenegro,MNE,2024-04-22 02:00:00,2024-04-22 04:00:00,72.09
Montenegro,MNE,2024-04-22 03:00:00,2024-04-22 05:00:00,78.19
Montenegro,MNE,2024-04-22 04:00:00,2024-04-22 06:00:00,95.19
Montenegro,MNE,2024-04-22 05:00:00,2024-04-22 07:00:00,117.9
Montenegro,MNE,2024-04-22 06:00:00,2024-04-22 08:00:00,109.12
Montenegro,MNE,2024-04-22 07:00:00,2024-04-22 09:00:00,84.93
Montenegro,MNE,2024-04-22 08:00:00,2024-04-22 10:00:00,75.8
Montenegro,MNE,2024-04-22 09:00:00,2024-04-22 11:00:00,75.01
Montenegro,MNE,2024-04-22 10:00:00,2024-04-22 12:00:00,71.36
Montenegro,MNE,2024-04-22 11:00:00,2024-04-22 13:00:00,61.86
Montenegro,MNE,2024-04-22 12:00:00,2024-04-22 14:00:00,62.37
Montenegro,MNE,2024-04-22 13:00:00,2024-04-22 15:00:00,67.97
Montenegro,MNE,2024-04-22 14:00:00,2024-04-22 16:00:00,77.67
Montenegro,MNE,2024-04-22 15:00:00,2024-04-22 17:00:00,85.22
Montenegro,MNE,2024-04-22 16:00:00,2024-04-22 18:00:00,100.06
Montenegro,MNE,2024-04-22 17:00:00,2024-04-22 19:00:00,141.37
Montenegro,MNE,2024-04-22 18:00:00,2024-04-22 20:00:00,149.74
Montenegro,MNE,2024-04-22 19:00:00,2024-04-22 21:00:00,117.3
Montenegro,MNE,2024-04-22 20:00:00,2024-04-22 22:00:00,99.6
Montenegro,MNE,2024-04-22 21:00:00,2024-04-22 23:00:00,91.47
Montenegro,MNE,2024-04-22 22:00:00,2024-04-23 00:00:00,87.28
Montenegro,MNE,2024-04-22 23:00:00,2024-04-23 01:00:00,86.78
Montenegro,MNE,2024-04-23 00:00:00,2024-04-23 02:00:00,83.24
Montenegro,MNE,2024-04-23 01:00:00,2024-04-23 03:00:00,83.58
Montenegro,MNE,2024-04-23 02:00:00,2024-04-23 04:00:00,84.89
Montenegro,MNE,2024-04-23 03:00:00,2024-04-23 05:00:00,89.98
Montenegro,MNE,2024-04-23 04:00:00,2024-04-23 06:00:00,113.75
Montenegro,MNE,2024-04-23 05:00:00,2024-04-23 07:00:00,137.78
Montenegro,MNE,2024-04-23 06:00:00,2024-04-23 08:00:00,127.5
Montenegro,MNE,2024-04-23 07:00:00,2024-04-23 09:00:00,101.39
Montenegro,MNE,2024-04-23 08:00:00,2024-04-23 10:00:00,91.22
Montenegro,MNE,2024-04-23 09:00:00,2024-04-23 11:00:00,89.16
Montenegro,MNE,2024-04-23 10:00:00,2024-04-23 12:00:00,80.09
Montenegro,MNE,2024-04-23 11:00:00,2024-04-23 13:00:00,83.57
Montenegro,MNE,2024-04-23 12:00:00,2024-04-23 14:00:00,85.23
Montenegro,MNE,2024-04-23 13:00:00,2024-04-23 15:00:00,89.48
Montenegro,MNE,2024-04-23 14:00:00,2024-04-23 16:00:00,83.45
Montenegro,MNE,2024-04-23 15:00:00,2024-04-23 17:00:00,93.06
Montenegro,MNE,2024-04-23 16:00:00,2024-04-23 18:00:00,111.29
Montenegro,MNE,2024-04-23 17:00:00,2024-04-23 19:00:00,146.63
Montenegro,MNE,2024-04-23 18:00:00,2024-04-23 20:00:00,143.93
Montenegro,MNE,2024-04-23 19:00:00,2024-04-23 21:00:00,109.86
Montenegro,MNE,2024-04-23 20:00:00,2024-04-23 22:00:00,89.97
Montenegro,MNE,2024-04-23 21:00:00,2024-04-23 23:00:00,83.77
Montenegro,MNE,2024-04-23 22:00:00,2024-04-24 00:00:00,82.53
Montenegro,MNE,2024-04-23 23:00:00,2024-04-24 01:00:00,76.78
Montenegro,MNE,2024-04-24 00:00:00,2024-04-24 02:00:00,73.95
Montenegro,MNE,2024-04-24 01:00:00,2024-04-24 03:00:00,73.38
Montenegro,MNE,2024-04-24 02:00:00,2024-04-24 04:00:00,73.81
Montenegro,MNE,2024-04-24 03:00:00,2024-04-24 05:00:00,80.08
Montenegro,MNE,2024-04-24 04:00:00,2024-04-24 06:00:00,93.65
Montenegro,MNE,2024-04-24 05:00:00,2024-04-24 07:00:00,116.44
Montenegro,MNE,2024-04-24 06:00:00,2024-04-24 08:00:00,111.85
Montenegro,MNE,2024-04-24 07:00:00,2024-04-24 09:00:00,97.72
Montenegro,MNE,2024-04-24 08:00:00,2024-04-24 10:00:00,87.63
Montenegro,MNE,2024-04-24 09:00:00,2024-04-24 11:00:00,77.94
Montenegro,MNE,2024-04-24 10:00:00,2024-04-24 12:00:00,77.82
Montenegro,MNE,2024-04-24 11:00:00,2024-04-24 13:00:00,75.22
Montenegro,MNE,2024-04-24 12:00:00,2024-04-24 14:00:00,73.64
Montenegro,MNE,2024-04-24 13:00:00,2024-04-24 15:00:00,71.3
Montenegro,MNE,2024-04-24 14:00:00,2024-04-24 16:00:00,76.64
Montenegro,MNE,2024-04-24 15:00:00,2024-04-24 17:00:00,89.77
Montenegro,MNE,2024-04-24 16:00:00,2024-04-24 18:00:00,98.56
Montenegro,MNE,2024-04-24 17:00:00,2024-04-24 19:00:00,123.44
Montenegro,MNE,2024-04-24 18:00:00,2024-04-24 20:00:00,127.07
Montenegro,MNE,2024-04-24 19:00:00,2024-04-24 21:00:00,105.45
Montenegro,MNE,2024-04-24 20:00:00,2024-04-24 22:00:00,95.46
Montenegro,MNE,2024-04-24 21:00:00,2024-04-24 23:00:00,89.39
Montenegro,MNE,2024-04-24 22:00:00,2024-04-25 00:00:00,86.78
Montenegro,MNE,2024-04-24 23:00:00,2024-04-25 01:00:00,83.65
Montenegro,MNE,2024-04-25 00:00:00,2024-04-25 02:00:00,81.95
Montenegro,MNE,2024-04-25 01:00:00,2024-04-25 03:00:00,79.85
Montenegro,MNE,2024-04-25 02:00:00,2024-04-25 04:00:00,80.78
Montenegro,MNE,2024-04-25 03:00:00,2024-04-25 05:00:00,88.86
Montenegro,MNE,2024-04-25 04:00:00,2024-04-25 06:00:00,104.45
Montenegro,MNE,2024-04-25 05:00:00,2024-04-25 07:00:00,120.67
Montenegro,MNE,2024-04-25 06:00:00,2024-04-25 08:00:00,123.29
Montenegro,MNE,2024-04-25 07:00:00,2024-04-25 09:00:00,97.1
Montenegro,MNE,2024-04-25 08:00:00,2024-04-25 10:00:00,78.54
Montenegro,MNE,2024-04-25 09:00:00,2024-04-25 11:00:00,69.68
Montenegro,MNE,2024-04-25 10:00:00,2024-04-25 12:00:00,68.54
Montenegro,MNE,2024-04-25 11:00:00,2024-04-25 13:00:00,65.54
Montenegro,MNE,2024-04-25 12:00:00,2024-04-25 14:00:00,63.54
Montenegro,MNE,2024-04-25 13:00:00,2024-04-25 15:00:00,68.56
Montenegro,MNE,2024-04-25 14:00:00,2024-04-25 16:00:00,70.87
Montenegro,MNE,2024-04-25 15:00:00,2024-04-25 17:00:00,89.02
Montenegro,MNE,2024-04-25 16:00:00,2024-04-25 18:00:00,108.47
Montenegro,MNE,2024-04-25 17:00:00,2024-04-25 19:00:00,113.83
Montenegro,MNE,2024-04-25 18:00:00,2024-04-25 20:00:00,113.79
Montenegro,MNE,2024-04-25 19:00:00,2024-04-25 21:00:00,114.93
Montenegro,MNE,2024-04-25 20:00:00,2024-04-25 22:00:00,94.07
Montenegro,MNE,2024-04-25 21:00:00,2024-04-25 23:00:00,85.07
Montenegro,MNE,2024-04-25 22:00:00,2024-04-26 00:00:00,86.71
Montenegro,MNE,2024-04-25 23:00:00,2024-04-26 01:00:00,82.71
Montenegro,MNE,2024-04-26 00:00:00,2024-04-26 02:00:00,80.04
Montenegro,MNE,2024-04-26 01:00:00,2024-04-26 03:00:00,80.11
Montenegro,MNE,2024-04-26 02:00:00,2024-04-26 04:00:00,83.31
Montenegro,MNE,2024-04-26 03:00:00,2024-04-26 05:00:00,87.47
Montenegro,MNE,2024-04-26 04:00:00,2024-04-26 06:00:00,112.34
Montenegro,MNE,2024-04-26 05:00:00,2024-04-26 07:00:00,115.41
Montenegro,MNE,2024-04-26 06:00:00,2024-04-26 08:00:00,97.25
Montenegro,MNE,2024-04-26 07:00:00,2024-04-26 09:00:00,82.58
Montenegro,MNE,2024-04-26 08:00:00,2024-04-26 10:00:00,71.39
Montenegro,MNE,2024-04-26 09:00:00,2024-04-26 11:00:00,68.58
Montenegro,MNE,2024-04-26 10:00:00,2024-04-26 12:00:00,64.99
Montenegro,MNE,2024-04-26 11:00:00,2024-04-26 13:00:00,65.58
Montenegro,MNE,2024-04-26 12:00:00,2024-04-26 14:00:00,65.58
Montenegro,MNE,2024-04-26 13:00:00,2024-04-26 15:00:00,68.58
Montenegro,MNE,2024-04-26 14:00:00,2024-04-26 16:00:00,73.56
Montenegro,MNE,2024-04-26 15:00:00,2024-04-26 17:00:00,86.56
Montenegro,MNE,2024-04-26 16:00:00,2024-04-26 18:00:00,110.8
Montenegro,MNE,2024-04-26 17:00:00,2024-04-26 19:00:00,132.85
Montenegro,MNE,2024-04-26 18:00:00,2024-04-26 20:00:00,138.5
Montenegro,MNE,2024-04-26 19:00:00,2024-04-26 21:00:00,123.73
Montenegro,MNE,2024-04-26 20:00:00,2024-04-26 22:00:00,100.34
Montenegro,MNE,2024-04-26 21:00:00,2024-04-26 23:00:00,92.1
Montenegro,MNE,2024-04-26 22:00:00,2024-04-27 00:00:00,91.0
Montenegro,MNE,2024-04-26 23:00:00,2024-04-27 01:00:00,89.0
Montenegro,MNE,2024-04-27 00:00:00,2024-04-27 02:00:00,85.01
Montenegro,MNE,2024-04-27 01:00:00,2024-04-27 03:00:00,85.0
Montenegro,MNE,2024-04-27 02:00:00,2024-04-27 04:00:00,83.02
Montenegro,MNE,2024-04-27 03:00:00,2024-04-27 05:00:00,85.11
Montenegro,MNE,2024-04-27 04:00:00,2024-04-27 06:00:00,79.03
Montenegro,MNE,2024-04-27 05:00:00,2024-04-27 07:00:00,75.71
Montenegro,MNE,2024-04-27 06:00:00,2024-04-27 08:00:00,65.26
Montenegro,MNE,2024-04-27 07:00:00,2024-04-27 09:00:00,54.25
Montenegro,MNE,2024-04-27 08:00:00,2024-04-27 10:00:00,41.95
Montenegro,MNE,2024-04-27 09:00:00,2024-04-27 11:00:00,25.67
Montenegro,MNE,2024-04-27 10:00:00,2024-04-27 12:00:00,19.35
Montenegro,MNE,2024-04-27 11:00:00,2024-04-27 13:00:00,9.5
Montenegro,MNE,2024-04-27 12:00:00,2024-04-27 14:00:00,7.92
Montenegro,MNE,2024-04-27 13:00:00,2024-04-27 15:00:00,11.54
Montenegro,MNE,2024-04-27 14:00:00,2024-04-27 16:00:00,27.96
Montenegro,MNE,2024-04-27 15:00:00,2024-04-27 17:00:00,59.78
Montenegro,MNE,2024-04-27 16:00:00,2024-04-27 18:00:00,76.0
Montenegro,MNE,2024-04-27 17:00:00,2024-04-27 19:00:00,100.27
Montenegro,MNE,2024-04-27 18:00:00,2024-04-27 20:00:00,107.06
Montenegro,MNE,2024-04-27 19:00:00,2024-04-27 21:00:00,90.97
Montenegro,MNE,2024-04-27 20:00:00,2024-04-27 22:00:00,83.87
Montenegro,MNE,2024-04-27 21:00:00,2024-04-27 23:00:00,79.97
Montenegro,MNE,2024-04-27 22:00:00,2024-04-28 00:00:00,55.12
Montenegro,MNE,2024-04-27 23:00:00,2024-04-28 01:00:00,47.52
Montenegro,MNE,2024-04-28 00:00:00,2024-04-28 02:00:00,41.75
Montenegro,MNE,2024-04-28 01:00:00,2024-04-28 03:00:00,36.87
Montenegro,MNE,2024-04-28 02:00:00,2024-04-28 04:00:00,35.07
Montenegro,MNE,2024-04-28 03:00:00,2024-04-28 05:00:00,35.43
Montenegro,MNE,2024-04-28 04:00:00,2024-04-28 06:00:00,35.44
Montenegro,MNE,2024-04-28 05:00:00,2024-04-28 07:00:00,43.05
Montenegro,MNE,2024-04-28 06:00:00,2024-04-28 08:00:00,19.53
Montenegro,MNE,2024-04-28 07:00:00,2024-04-28 09:00:00,11.78
Montenegro,MNE,2024-04-28 08:00:00,2024-04-28 10:00:00,15.1
Montenegro,MNE,2024-04-28 09:00:00,2024-04-28 11:00:00,11.96
Montenegro,MNE,2024-04-28 10:00:00,2024-04-28 12:00:00,3.9
Montenegro,MNE,2024-04-28 11:00:00,2024-04-28 13:00:00,2.54
Montenegro,MNE,2024-04-28 12:00:00,2024-04-28 14:00:00,3.08
Montenegro,MNE,2024-04-28 13:00:00,2024-04-28 15:00:00,3.99
Montenegro,MNE,2024-04-28 14:00:00,2024-04-28 16:00:00,11.36
Montenegro,MNE,2024-04-28 15:00:00,2024-04-28 17:00:00,15.54
Montenegro,MNE,2024-04-28 16:00:00,2024-04-28 18:00:00,56.15
Montenegro,MNE,2024-04-28 17:00:00,2024-04-28 19:00:00,83.44
Montenegro,MNE,2024-04-28 18:00:00,2024-04-28 20:00:00,86.24
Montenegro,MNE,2024-04-28 19:00:00,2024-04-28 21:00:00,85.01
Montenegro,MNE,2024-04-28 20:00:00,2024-04-28 22:00:00,80.51
Montenegro,MNE,2024-04-28 21:00:00,2024-04-28 23:00:00,71.78
Montenegro,MNE,2024-04-28 22:00:00,2024-04-29 00:00:00,81.03
Montenegro,MNE,2024-04-28 23:00:00,2024-04-29 01:00:00,79.2
Montenegro,MNE,2024-04-29 00:00:00,2024-04-29 02:00:00,77.29
Montenegro,MNE,2024-04-29 01:00:00,2024-04-29 03:00:00,78.78
Montenegro,MNE,2024-04-29 02:00:00,2024-04-29 04:00:00,81.82
Montenegro,MNE,2024-04-29 03:00:00,2024-04-29 05:00:00,85.09
Montenegro,MNE,2024-04-29 04:00:00,2024-04-29 06:00:00,109.08
Montenegro,MNE,2024-04-29 05:00:00,2024-04-29 07:00:00,104.87
Montenegro,MNE,2024-04-29 06:00:00,2024-04-29 08:00:00,103.05
Montenegro,MNE,2024-04-29 07:00:00,2024-04-29 09:00:00,85.1
Montenegro,MNE,2024-04-29 08:00:00,2024-04-29 10:00:00,82.98
Montenegro,MNE,2024-04-29 09:00:00,2024-04-29 11:00:00,77.33
Montenegro,MNE,2024-04-29 10:00:00,2024-04-29 12:00:00,71.89
Montenegro,MNE,2024-04-29 11:00:00,2024-04-29 13:00:00,69.62
Montenegro,MNE,2024-04-29 12:00:00,2024-04-29 14:00:00,69.85
Montenegro,MNE,2024-04-29 13:00:00,2024-04-29 15:00:00,75.2
Montenegro,MNE,2024-04-29 14:00:00,2024-04-29 16:00:00,79.03
Montenegro,MNE,2024-04-29 15:00:00,2024-04-29 17:00:00,81.1
Montenegro,MNE,2024-04-29 16:00:00,2024-04-29 18:00:00,99.45
Montenegro,MNE,2024-04-29 17:00:00,2024-04-29 19:00:00,119.17
Montenegro,MNE,2024-04-29 18:00:00,2024-04-29 20:00:00,129.23
Montenegro,MNE,2024-04-29 19:00:00,2024-04-29 21:00:00,99.98
Montenegro,MNE,2024-04-29 20:00:00,2024-04-29 22:00:00,88.04
Montenegro,MNE,2024-04-29 21:00:00,2024-04-29 23:00:00,85.06
Montenegro,MNE,2024-04-29 22:00:00,2024-04-30 00:00:00,75.56
Montenegro,MNE,2024-04-29 23:00:00,2024-04-30 01:00:00,72.64
Montenegro,MNE,2024-04-30 00:00:00,2024-04-30 02:00:00,68.04
Montenegro,MNE,2024-04-30 01:00:00,2024-04-30 03:00:00,67.61
Montenegro,MNE,2024-04-30 02:00:00,2024-04-30 04:00:00,68.04
Montenegro,MNE,2024-04-30 03:00:00,2024-04-30 05:00:00,75.83
Montenegro,MNE,2024-04-30 04:00:00,2024-04-30 06:00:00,99.5
Montenegro,MNE,2024-04-30 05:00:00,2024-04-30 07:00:00,99.94
Montenegro,MNE,2024-04-30 06:00:00,2024-04-30 08:00:00,95.27
Montenegro,MNE,2024-04-30 07:00:00,2024-04-30 09:00:00,71.83
Montenegro,MNE,2024-04-30 08:00:00,2024-04-30 10:00:00,49.69
Montenegro,MNE,2024-04-30 09:00:00,2024-04-30 11:00:00,39.25
Montenegro,MNE,2024-04-30 10:00:00,2024-04-30 12:00:00,38.35
Montenegro,MNE,2024-04-30 11:00:00,2024-04-30 13:00:00,35.15
Montenegro,MNE,2024-04-30 12:00:00,2024-04-30 14:00:00,36.75
Montenegro,MNE,2024-04-30 13:00:00,2024-04-30 15:00:00,42.73
Montenegro,MNE,2024-04-30 14:00:00,2024-04-30 16:00:00,58.51
Montenegro,MNE,2024-04-30 15:00:00,2024-04-30 17:00:00,72.37
Montenegro,MNE,2024-04-30 16:00:00,2024-04-30 18:00:00,89.24
Montenegro,MNE,2024-04-30 17:00:00,2024-04-30 19:00:00,107.39
Montenegro,MNE,2024-04-30 18:00:00,2024-04-30 20:00:00,107.78
Montenegro,MNE,2024-04-30 19:00:00,2024-04-30 21:00:00,91.8
Montenegro,MNE,2024-04-30 20:00:00,2024-04-30 22:00:00,87.06
Montenegro,MNE,2024-04-30 21:00:00,2024-04-30 23:00:00,69.59
Montenegro,MNE,2024-04-30 22:00:00,2024-05-01 00:00:00,53.48
Montenegro,MNE,2024-04-30 23:00:00,2024-05-01 01:00:00,49.43
Montenegro,MNE,2024-05-01 00:00:00,2024-05-01 02:00:00,45.16
Montenegro,MNE,2024-05-01 01:00:00,2024-05-01 03:00:00,37.84
Montenegro,MNE,2024-05-01 02:00:00,2024-05-01 04:00:00,38.23
Montenegro,MNE,2024-05-01 03:00:00,2024-05-01 05:00:00,40.28
Montenegro,MNE,2024-05-01 04:00:00,2024-05-01 06:00:00,35.86
Montenegro,MNE,2024-05-01 05:00:00,2024-05-01 07:00:00,22.82
Montenegro,MNE,2024-05-01 06:00:00,2024-05-01 08:00:00,11.98
Montenegro,MNE,2024-05-01 07:00:00,2024-05-01 09:00:00,2.73
Montenegro,MNE,2024-05-01 08:00:00,2024-05-01 10:00:00,0.12
Montenegro,MNE,2024-05-01 09:00:00,2024-05-01 11:00:00,0.0
Montenegro,MNE,2024-05-01 10:00:00,2024-05-01 12:00:00,0.0
Montenegro,MNE,2024-05-01 11:00:00,2024-05-01 13:00:00,0.0
Montenegro,MNE,2024-05-01 12:00:00,2024-05-01 14:00:00,0.0
Montenegro,MNE,2024-05-01 13:00:00,2024-05-01 15:00:00,0.0
Montenegro,MNE,2024-05-01 14:00:00,2024-05-01 16:00:00,0.17
Montenegro,MNE,2024-05-01 15:00:00,2024-05-01 17:00:00,3.42
Montenegro,MNE,2024-05-01 16:00:00,2024-05-01 18:00:00,33.53
Montenegro,MNE,2024-05-01 17:00:00,2024-05-01 19:00:00,65.22
Montenegro,MNE,2024-05-01 18:00:00,2024-05-01 20:00:00,69.0
Montenegro,MNE,2024-05-01 19:00:00,2024-05-01 21:00:00,61.03
Montenegro,MNE,2024-05-01 20:00:00,2024-05-01 22:00:00,59.49
Montenegro,MNE,2024-05-01 21:00:00,2024-05-01 23:00:00,53.14
Montenegro,MNE,2024-05-01 22:00:00,2024-05-02 00:00:00,47.74
Montenegro,MNE,2024-05-01 23:00:00,2024-05-02 01:00:00,43.24
Montenegro,MNE,2024-05-02 00:00:00,2024-05-02 02:00:00,39.3
Montenegro,MNE,2024-05-02 01:00:00,2024-05-02 03:00:00,43.27
Montenegro,MNE,2024-05-02 02:00:00,2024-05-02 04:00:00,40.21
Montenegro,MNE,2024-05-02 03:00:00,2024-05-02 05:00:00,65.04
Montenegro,MNE,2024-05-02 04:00:00,2024-05-02 06:00:00,84.31
Montenegro,MNE,2024-05-02 05:00:00,2024-05-02 07:00:00,83.32
Montenegro,MNE,2024-05-02 06:00:00,2024-05-02 08:00:00,75.26
Montenegro,MNE,2024-05-02 07:00:00,2024-05-02 09:00:00,59.42
Montenegro,MNE,2024-05-02 08:00:00,2024-05-02 10:00:00,43.04
Montenegro,MNE,2024-05-02 09:00:00,2024-05-02 11:00:00,27.24
Montenegro,MNE,2024-05-02 10:00:00,2024-05-02 12:00:00,19.07
Montenegro,MNE,2024-05-02 11:00:00,2024-05-02 13:00:00,11.41
Montenegro,MNE,2024-05-02 12:00:00,2024-05-02 14:00:00,12.67
Montenegro,MNE,2024-05-02 13:00:00,2024-05-02 15:00:00,19.49
Montenegro,MNE,2024-05-02 14:00:00,2024-05-02 16:00:00,43.28
Montenegro,MNE,2024-05-02 15:00:00,2024-05-02 17:00:00,67.97
Montenegro,MNE,2024-05-02 16:00:00,2024-05-02 18:00:00,77.27
Montenegro,MNE,2024-05-02 17:00:00,2024-05-02 19:00:00,99.35
Montenegro,MNE,2024-05-02 18:00:00,2024-05-02 20:00:00,107.13
Montenegro,MNE,2024-05-02 19:00:00,2024-05-02 21:00:00,88.43
Montenegro,MNE,2024-05-02 20:00:00,2024-05-02 22:00:00,69.44
Montenegro,MNE,2024-05-02 21:00:00,2024-05-02 23:00:00,62.78
Montenegro,MNE,2024-05-02 22:00:00,2024-05-03 00:00:00,57.04
Montenegro,MNE,2024-05-02 23:00:00,2024-05-03 01:00:00,49.75
Montenegro,MNE,2024-05-03 00:00:00,2024-05-03 02:00:00,46.07
Montenegro,MNE,2024-05-03 01:00:00,2024-05-03 03:00:00,47.2
Montenegro,MNE,2024-05-03 02:00:00,2024-05-03 04:00:00,53.02
Montenegro,MNE,2024-05-03 03:00:00,2024-05-03 05:00:00,62.02
Montenegro,MNE,2024-05-03 04:00:00,2024-05-03 06:00:00,81.72
Montenegro,MNE,2024-05-03 05:00:00,2024-05-03 07:00:00,87.3
Montenegro,MNE,2024-05-03 06:00:00,2024-05-03 08:00:00,82.95
Montenegro,MNE,2024-05-03 07:00:00,2024-05-03 09:00:00,69.91
Montenegro,MNE,2024-05-03 08:00:00,2024-05-03 10:00:00,54.03
Montenegro,MNE,2024-05-03 09:00:00,2024-05-03 11:00:00,49.95
Montenegro,MNE,2024-05-03 10:00:00,2024-05-03 12:00:00,41.8
Montenegro,MNE,2024-05-03 11:00:00,2024-05-03 13:00:00,41.9
Montenegro,MNE,2024-05-03 12:00:00,2024-05-03 14:00:00,43.86
Montenegro,MNE,2024-05-03 13:00:00,2024-05-03 15:00:00,50.08
Montenegro,MNE,2024-05-03 14:00:00,2024-05-03 16:00:00,59.81
Montenegro,MNE,2024-05-03 15:00:00,2024-05-03 17:00:00,72.55
Montenegro,MNE,2024-05-03 16:00:00,2024-05-03 18:00:00,86.07
Montenegro,MNE,2024-05-03 17:00:00,2024-05-03 19:00:00,104.54
Montenegro,MNE,2024-05-03 18:00:00,2024-05-03 20:00:00,114.56
Montenegro,MNE,2024-05-03 19:00:00,2024-05-03 21:00:00,99.92
Montenegro,MNE,2024-05-03 20:00:00,2024-05-03 22:00:00,84.71
Montenegro,MNE,2024-05-03 21:00:00,2024-05-03 23:00:00,79.1
Montenegro,MNE,2024-05-03 22:00:00,2024-05-04 00:00:00,78.6
Montenegro,MNE,2024-05-03 23:00:00,2024-05-04 01:00:00,77.01
Montenegro,MNE,2024-05-04 00:00:00,2024-05-04 02:00:00,76.56
Montenegro,MNE,2024-05-04 01:00:00,2024-05-04 03:00:00,75.54
Montenegro,MNE,2024-05-04 02:00:00,2024-05-04 04:00:00,77.01
Montenegro,MNE,2024-05-04 03:00:00,2024-05-04 05:00:00,79.87
Montenegro,MNE,2024-05-04 04:00:00,2024-05-04 06:00:00,83.33
Montenegro,MNE,2024-05-04 05:00:00,2024-05-04 07:00:00,78.94
Montenegro,MNE,2024-05-04 06:00:00,2024-05-04 08:00:00,70.01
Montenegro,MNE,2024-05-04 07:00:00,2024-05-04 09:00:00,53.34
Montenegro,MNE,2024-05-04 08:00:00,2024-05-04 10:00:00,37.1
Montenegro,MNE,2024-05-04 09:00:00,2024-05-04 11:00:00,24.83
Montenegro,MNE,2024-05-04 10:00:00,2024-05-04 12:00:00,22.97
Montenegro,MNE,2024-05-04 11:00:00,2024-05-04 13:00:00,21.2
Montenegro,MNE,2024-05-04 12:00:00,2024-05-04 14:00:00,21.79
Montenegro,MNE,2024-05-04 13:00:00,2024-05-04 15:00:00,27.02
Montenegro,MNE,2024-05-04 14:00:00,2024-05-04 16:00:00,49.09
Montenegro,MNE,2024-05-04 15:00:00,2024-05-04 17:00:00,69.44
Montenegro,MNE,2024-05-04 16:00:00,2024-05-04 18:00:00,89.58
Montenegro,MNE,2024-05-04 17:00:00,2024-05-04 19:00:00,104.4
Montenegro,MNE,2024-05-04 18:00:00,2024-05-04 20:00:00,108.71
Montenegro,MNE,2024-05-04 19:00:00,2024-05-04 21:00:00,98.68
Montenegro,MNE,2024-05-04 20:00:00,2024-05-04 22:00:00,87.01
Montenegro,MNE,2024-05-04 21:00:00,2024-05-04 23:00:00,75.43
Montenegro,MNE,2024-05-04 22:00:00,2024-05-05 00:00:00,81.55
Montenegro,MNE,2024-05-04 23:00:00,2024-05-05 01:00:00,71.19
Montenegro,MNE,2024-05-05 00:00:00,2024-05-05 02:00:00,55.54
Montenegro,MNE,2024-05-05 01:00:00,2024-05-05 03:00:00,55.44
Montenegro,MNE,2024-05-05 02:00:00,2024-05-05 04:00:00,52.56
Montenegro,MNE,2024-05-05 03:00:00,2024-05-05 05:00:00,55.81
Montenegro,MNE,2024-05-05 04:00:00,2024-05-05 06:00:00,51.29
Montenegro,MNE,2024-05-05 05:00:00,2024-05-05 07:00:00,46.69
Montenegro,MNE,2024-05-05 06:00:00,2024-05-05 08:00:00,40.8
Montenegro,MNE,2024-05-05 07:00:00,2024-05-05 09:00:00,22.16
Montenegro,MNE,2024-05-05 08:00:00,2024-05-05 10:00:00,19.46
Montenegro,MNE,2024-05-05 09:00:00,2024-05-05 11:00:00,11.45
Montenegro,MNE,2024-05-05 10:00:00,2024-05-05 12:00:00,7.27
Montenegro,MNE,2024-05-05 11:00:00,2024-05-05 13:00:00,6.23
Montenegro,MNE,2024-05-05 12:00:00,2024-05-05 14:00:00,4.16
Montenegro,MNE,2024-05-05 13:00:00,2024-05-05 15:00:00,6.5
Montenegro,MNE,2024-05-05 14:00:00,2024-05-05 16:00:00,15.5
Montenegro,MNE,2024-05-05 15:00:00,2024-05-05 17:00:00,43.06
Montenegro,MNE,2024-05-05 16:00:00,2024-05-05 18:00:00,70.95
Montenegro,MNE,2024-05-05 17:00:00,2024-05-05 19:00:00,90.55
Montenegro,MNE,2024-05-05 18:00:00,2024-05-05 20:00:00,99.91
Montenegro,MNE,2024-05-05 19:00:00,2024-05-05 21:00:00,98.95
Montenegro,MNE,2024-05-05 20:00:00,2024-05-05 22:00:00,91.82
Montenegro,MNE,2024-05-05 21:00:00,2024-05-05 23:00:00,87.32
Montenegro,MNE,2024-05-05 22:00:00,2024-05-06 00:00:00,85.08
Montenegro,MNE,2024-05-05 23:00:00,2024-05-06 01:00:00,83.08
Montenegro,MNE,2024-05-06 00:00:00,2024-05-06 02:00:00,80.5
Montenegro,MNE,2024-05-06 01:00:00,2024-05-06 03:00:00,76.16
Montenegro,MNE,2024-05-06 02:00:00,2024-05-06 04:00:00,79.81
Montenegro,MNE,2024-05-06 03:00:00,2024-05-06 05:00:00,85.08
Montenegro,MNE,2024-05-06 04:00:00,2024-05-06 06:00:00,99.9
Montenegro,MNE,2024-05-06 05:00:00,2024-05-06 07:00:00,99.92
Montenegro,MNE,2024-05-06 06:00:00,2024-05-06 08:00:00,99.9
Montenegro,MNE,2024-05-06 07:00:00,2024-05-06 09:00:00,85.09
Montenegro,MNE,2024-05-06 08:00:00,2024-05-06 10:00:00,83.75
Montenegro,MNE,2024-05-06 09:00:00,2024-05-06 11:00:00,76.85
Montenegro,MNE,2024-05-06 10:00:00,2024-05-06 12:00:00,71.9
Montenegro,MNE,2024-05-06 11:00:00,2024-05-06 13:00:00,69.9
Montenegro,MNE,2024-05-06 12:00:00,2024-05-06 14:00:00,69.5
Montenegro,MNE,2024-05-06 13:00:00,2024-05-06 15:00:00,76.47
Montenegro,MNE,2024-05-06 14:00:00,2024-05-06 16:00:00,85.09
Montenegro,MNE,2024-05-06 15:00:00,2024-05-06 17:00:00,90.69
Montenegro,MNE,2024-05-06 16:00:00,2024-05-06 18:00:00,99.66
Montenegro,MNE,2024-05-06 17:00:00,2024-05-06 19:00:00,111.72
Montenegro,MNE,2024-05-06 18:00:00,2024-05-06 20:00:00,118.48
Montenegro,MNE,2024-05-06 19:00:00,2024-05-06 21:00:00,102.34
Montenegro,MNE,2024-05-06 20:00:00,2024-05-06 22:00:00,97.83
Montenegro,MNE,2024-05-06 21:00:00,2024-05-06 23:00:00,90.18
Montenegro,MNE,2024-05-06 22:00:00,2024-05-07 00:00:00,83.66
Montenegro,MNE,2024-05-06 23:00:00,2024-05-07 01:00:00,80.01
Montenegro,MNE,2024-05-07 00:00:00,2024-05-07 02:00:00,80.01
Montenegro,MNE,2024-05-07 01:00:00,2024-05-07 03:00:00,76.01
Montenegro,MNE,2024-05-07 02:00:00,2024-05-07 04:00:00,79.01
Montenegro,MNE,2024-05-07 03:00:00,2024-05-07 05:00:00,87.17
Montenegro,MNE,2024-05-07 04:00:00,2024-05-07 06:00:00,99.94
Montenegro,MNE,2024-05-07 05:00:00,2024-05-07 07:00:00,99.98
Montenegro,MNE,2024-05-07 06:00:00,2024-05-07 08:00:00,102.01
Montenegro,MNE,2024-05-07 07:00:00,2024-05-07 09:00:00,92.61
Montenegro,MNE,2024-05-07 08:00:00,2024-05-07 10:00:00,86.61
Montenegro,MNE,2024-05-07 09:00:00,2024-05-07 11:00:00,85.01
Montenegro,MNE,2024-05-07 10:00:00,2024-05-07 12:00:00,81.91
Montenegro,MNE,2024-05-07 11:00:00,2024-05-07 13:00:00,79.81
Montenegro,MNE,2024-05-07 12:00:00,2024-05-07 14:00:00,76.91
Montenegro,MNE,2024-05-07 13:00:00,2024-05-07 15:00:00,77.51
Montenegro,MNE,2024-05-07 14:00:00,2024-05-07 16:00:00,84.52
Montenegro,MNE,2024-05-07 15:00:00,2024-05-07 17:00:00,89.51
Montenegro,MNE,2024-05-07 16:00:00,2024-05-07 18:00:00,99.95
Montenegro,MNE,2024-05-07 17:00:00,2024-05-07 19:00:00,124.09
Montenegro,MNE,2024-05-07 18:00:00,2024-05-07 20:00:00,128.51
Montenegro,MNE,2024-05-07 19:00:00,2024-05-07 21:00:00,103.34
Montenegro,MNE,2024-05-07 20:00:00,2024-05-07 22:00:00,97.51
Montenegro,MNE,2024-05-07 21:00:00,2024-05-07 23:00:00,90.26
Montenegro,MNE,2024-05-07 22:00:00,2024-05-08 00:00:00,82.07
Montenegro,MNE,2024-05-07 23:00:00,2024-05-08 01:00:00,79.07
Montenegro,MNE,2024-05-08 00:00:00,2024-05-08 02:00:00,77.07
Montenegro,MNE,2024-05-08 01:00:00,2024-05-08 03:00:00,79.42
Montenegro,MNE,2024-05-08 02:00:00,2024-05-08 04:00:00,79.79
Montenegro,MNE,2024-05-08 03:00:00,2024-05-08 05:00:00,81.57
Montenegro,MNE,2024-05-08 04:00:00,2024-05-08 06:00:00,96.07
Montenegro,MNE,2024-05-08 05:00:00,2024-05-08 07:00:00,112.58
Montenegro,MNE,2024-05-08 06:00:00,2024-05-08 08:00:00,107.46
Montenegro,MNE,2024-05-08 07:00:00,2024-05-08 09:00:00,94.57
Montenegro,MNE,2024-05-08 08:00:00,2024-05-08 10:00:00,84.09
Montenegro,MNE,2024-05-08 09:00:00,2024-05-08 11:00:00,81.06
Montenegro,MNE,2024-05-08 10:00:00,2024-05-08 12:00:00,75.17
Montenegro,MNE,2024-05-08 11:00:00,2024-05-08 13:00:00,74.3
Montenegro,MNE,2024-05-08 12:00:00,2024-05-08 14:00:00,73.3
Montenegro,MNE,2024-05-08 13:00:00,2024-05-08 15:00:00,76.01
Montenegro,MNE,2024-05-08 14:00:00,2024-05-08 16:00:00,80.37
Montenegro,MNE,2024-05-08 15:00:00,2024-05-08 17:00:00,89.57
Montenegro,MNE,2024-05-08 16:00:00,2024-05-08 18:00:00,101.05
Montenegro,MNE,2024-05-08 17:00:00,2024-05-08 19:00:00,127.16
Montenegro,MNE,2024-05-08 18:00:00,2024-05-08 20:00:00,139.94
Montenegro,MNE,2024-05-08 19:00:00,2024-05-08 21:00:00,111.44
Montenegro,MNE,2024-05-08 20:00:00,2024-05-08 22:00:00,99.56
Montenegro,MNE,2024-05-08 21:00:00,2024-05-08 23:00:00,88.45
Montenegro,MNE,2024-05-08 22:00:00,2024-05-09 00:00:00,83.81
Montenegro,MNE,2024-05-08 23:00:00,2024-05-09 01:00:00,81.63
Montenegro,MNE,2024-05-09 00:00:00,2024-05-09 02:00:00,77.94
Montenegro,MNE,2024-05-09 01:00:00,2024-05-09 03:00:00,79.55
Montenegro,MNE,2024-05-09 02:00:00,2024-05-09 04:00:00,79.57
Montenegro,MNE,2024-05-09 03:00:00,2024-05-09 05:00:00,79.57
Montenegro,MNE,2024-05-09 04:00:00,2024-05-09 06:00:00,81.21
Montenegro,MNE,2024-05-09 05:00:00,2024-05-09 07:00:00,80.96
Montenegro,MNE,2024-05-09 06:00:00,2024-05-09 08:00:00,71.44
Montenegro,MNE,2024-05-09 07:00:00,2024-05-09 09:00:00,46.75
Montenegro,MNE,2024-05-09 08:00:00,2024-05-09 10:00:00,41.26
Montenegro,MNE,2024-05-09 09:00:00,2024-05-09 11:00:00,31.27
Montenegro,MNE,2024-05-09 10:00:00,2024-05-09 12:00:00,29.93
Montenegro,MNE,2024-05-09 11:00:00,2024-05-09 13:00:00,29.95
Montenegro,MNE,2024-05-09 12:00:00,2024-05-09 14:00:00,29.99
Montenegro,MNE,2024-05-09 13:00:00,2024-05-09 15:00:00,35.04
Montenegro,MNE,2024-05-09 14:00:00,2024-05-09 16:00:00,42.06
Montenegro,MNE,2024-05-09 15:00:00,2024-05-09 17:00:00,71.54
Montenegro,MNE,2024-05-09 16:00:00,2024-05-09 18:00:00,81.63
Montenegro,MNE,2024-05-09 17:00:00,2024-05-09 19:00:00,99.98
Montenegro,MNE,2024-05-09 18:00:00,2024-05-09 20:00:00,107.99
Montenegro,MNE,2024-05-09 19:00:00,2024-05-09 21:00:00,95.84
Montenegro,MNE,2024-05-09 20:00:00,2024-05-09 22:00:00,87.11
Montenegro,MNE,2024-05-09 21:00:00,2024-05-09 23:00:00,81.09
Montenegro,MNE,2024-05-09 22:00:00,2024-05-10 00:00:00,85.08
Montenegro,MNE,2024-05-09 23:00:00,2024-05-10 01:00:00,82.25
Montenegro,MNE,2024-05-10 00:00:00,2024-05-10 02:00:00,79.48
Montenegro,MNE,2024-05-10 01:00:00,2024-05-10 03:00:00,78.78
Montenegro,MNE,2024-05-10 02:00:00,2024-05-10 04:00:00,76.71
Montenegro,MNE,2024-05-10 03:00:00,2024-05-10 05:00:00,85.03
Montenegro,MNE,2024-05-10 04:00:00,2024-05-10 06:00:00,90.7
Montenegro,MNE,2024-05-10 05:00:00,2024-05-10 07:00:00,97.29
Montenegro,MNE,2024-05-10 06:00:00,2024-05-10 08:00:00,83.3
Montenegro,MNE,2024-05-10 07:00:00,2024-05-10 09:00:00,72.08
Montenegro,MNE,2024-05-10 08:00:00,2024-05-10 10:00:00,41.95
Montenegro,MNE,2024-05-10 09:00:00,2024-05-10 11:00:00,33.64
Montenegro,MNE,2024-05-10 10:00:00,2024-05-10 12:00:00,26.95
Montenegro,MNE,2024-05-10 11:00:00,2024-05-10 13:00:00,27.98
Montenegro,MNE,2024-05-10 12:00:00,2024-05-10 14:00:00,34.54
Montenegro,MNE,2024-05-10 13:00:00,2024-05-10 15:00:00,46.55
Montenegro,MNE,2024-05-10 14:00:00,2024-05-10 16:00:00,62.49
Montenegro,MNE,2024-05-10 15:00:00,2024-05-10 17:00:00,77.06
Montenegro,MNE,2024-05-10 16:00:00,2024-05-10 18:00:00,97.09
Montenegro,MNE,2024-05-10 17:00:00,2024-05-10 19:00:00,124.22
Montenegro,MNE,2024-05-10 18:00:00,2024-05-10 20:00:00,132.46
Montenegro,MNE,2024-05-10 19:00:00,2024-05-10 21:00:00,116.34
Montenegro,MNE,2024-05-10 20:00:00,2024-05-10 22:00:00,97.58
Montenegro,MNE,2024-05-10 21:00:00,2024-05-10 23:00:00,90.08
Montenegro,MNE,2024-05-10 22:00:00,2024-05-11 00:00:00,81.48
Montenegro,MNE,2024-05-10 23:00:00,2024-05-11 01:00:00,77.7
Montenegro,MNE,2024-05-11 00:00:00,2024-05-11 02:00:00,75.96
Montenegro,MNE,2024-05-11 01:00:00,2024-05-11 03:00:00,73.83
Montenegro,MNE,2024-05-11 02:00:00,2024-05-11 04:00:00,75.03
Montenegro,MNE,2024-05-11 03:00:00,2024-05-11 05:00:00,75.14
Montenegro,MNE,2024-05-11 04:00:00,2024-05-11 06:00:00,76.74
Montenegro,MNE,2024-05-11 05:00:00,2024-05-11 07:00:00,82.32
Montenegro,MNE,2024-05-11 06:00:00,2024-05-11 08:00:00,75.11
Montenegro,MNE,2024-05-11 07:00:00,2024-05-11 09:00:00,55.28
Montenegro,MNE,2024-05-11 08:00:00,2024-05-11 10:00:00,15.05
Montenegro,MNE,2024-05-11 09:00:00,2024-05-11 11:00:00,4.94
Montenegro,MNE,2024-05-11 10:00:00,2024-05-11 12:00:00,2.02
Montenegro,MNE,2024-05-11 11:00:00,2024-05-11 13:00:00,2.02
Montenegro,MNE,2024-05-11 12:00:00,2024-05-11 14:00:00,2.02
Montenegro,MNE,2024-05-11 13:00:00,2024-05-11 15:00:00,6.95
Montenegro,MNE,2024-05-11 14:00:00,2024-05-11 16:00:00,21.53
Montenegro,MNE,2024-05-11 15:00:00,2024-05-11 17:00:00,58.56
Montenegro,MNE,2024-05-11 16:00:00,2024-05-11 18:00:00,87.09
Montenegro,MNE,2024-05-11 17:00:00,2024-05-11 19:00:00,111.78
Montenegro,MNE,2024-05-11 18:00:00,2024-05-11 20:00:00,121.6
Montenegro,MNE,2024-05-11 19:00:00,2024-05-11 21:00:00,109.52
Montenegro,MNE,2024-05-11 20:00:00,2024-05-11 22:00:00,85.05
Montenegro,MNE,2024-05-11 21:00:00,2024-05-11 23:00:00,71.89
Montenegro,MNE,2024-05-11 22:00:00,2024-05-12 00:00:00,75.07
Montenegro,MNE,2024-05-11 23:00:00,2024-05-12 01:00:00,67.14
Montenegro,MNE,2024-05-12 00:00:00,2024-05-12 02:00:00,63.03
Montenegro,MNE,2024-05-12 01:00:00,2024-05-12 03:00:00,56.03
Montenegro,MNE,2024-05-12 02:00:00,2024-05-12 04:00:00,58.77
Montenegro,MNE,2024-05-12 03:00:00,2024-05-12 05:00:00,55.89
Montenegro,MNE,2024-05-12 04:00:00,2024-05-12 06:00:00,47.12
Montenegro,MNE,2024-05-12 05:00:00,2024-05-12 07:00:00,31.32
Montenegro,MNE,2024-05-12 06:00:00,2024-05-12 08:00:00,11.08
Montenegro,MNE,2024-05-12 07:00:00,2024-05-12 09:00:00,4.0
Montenegro,MNE,2024-05-12 08:00:00,2024-05-12 10:00:00,2.02
Montenegro,MNE,2024-05-12 09:00:00,2024-05-12 11:00:00,2.02
Montenegro,MNE,2024-05-12 10:00:00,2024-05-12 12:00:00,2.02
Montenegro,MNE,2024-05-12 11:00:00,2024-05-12 13:00:00,2.02
Montenegro,MNE,2024-05-12 12:00:00,2024-05-12 14:00:00,2.02
Montenegro,MNE,2024-05-12 13:00:00,2024-05-12 15:00:00,2.02
Montenegro,MNE,2024-05-12 14:00:00,2024-05-12 16:00:00,7.62
Montenegro,MNE,2024-05-12 15:00:00,2024-05-12 17:00:00,38.07
Montenegro,MNE,2024-05-12 16:00:00,2024-05-12 18:00:00,51.32
Montenegro,MNE,2024-05-12 17:00:00,2024-05-12 19:00:00,83.58
Montenegro,MNE,2024-05-12 18:00:00,2024-05-12 20:00:00,91.47
Montenegro,MNE,2024-05-12 19:00:00,2024-05-12 21:00:00,87.67
Montenegro,MNE,2024-05-12 20:00:00,2024-05-12 22:00:00,83.07
Montenegro,MNE,2024-05-12 21:00:00,2024-05-12 23:00:00,67.95
Montenegro,MNE,2024-05-12 22:00:00,2024-05-13 00:00:00,79.48
Montenegro,MNE,2024-05-12 23:00:00,2024-05-13 01:00:00,71.69
Montenegro,MNE,2024-05-13 00:00:00,2024-05-13 02:00:00,65.64
Montenegro,MNE,2024-05-13 01:00:00,2024-05-13 03:00:00,63.32
Montenegro,MNE,2024-05-13 02:00:00,2024-05-13 04:00:00,65.82
Montenegro,MNE,2024-05-13 03:00:00,2024-05-13 05:00:00,71.51
Montenegro,MNE,2024-05-13 04:00:00,2024-05-13 06:00:00,95.37
Montenegro,MNE,2024-05-13 05:00:00,2024-05-13 07:00:00,97.97
Montenegro,MNE,2024-05-13 06:00:00,2024-05-13 08:00:00,80.08
Montenegro,MNE,2024-05-13 07:00:00,2024-05-13 09:00:00,63.2
Montenegro,MNE,2024-05-13 08:00:00,2024-05-13 10:00:00,71.72
Montenegro,MNE,2024-05-13 09:00:00,2024-05-13 11:00:00,65.74
Montenegro,MNE,2024-05-13 10:00:00,2024-05-13 12:00:00,68.94
Montenegro,MNE,2024-05-13 11:00:00,2024-05-13 13:00:00,54.1
Montenegro,MNE,2024-05-13 12:00:00,2024-05-13 14:00:00,58.97
Montenegro,MNE,2024-05-13 13:00:00,2024-05-13 15:00:00,79.95
Montenegro,MNE,2024-05-13 14:00:00,2024-05-13 16:00:00,61.42
Montenegro,MNE,2024-05-13 15:00:00,2024-05-13 17:00:00,73.34
Montenegro,MNE,2024-05-13 16:00:00,2024-05-13 18:00:00,93.75
Montenegro,MNE,2024-05-13 17:00:00,2024-05-13 19:00:00,115.1
Montenegro,MNE,2024-05-13 18:00:00,2024-05-13 20:00:00,137.93
Montenegro,MNE,2024-05-13 19:00:00,2024-05-13 21:00:00,115.19
Montenegro,MNE,2024-05-13 20:00:00,2024-05-13 22:00:00,87.88
Montenegro,MNE,2024-05-13 21:00:00,2024-05-13 23:00:00,79.52
Montenegro,MNE,2024-05-13 22:00:00,2024-05-14 00:00:00,87.21
Montenegro,MNE,2024-05-13 23:00:00,2024-05-14 01:00:00,83.34
Montenegro,MNE,2024-05-14 00:00:00,2024-05-14 02:00:00,76.0
Montenegro,MNE,2024-05-14 01:00:00,2024-05-14 03:00:00,76.33
Montenegro,MNE,2024-05-14 02:00:00,2024-05-14 04:00:00,80.88
Montenegro,MNE,2024-05-14 03:00:00,2024-05-14 05:00:00,85.58
Montenegro,MNE,2024-05-14 04:00:00,2024-05-14 06:00:00,99.22
Montenegro,MNE,2024-05-14 05:00:00,2024-05-14 07:00:00,99.59
Montenegro,MNE,2024-05-14 06:00:00,2024-05-14 08:00:00,99.63
Montenegro,MNE,2024-05-14 07:00:00,2024-05-14 09:00:00,89.88
Montenegro,MNE,2024-05-14 08:00:00,2024-05-14 10:00:00,86.8
Montenegro,MNE,2024-05-14 09:00:00,2024-05-14 11:00:00,85.02
Montenegro,MNE,2024-05-14 10:00:00,2024-05-14 12:00:00,80.06
Montenegro,MNE,2024-05-14 11:00:00,2024-05-14 13:00:00,80.04
Montenegro,MNE,2024-05-14 12:00:00,2024-05-14 14:00:00,85.08
Montenegro,MNE,2024-05-14 13:00:00,2024-05-14 15:00:00,89.08
Montenegro,MNE,2024-05-14 14:00:00,2024-05-14 16:00:00,99.51
Montenegro,MNE,2024-05-14 15:00:00,2024-05-14 17:00:00,103.36
Montenegro,MNE,2024-05-14 16:00:00,2024-05-14 18:00:00,104.93
Montenegro,MNE,2024-05-14 17:00:00,2024-05-14 19:00:00,125.67
Montenegro,MNE,2024-05-14 18:00:00,2024-05-14 20:00:00,145.22
Montenegro,MNE,2024-05-14 19:00:00,2024-05-14 21:00:00,124.86
Montenegro,MNE,2024-05-14 20:00:00,2024-05-14 22:00:00,93.99
Montenegro,MNE,2024-05-14 21:00:00,2024-05-14 23:00:00,88.96
Montenegro,MNE,2024-05-14 22:00:00,2024-05-15 00:00:00,94.93
Montenegro,MNE,2024-05-14 23:00:00,2024-05-15 01:00:00,94.93
Montenegro,MNE,2024-05-15 00:00:00,2024-05-15 02:00:00,90.83
Montenegro,MNE,2024-05-15 01:00:00,2024-05-15 03:00:00,79.69
Montenegro,MNE,2024-05-15 02:00:00,2024-05-15 04:00:00,91.05
Montenegro,MNE,2024-05-15 03:00:00,2024-05-15 05:00:00,99.05
Montenegro,MNE,2024-05-15 04:00:00,2024-05-15 06:00:00,115.64
Montenegro,MNE,2024-05-15 05:00:00,2024-05-15 07:00:00,131.12
Montenegro,MNE,2024-05-15 06:00:00,2024-05-15 08:00:00,126.59
Montenegro,MNE,2024-05-15 07:00:00,2024-05-15 09:00:00,115.48
Montenegro,MNE,2024-05-15 08:00:00,2024-05-15 10:00:00,111.58
Montenegro,MNE,2024-05-15 09:00:00,2024-05-15 11:00:00,101.02
Montenegro,MNE,2024-05-15 10:00:00,2024-05-15 12:00:00,87.92
Montenegro,MNE,2024-05-15 11:00:00,2024-05-15 13:00:00,91.67
Montenegro,MNE,2024-05-15 12:00:00,2024-05-15 14:00:00,91.56
Montenegro,MNE,2024-05-15 13:00:00,2024-05-15 15:00:00,97.13
Montenegro,MNE,2024-05-15 14:00:00,2024-05-15 16:00:00,102.13
Montenegro,MNE,2024-05-15 15:00:00,2024-05-15 17:00:00,104.96
Montenegro,MNE,2024-05-15 16:00:00,2024-05-15 18:00:00,100.5
Montenegro,MNE,2024-05-15 17:00:00,2024-05-15 19:00:00,135.32
Montenegro,MNE,2024-05-15 18:00:00,2024-05-15 20:00:00,151.52
Montenegro,MNE,2024-05-15 19:00:00,2024-05-15 21:00:00,123.98
Montenegro,MNE,2024-05-15 20:00:00,2024-05-15 22:00:00,99.18
Montenegro,MNE,2024-05-15 21:00:00,2024-05-15 23:00:00,94.24
Montenegro,MNE,2024-05-15 22:00:00,2024-05-16 00:00:00,91.45
Montenegro,MNE,2024-05-15 23:00:00,2024-05-16 01:00:00,90.25
Montenegro,MNE,2024-05-16 00:00:00,2024-05-16 02:00:00,83.77
Montenegro,MNE,2024-05-16 01:00:00,2024-05-16 03:00:00,83.31
Montenegro,MNE,2024-05-16 02:00:00,2024-05-16 04:00:00,83.67
Montenegro,MNE,2024-05-16 03:00:00,2024-05-16 05:00:00,90.5
Montenegro,MNE,2024-05-16 04:00:00,2024-05-16 06:00:00,104.48
Montenegro,MNE,2024-05-16 05:00:00,2024-05-16 07:00:00,118.58
Montenegro,MNE,2024-05-16 06:00:00,2024-05-16 08:00:00,125.03
Montenegro,MNE,2024-05-16 07:00:00,2024-05-16 09:00:00,106.32
Montenegro,MNE,2024-05-16 08:00:00,2024-05-16 10:00:00,90.06
Montenegro,MNE,2024-05-16 09:00:00,2024-05-16 11:00:00,90.06
Montenegro,MNE,2024-05-16 10:00:00,2024-05-16 12:00:00,85.06
Montenegro,MNE,2024-05-16 11:00:00,2024-05-16 13:00:00,85.05
Montenegro,MNE,2024-05-16 12:00:00,2024-05-16 14:00:00,85.05
Montenegro,MNE,2024-05-16 13:00:00,2024-05-16 15:00:00,90.07
Montenegro,MNE,2024-05-16 14:00:00,2024-05-16 16:00:00,95.05
Montenegro,MNE,2024-05-16 15:00:00,2024-05-16 17:00:00,96.19
Montenegro,MNE,2024-05-16 16:00:00,2024-05-16 18:00:00,104.06
Montenegro,MNE,2024-05-16 17:00:00,2024-05-16 19:00:00,125.97
Montenegro,MNE,2024-05-16 18:00:00,2024-05-16 20:00:00,139.86
Montenegro,MNE,2024-05-16 19:00:00,2024-05-16 21:00:00,132.07
Montenegro,MNE,2024-05-16 20:00:00,2024-05-16 22:00:00,92.03
Montenegro,MNE,2024-05-16 21:00:00,2024-05-16 23:00:00,88.66
Montenegro,MNE,2024-05-16 22:00:00,2024-05-17 00:00:00,83.35
Montenegro,MNE,2024-05-16 23:00:00,2024-05-17 01:00:00,76.59
Montenegro,MNE,2024-05-17 00:00:00,2024-05-17 02:00:00,76.07
Montenegro,MNE,2024-05-17 01:00:00,2024-05-17 03:00:00,74.96
Montenegro,MNE,2024-05-17 02:00:00,2024-05-17 04:00:00,74.97
Montenegro,MNE,2024-05-17 03:00:00,2024-05-17 05:00:00,79.93
Montenegro,MNE,2024-05-17 04:00:00,2024-05-17 06:00:00,91.99
Montenegro,MNE,2024-05-17 05:00:00,2024-05-17 07:00:00,112.63
Montenegro,MNE,2024-05-17 06:00:00,2024-05-17 08:00:00,106.48
Montenegro,MNE,2024-05-17 07:00:00,2024-05-17 09:00:00,80.72
Montenegro,MNE,2024-05-17 08:00:00,2024-05-17 10:00:00,68.55
Montenegro,MNE,2024-05-17 09:00:00,2024-05-17 11:00:00,59.99
Montenegro,MNE,2024-05-17 10:00:00,2024-05-17 12:00:00,53.54
Montenegro,MNE,2024-05-17 11:00:00,2024-05-17 13:00:00,52.49
Montenegro,MNE,2024-05-17 12:00:00,2024-05-17 14:00:00,59.18
Montenegro,MNE,2024-05-17 13:00:00,2024-05-17 15:00:00,63.83
Montenegro,MNE,2024-05-17 14:00:00,2024-05-17 16:00:00,69.92
Montenegro,MNE,2024-05-17 15:00:00,2024-05-17 17:00:00,84.94
Montenegro,MNE,2024-05-17 16:00:00,2024-05-17 18:00:00,104.12
Montenegro,MNE,2024-05-17 17:00:00,2024-05-17 19:00:00,125.07
Montenegro,MNE,2024-05-17 18:00:00,2024-05-17 20:00:00,146.04
Montenegro,MNE,2024-05-17 19:00:00,2024-05-17 21:00:00,131.47
Montenegro,MNE,2024-05-17 20:00:00,2024-05-17 22:00:00,97.92
Montenegro,MNE,2024-05-17 21:00:00,2024-05-17 23:00:00,89.57
Montenegro,MNE,2024-05-17 22:00:00,2024-05-18 00:00:00,81.05
Montenegro,MNE,2024-05-17 23:00:00,2024-05-18 01:00:00,81.05
Montenegro,MNE,2024-05-18 00:00:00,2024-05-18 02:00:00,86.05
Montenegro,MNE,2024-05-18 01:00:00,2024-05-18 03:00:00,76.84
Montenegro,MNE,2024-05-18 02:00:00,2024-05-18 04:00:00,76.89
Montenegro,MNE,2024-05-18 03:00:00,2024-05-18 05:00:00,83.64
Montenegro,MNE,2024-05-18 04:00:00,2024-05-18 06:00:00,83.8
Montenegro,MNE,2024-05-18 05:00:00,2024-05-18 07:00:00,100.4
Montenegro,MNE,2024-05-18 06:00:00,2024-05-18 08:00:00,90.23
Montenegro,MNE,2024-05-18 07:00:00,2024-05-18 09:00:00,69.23
Montenegro,MNE,2024-05-18 08:00:00,2024-05-18 10:00:00,73.71
Montenegro,MNE,2024-05-18 09:00:00,2024-05-18 11:00:00,23.08
Montenegro,MNE,2024-05-18 10:00:00,2024-05-18 12:00:00,23.0
Montenegro,MNE,2024-05-18 11:00:00,2024-05-18 13:00:00,23.01
Montenegro,MNE,2024-05-18 12:00:00,2024-05-18 14:00:00,23.01
Montenegro,MNE,2024-05-18 13:00:00,2024-05-18 15:00:00,23.02
Montenegro,MNE,2024-05-18 14:00:00,2024-05-18 16:00:00,41.88
Montenegro,MNE,2024-05-18 15:00:00,2024-05-18 17:00:00,73.45
Montenegro,MNE,2024-05-18 16:00:00,2024-05-18 18:00:00,99.54
Montenegro,MNE,2024-05-18 17:00:00,2024-05-18 19:00:00,118.48
Montenegro,MNE,2024-05-18 18:00:00,2024-05-18 20:00:00,128.67
Montenegro,MNE,2024-05-18 19:00:00,2024-05-18 21:00:00,113.1
Montenegro,MNE,2024-05-18 20:00:00,2024-05-18 22:00:00,101.4
Montenegro,MNE,2024-05-18 21:00:00,2024-05-18 23:00:00,97.22
Montenegro,MNE,2024-05-18 22:00:00,2024-05-19 00:00:00,84.39
Montenegro,MNE,2024-05-18 23:00:00,2024-05-19 01:00:00,80.05
Montenegro,MNE,2024-05-19 00:00:00,2024-05-19 02:00:00,76.91
Montenegro,MNE,2024-05-19 01:00:00,2024-05-19 03:00:00,76.9
Montenegro,MNE,2024-05-19 02:00:00,2024-05-19 04:00:00,76.9
Montenegro,MNE,2024-05-19 03:00:00,2024-05-19 05:00:00,76.91
Montenegro,MNE,2024-05-19 04:00:00,2024-05-19 06:00:00,76.92
Montenegro,MNE,2024-05-19 05:00:00,2024-05-19 07:00:00,76.71
Montenegro,MNE,2024-05-19 06:00:00,2024-05-19 08:00:00,62.86
Montenegro,MNE,2024-05-19 07:00:00,2024-05-19 09:00:00,37.45
Montenegro,MNE,2024-05-19 08:00:00,2024-05-19 10:00:00,43.55
Montenegro,MNE,2024-05-19 09:00:00,2024-05-19 11:00:00,20.84
Montenegro,MNE,2024-05-19 10:00:00,2024-05-19 12:00:00,20.98
Montenegro,MNE,2024-05-19 11:00:00,2024-05-19 13:00:00,20.93
Montenegro,MNE,2024-05-19 12:00:00,2024-05-19 14:00:00,20.76
Montenegro,MNE,2024-05-19 13:00:00,2024-05-19 15:00:00,27.43
Montenegro,MNE,2024-05-19 14:00:00,2024-05-19 16:00:00,55.8
Montenegro,MNE,2024-05-19 15:00:00,2024-05-19 17:00:00,76.5
Montenegro,MNE,2024-05-19 16:00:00,2024-05-19 18:00:00,90.89
Montenegro,MNE,2024-05-19 17:00:00,2024-05-19 19:00:00,111.84
Montenegro,MNE,2024-05-19 18:00:00,2024-05-19 20:00:00,130.84
Montenegro,MNE,2024-05-19 19:00:00,2024-05-19 21:00:00,111.78
Montenegro,MNE,2024-05-19 20:00:00,2024-05-19 22:00:00,94.95
Montenegro,MNE,2024-05-19 21:00:00,2024-05-19 23:00:00,93.71
Montenegro,MNE,2024-05-19 22:00:00,2024-05-20 00:00:00,88.16
Montenegro,MNE,2024-05-19 23:00:00,2024-05-20 01:00:00,83.95
Montenegro,MNE,2024-05-20 00:00:00,2024-05-20 02:00:00,76.96
Montenegro,MNE,2024-05-20 01:00:00,2024-05-20 03:00:00,76.97
Montenegro,MNE,2024-05-20 02:00:00,2024-05-20 04:00:00,76.84
Montenegro,MNE,2024-05-20 03:00:00,2024-05-20 05:00:00,83.73
Montenegro,MNE,2024-05-20 04:00:00,2024-05-20 06:00:00,94.72
Montenegro,MNE,2024-05-20 05:00:00,2024-05-20 07:00:00,118.39
Montenegro,MNE,2024-05-20 06:00:00,2024-05-20 08:00:00,98.5
Montenegro,MNE,2024-05-20 07:00:00,2024-05-20 09:00:00,94.9
Montenegro,MNE,2024-05-20 08:00:00,2024-05-20 10:00:00,90.05
Montenegro,MNE,2024-05-20 09:00:00,2024-05-20 11:00:00,69.58
Montenegro,MNE,2024-05-20 10:00:00,2024-05-20 12:00:00,90.03
Montenegro,MNE,2024-05-20 11:00:00,2024-05-20 13:00:00,90.01
Montenegro,MNE,2024-05-20 12:00:00,2024-05-20 14:00:00,90.01
Montenegro,MNE,2024-05-20 13:00:00,2024-05-20 15:00:00,76.45
Montenegro,MNE,2024-05-20 14:00:00,2024-05-20 16:00:00,91.93
Montenegro,MNE,2024-05-20 15:00:00,2024-05-20 17:00:00,93.97
Montenegro,MNE,2024-05-20 16:00:00,2024-05-20 18:00:00,105.64
Montenegro,MNE,2024-05-20 17:00:00,2024-05-20 19:00:00,130.01
Montenegro,MNE,2024-05-20 18:00:00,2024-05-20 20:00:00,153.6
Montenegro,MNE,2024-05-20 19:00:00,2024-05-20 21:00:00,118.89
Montenegro,MNE,2024-05-20 20:00:00,2024-05-20 22:00:00,97.44
Montenegro,MNE,2024-05-20 21:00:00,2024-05-20 23:00:00,86.07
Montenegro,MNE,2024-05-20 22:00:00,2024-05-21 00:00:00,90.88
Montenegro,MNE,2024-05-20 23:00:00,2024-05-21 01:00:00,83.25
Montenegro,MNE,2024-05-21 00:00:00,2024-05-21 02:00:00,76.29
Montenegro,MNE,2024-05-21 01:00:00,2024-05-21 03:00:00,80.43
Montenegro,MNE,2024-05-21 02:00:00,2024-05-21 04:00:00,81.73
Montenegro,MNE,2024-05-21 03:00:00,2024-05-21 05:00:00,83.94
Montenegro,MNE,2024-05-21 04:00:00,2024-05-21 06:00:00,103.22
Montenegro,MNE,2024-05-21 05:00:00,2024-05-21 07:00:00,118.56
Montenegro,MNE,2024-05-21 06:00:00,2024-05-21 08:00:00,105.65
Montenegro,MNE,2024-05-21 07:00:00,2024-05-21 09:00:00,90.08
Montenegro,MNE,2024-05-21 08:00:00,2024-05-21 10:00:00,73.1
Montenegro,MNE,2024-05-21 09:00:00,2024-05-21 11:00:00,66.17
Montenegro,MNE,2024-05-21 10:00:00,2024-05-21 12:00:00,62.3
Montenegro,MNE,2024-05-21 11:00:00,2024-05-21 13:00:00,63.14
Montenegro,MNE,2024-05-21 12:00:00,2024-05-21 14:00:00,65.1
Montenegro,MNE,2024-05-21 13:00:00,2024-05-21 15:00:00,75.7
Montenegro,MNE,2024-05-21 14:00:00,2024-05-21 16:00:00,78.07
Montenegro,MNE,2024-05-21 15:00:00,2024-05-21 17:00:00,97.4
Montenegro,MNE,2024-05-21 16:00:00,2024-05-21 18:00:00,99.04
Montenegro,MNE,2024-05-21 17:00:00,2024-05-21 19:00:00,130.52
Montenegro,MNE,2024-05-21 18:00:00,2024-05-21 20:00:00,139.32
Montenegro,MNE,2024-05-21 19:00:00,2024-05-21 21:00:00,110.0
Montenegro,MNE,2024-05-21 20:00:00,2024-05-21 22:00:00,97.8
Montenegro,MNE,2024-05-21 21:00:00,2024-05-21 23:00:00,94.75
Montenegro,MNE,2024-05-21 22:00:00,2024-05-22 00:00:00,87.45
Montenegro,MNE,2024-05-21 23:00:00,2024-05-22 01:00:00,83.24
Montenegro,MNE,2024-05-22 00:00:00,2024-05-22 02:00:00,75.29
Montenegro,MNE,2024-05-22 01:00:00,2024-05-22 03:00:00,79.19
Montenegro,MNE,2024-05-22 02:00:00,2024-05-22 04:00:00,81.19
Montenegro,MNE,2024-05-22 03:00:00,2024-05-22 05:00:00,74.88
Montenegro,MNE,2024-05-22 04:00:00,2024-05-22 06:00:00,95.52
Montenegro,MNE,2024-05-22 05:00:00,2024-05-22 07:00:00,116.82
Montenegro,MNE,2024-05-22 06:00:00,2024-05-22 08:00:00,103.1
Montenegro,MNE,2024-05-22 07:00:00,2024-05-22 09:00:00,91.23
Montenegro,MNE,2024-05-22 08:00:00,2024-05-22 10:00:00,79.66
Montenegro,MNE,2024-05-22 09:00:00,2024-05-22 11:00:00,67.45
Montenegro,MNE,2024-05-22 10:00:00,2024-05-22 12:00:00,59.07
Montenegro,MNE,2024-05-22 11:00:00,2024-05-22 13:00:00,51.27
Montenegro,MNE,2024-05-22 12:00:00,2024-05-22 14:00:00,63.87
Montenegro,MNE,2024-05-22 13:00:00,2024-05-22 15:00:00,78.1
Montenegro,MNE,2024-05-22 14:00:00,2024-05-22 16:00:00,87.7
Montenegro,MNE,2024-05-22 15:00:00,2024-05-22 17:00:00,95.42
Montenegro,MNE,2024-05-22 16:00:00,2024-05-22 18:00:00,109.08
Montenegro,MNE,2024-05-22 17:00:00,2024-05-22 19:00:00,128.88
Montenegro,MNE,2024-05-22 18:00:00,2024-05-22 20:00:00,155.76
Montenegro,MNE,2024-05-22 19:00:00,2024-05-22 21:00:00,141.01
Montenegro,MNE,2024-05-22 20:00:00,2024-05-22 22:00:00,107.88
Montenegro,MNE,2024-05-22 21:00:00,2024-05-22 23:00:00,100.47
Montenegro,MNE,2024-05-22 22:00:00,2024-05-23 00:00:00,97.54
Montenegro,MNE,2024-05-22 23:00:00,2024-05-23 01:00:00,89.01
Montenegro,MNE,2024-05-23 00:00:00,2024-05-23 02:00:00,87.28
Montenegro,MNE,2024-05-23 01:00:00,2024-05-23 03:00:00,85.63
Montenegro,MNE,2024-05-23 02:00:00,2024-05-23 04:00:00,89.68
Montenegro,MNE,2024-05-23 03:00:00,2024-05-23 05:00:00,95.03
Montenegro,MNE,2024-05-23 04:00:00,2024-05-23 06:00:00,117.6
Montenegro,MNE,2024-05-23 05:00:00,2024-05-23 07:00:00,129.9
Montenegro,MNE,2024-05-23 06:00:00,2024-05-23 08:00:00,115.13
Montenegro,MNE,2024-05-23 07:00:00,2024-05-23 09:00:00,92.18
Montenegro,MNE,2024-05-23 08:00:00,2024-05-23 10:00:00,77.35
Montenegro,MNE,2024-05-23 09:00:00,2024-05-23 11:00:00,75.2
Montenegro,MNE,2024-05-23 10:00:00,2024-05-23 12:00:00,67.44
Montenegro,MNE,2024-05-23 11:00:00,2024-05-23 13:00:00,63.97
Montenegro,MNE,2024-05-23 12:00:00,2024-05-23 14:00:00,68.91
Montenegro,MNE,2024-05-23 13:00:00,2024-05-23 15:00:00,85.49
Montenegro,MNE,2024-05-23 14:00:00,2024-05-23 16:00:00,94.05
Montenegro,MNE,2024-05-23 15:00:00,2024-05-23 17:00:00,105.57
Montenegro,MNE,2024-05-23 16:00:00,2024-05-23 18:00:00,110.0
Montenegro,MNE,2024-05-23 17:00:00,2024-05-23 19:00:00,129.92
Montenegro,MNE,2024-05-23 18:00:00,2024-05-23 20:00:00,129.96
Montenegro,MNE,2024-05-23 19:00:00,2024-05-23 21:00:00,132.23
Montenegro,MNE,2024-05-23 20:00:00,2024-05-23 22:00:00,114.93
Montenegro,MNE,2024-05-23 21:00:00,2024-05-23 23:00:00,102.05
Montenegro,MNE,2024-05-23 22:00:00,2024-05-24 00:00:00,99.42
Montenegro,MNE,2024-05-23 23:00:00,2024-05-24 01:00:00,94.13
Montenegro,MNE,2024-05-24 00:00:00,2024-05-24 02:00:00,93.9
Montenegro,MNE,2024-05-24 01:00:00,2024-05-24 03:00:00,93.4
Montenegro,MNE,2024-05-24 02:00:00,2024-05-24 04:00:00,94.3
Montenegro,MNE,2024-05-24 03:00:00,2024-05-24 05:00:00,97.69
Montenegro,MNE,2024-05-24 04:00:00,2024-05-24 06:00:00,113.36
Montenegro,MNE,2024-05-24 05:00:00,2024-05-24 07:00:00,139.17
Montenegro,MNE,2024-05-24 06:00:00,2024-05-24 08:00:00,118.61
Montenegro,MNE,2024-05-24 07:00:00,2024-05-24 09:00:00,103.4
Montenegro,MNE,2024-05-24 08:00:00,2024-05-24 10:00:00,90.56
Montenegro,MNE,2024-05-24 09:00:00,2024-05-24 11:00:00,83.16
Montenegro,MNE,2024-05-24 10:00:00,2024-05-24 12:00:00,76.45
Montenegro,MNE,2024-05-24 11:00:00,2024-05-24 13:00:00,73.2
Montenegro,MNE,2024-05-24 12:00:00,2024-05-24 14:00:00,76.72
Montenegro,MNE,2024-05-24 13:00:00,2024-05-24 15:00:00,86.91
Montenegro,MNE,2024-05-24 14:00:00,2024-05-24 16:00:00,91.05
Montenegro,MNE,2024-05-24 15:00:00,2024-05-24 17:00:00,106.02
Montenegro,MNE,2024-05-24 16:00:00,2024-05-24 18:00:00,111.85
Montenegro,MNE,2024-05-24 17:00:00,2024-05-24 19:00:00,132.23
Montenegro,MNE,2024-05-24 18:00:00,2024-05-24 20:00:00,139.67
Montenegro,MNE,2024-05-24 19:00:00,2024-05-24 21:00:00,125.29
Montenegro,MNE,2024-05-24 20:00:00,2024-05-24 22:00:00,104.64
Montenegro,MNE,2024-05-24 21:00:00,2024-05-24 23:00:00,100.44
Montenegro,MNE,2024-05-24 22:00:00,2024-05-25 00:00:00,97.97
Montenegro,MNE,2024-05-24 23:00:00,2024-05-25 01:00:00,90.96
Montenegro,MNE,2024-05-25 00:00:00,2024-05-25 02:00:00,90.6
Montenegro,MNE,2024-05-25 01:00:00,2024-05-25 03:00:00,90.37
Montenegro,MNE,2024-05-25 02:00:00,2024-05-25 04:00:00,90.96
Montenegro,MNE,2024-05-25 03:00:00,2024-05-25 05:00:00,90.96
Montenegro,MNE,2024-05-25 04:00:00,2024-05-25 06:00:00,90.99
Montenegro,MNE,2024-05-25 05:00:00,2024-05-25 07:00:00,90.75
Montenegro,MNE,2024-05-25 06:00:00,2024-05-25 08:00:00,78.15
Montenegro,MNE,2024-05-25 07:00:00,2024-05-25 09:00:00,62.86
Montenegro,MNE,2024-05-25 08:00:00,2024-05-25 10:00:00,45.92
Montenegro,MNE,2024-05-25 09:00:00,2024-05-25 11:00:00,34.86
Montenegro,MNE,2024-05-25 10:00:00,2024-05-25 12:00:00,30.59
Montenegro,MNE,2024-05-25 11:00:00,2024-05-25 13:00:00,25.39
Montenegro,MNE,2024-05-25 12:00:00,2024-05-25 14:00:00,26.55
Montenegro,MNE,2024-05-25 13:00:00,2024-05-25 15:00:00,24.68
Montenegro,MNE,2024-05-25 14:00:00,2024-05-25 16:00:00,42.56
Montenegro,MNE,2024-05-25 15:00:00,2024-05-25 17:00:00,76.84
Montenegro,MNE,2024-05-25 16:00:00,2024-05-25 18:00:00,110.74
Montenegro,MNE,2024-05-25 17:00:00,2024-05-25 19:00:00,121.01
Montenegro,MNE,2024-05-25 18:00:00,2024-05-25 20:00:00,132.67
Montenegro,MNE,2024-05-25 19:00:00,2024-05-25 21:00:00,119.94
Montenegro,MNE,2024-05-25 20:00:00,2024-05-25 22:00:00,111.8
Montenegro,MNE,2024-05-25 21:00:00,2024-05-25 23:00:00,99.93
Montenegro,MNE,2024-05-25 22:00:00,2024-05-26 00:00:00,95.08
Montenegro,MNE,2024-05-25 23:00:00,2024-05-26 01:00:00,87.98
Montenegro,MNE,2024-05-26 00:00:00,2024-05-26 02:00:00,85.68
Montenegro,MNE,2024-05-26 01:00:00,2024-05-26 03:00:00,83.08
Montenegro,MNE,2024-05-26 02:00:00,2024-05-26 04:00:00,82.56
Montenegro,MNE,2024-05-26 03:00:00,2024-05-26 05:00:00,81.58
Montenegro,MNE,2024-05-26 04:00:00,2024-05-26 06:00:00,79.18
Montenegro,MNE,2024-05-26 05:00:00,2024-05-26 07:00:00,69.7
Montenegro,MNE,2024-05-26 06:00:00,2024-05-26 08:00:00,69.0
Montenegro,MNE,2024-05-26 07:00:00,2024-05-26 09:00:00,37.16
Montenegro,MNE,2024-05-26 08:00:00,2024-05-26 10:00:00,8.04
Montenegro,MNE,2024-05-26 09:00:00,2024-05-26 11:00:00,5.77
Montenegro,MNE,2024-05-26 10:00:00,2024-05-26 12:00:00,3.82
Montenegro,MNE,2024-05-26 11:00:00,2024-05-26 13:00:00,3.7
Montenegro,MNE,2024-05-26 12:00:00,2024-05-26 14:00:00,5.37
Montenegro,MNE,2024-05-26 13:00:00,2024-05-26 15:00:00,9.5
Montenegro,MNE,2024-05-26 14:00:00,2024-05-26 16:00:00,19.6
Montenegro,MNE,2024-05-26 15:00:00,2024-05-26 17:00:00,53.15
Montenegro,MNE,2024-05-26 16:00:00,2024-05-26 18:00:00,81.83
Montenegro,MNE,2024-05-26 17:00:00,2024-05-26 19:00:00,99.58
Montenegro,MNE,2024-05-26 18:00:00,2024-05-26 20:00:00,119.09
Montenegro,MNE,2024-05-26 19:00:00,2024-05-26 21:00:00,120.51
Montenegro,MNE,2024-05-26 20:00:00,2024-05-26 22:00:00,103.38
Montenegro,MNE,2024-05-26 21:00:00,2024-05-26 23:00:00,89.78
Montenegro,MNE,2024-05-26 22:00:00,2024-05-27 00:00:00,83.38
Montenegro,MNE,2024-05-26 23:00:00,2024-05-27 01:00:00,82.38
Montenegro,MNE,2024-05-27 00:00:00,2024-05-27 02:00:00,81.78
Montenegro,MNE,2024-05-27 01:00:00,2024-05-27 03:00:00,79.18
Montenegro,MNE,2024-05-27 02:00:00,2024-05-27 04:00:00,78.68
Montenegro,MNE,2024-05-27 03:00:00,2024-05-27 05:00:00,90.6
Montenegro,MNE,2024-05-27 04:00:00,2024-05-27 06:00:00,108.38
Montenegro,MNE,2024-05-27 05:00:00,2024-05-27 07:00:00,109.28
Montenegro,MNE,2024-05-27 06:00:00,2024-05-27 08:00:00,92.38
Montenegro,MNE,2024-05-27 07:00:00,2024-05-27 09:00:00,83.79
Montenegro,MNE,2024-05-27 08:00:00,2024-05-27 10:00:00,76.86
Montenegro,MNE,2024-05-27 09:00:00,2024-05-27 11:00:00,64.36
Montenegro,MNE,2024-05-27 10:00:00,2024-05-27 12:00:00,62.87
Montenegro,MNE,2024-05-27 11:00:00,2024-05-27 13:00:00,55.93
Montenegro,MNE,2024-05-27 12:00:00,2024-05-27 14:00:00,69.77
Montenegro,MNE,2024-05-27 13:00:00,2024-05-27 15:00:00,76.87
Montenegro,MNE,2024-05-27 14:00:00,2024-05-27 16:00:00,83.85
Montenegro,MNE,2024-05-27 15:00:00,2024-05-27 17:00:00,100.38
Montenegro,MNE,2024-05-27 16:00:00,2024-05-27 18:00:00,120.98
Montenegro,MNE,2024-05-27 17:00:00,2024-05-27 19:00:00,152.95
Montenegro,MNE,2024-05-27 18:00:00,2024-05-27 20:00:00,161.0
Montenegro,MNE,2024-05-27 19:00:00,2024-05-27 21:00:00,139.58
Montenegro,MNE,2024-05-27 20:00:00,2024-05-27 22:00:00,119.71
Montenegro,MNE,2024-05-27 21:00:00,2024-05-27 23:00:00,105.68
Montenegro,MNE,2024-05-27 22:00:00,2024-05-28 00:00:00,100.04
Montenegro,MNE,2024-05-27 23:00:00,2024-05-28 01:00:00,98.09
Montenegro,MNE,2024-05-28 00:00:00,2024-05-28 02:00:00,93.15
Montenegro,MNE,2024-05-28 01:00:00,2024-05-28 03:00:00,87.8
Montenegro,MNE,2024-05-28 02:00:00,2024-05-28 04:00:00,88.08
Montenegro,MNE,2024-05-28 03:00:00,2024-05-28 05:00:00,100.02
Montenegro,MNE,2024-05-28 04:00:00,2024-05-28 06:00:00,114.73
Montenegro,MNE,2024-05-28 05:00:00,2024-05-28 07:00:00,129.07
Montenegro,MNE,2024-05-28 06:00:00,2024-05-28 08:00:00,111.49
Montenegro,MNE,2024-05-28 07:00:00,2024-05-28 09:00:00,95.74
Montenegro,MNE,2024-05-28 08:00:00,2024-05-28 10:00:00,89.88
Montenegro,MNE,2024-05-28 09:00:00,2024-05-28 11:00:00,81.38
Montenegro,MNE,2024-05-28 10:00:00,2024-05-28 12:00:00,71.86
Montenegro,MNE,2024-05-28 11:00:00,2024-05-28 13:00:00,72.15
Montenegro,MNE,2024-05-28 12:00:00,2024-05-28 14:00:00,72.45
Montenegro,MNE,2024-05-28 13:00:00,2024-05-28 15:00:00,72.52
Montenegro,MNE,2024-05-28 14:00:00,2024-05-28 16:00:00,84.97
Montenegro,MNE,2024-05-28 15:00:00,2024-05-28 17:00:00,101.07
Montenegro,MNE,2024-05-28 16:00:00,2024-05-28 18:00:00,112.05
Montenegro,MNE,2024-05-28 17:00:00,2024-05-28 19:00:00,132.53
Montenegro,MNE,2024-05-28 18:00:00,2024-05-28 20:00:00,151.12
Montenegro,MNE,2024-05-28 19:00:00,2024-05-28 21:00:00,132.07
Montenegro,MNE,2024-05-28 20:00:00,2024-05-28 22:00:00,123.9
Montenegro,MNE,2024-05-28 21:00:00,2024-05-28 23:00:00,115.97
Montenegro,MNE,2024-05-28 22:00:00,2024-05-29 00:00:00,92.07
Montenegro,MNE,2024-05-28 23:00:00,2024-05-29 01:00:00,88.11
Montenegro,MNE,2024-05-29 00:00:00,2024-05-29 02:00:00,85.03
Montenegro,MNE,2024-05-29 01:00:00,2024-05-29 03:00:00,84.59
Montenegro,MNE,2024-05-29 02:00:00,2024-05-29 04:00:00,84.59
Montenegro,MNE,2024-05-29 03:00:00,2024-05-29 05:00:00,90.88
Montenegro,MNE,2024-05-29 04:00:00,2024-05-29 06:00:00,111.93
Montenegro,MNE,2024-05-29 05:00:00,2024-05-29 07:00:00,123.55
Montenegro,MNE,2024-05-29 06:00:00,2024-05-29 08:00:00,97.86
Montenegro,MNE,2024-05-29 07:00:00,2024-05-29 09:00:00,85.06
Montenegro,MNE,2024-05-29 08:00:00,2024-05-29 10:00:00,76.83
Montenegro,MNE,2024-05-29 09:00:00,2024-05-29 11:00:00,73.95
Montenegro,MNE,2024-05-29 10:00:00,2024-05-29 12:00:00,69.91
Montenegro,MNE,2024-05-29 11:00:00,2024-05-29 13:00:00,68.02
Montenegro,MNE,2024-05-29 12:00:00,2024-05-29 14:00:00,71.22
Montenegro,MNE,2024-05-29 13:00:00,2024-05-29 15:00:00,78.01
Montenegro,MNE,2024-05-29 14:00:00,2024-05-29 16:00:00,91.04
Montenegro,MNE,2024-05-29 15:00:00,2024-05-29 17:00:00,98.76
Montenegro,MNE,2024-05-29 16:00:00,2024-05-29 18:00:00,124.38
Montenegro,MNE,2024-05-29 17:00:00,2024-05-29 19:00:00,146.02
Montenegro,MNE,2024-05-29 18:00:00,2024-05-29 20:00:00,160.04
Montenegro,MNE,2024-05-29 19:00:00,2024-05-29 21:00:00,140.16
Montenegro,MNE,2024-05-29 20:00:00,2024-05-29 22:00:00,116.21
Montenegro,MNE,2024-05-29 21:00:00,2024-05-29 23:00:00,104.8
Montenegro,MNE,2024-05-29 22:00:00,2024-05-30 00:00:00,96.76
Montenegro,MNE,2024-05-29 23:00:00,2024-05-30 01:00:00,90.94
Montenegro,MNE,2024-05-30 00:00:00,2024-05-30 02:00:00,90.53
Montenegro,MNE,2024-05-30 01:00:00,2024-05-30 03:00:00,90.11
Montenegro,MNE,2024-05-30 02:00:00,2024-05-30 04:00:00,90.54
Montenegro,MNE,2024-05-30 03:00:00,2024-05-30 05:00:00,97.04
Montenegro,MNE,2024-05-30 04:00:00,2024-05-30 06:00:00,103.12
Montenegro,MNE,2024-05-30 05:00:00,2024-05-30 07:00:00,117.24
Montenegro,MNE,2024-05-30 06:00:00,2024-05-30 08:00:00,97.95
Montenegro,MNE,2024-05-30 07:00:00,2024-05-30 09:00:00,83.96
Montenegro,MNE,2024-05-30 08:00:00,2024-05-30 10:00:00,77.0
Montenegro,MNE,2024-05-30 09:00:00,2024-05-30 11:00:00,73.86
Montenegro,MNE,2024-05-30 10:00:00,2024-05-30 12:00:00,71.57
Montenegro,MNE,2024-05-30 11:00:00,2024-05-30 13:00:00,66.07
Montenegro,MNE,2024-05-30 12:00:00,2024-05-30 14:00:00,65.34
Montenegro,MNE,2024-05-30 13:00:00,2024-05-30 15:00:00,76.81
Montenegro,MNE,2024-05-30 14:00:00,2024-05-30 16:00:00,90.33
Montenegro,MNE,2024-05-30 15:00:00,2024-05-30 17:00:00,97.93
Montenegro,MNE,2024-05-30 16:00:00,2024-05-30 18:00:00,111.9
Montenegro,MNE,2024-05-30 17:00:00,2024-05-30 19:00:00,136.42
Montenegro,MNE,2024-05-30 18:00:00,2024-05-30 20:00:00,146.56
Montenegro,MNE,2024-05-30 19:00:00,2024-05-30 21:00:00,148.69
Montenegro,MNE,2024-05-30 20:00:00,2024-05-30 22:00:00,118.55
Montenegro,MNE,2024-05-30 21:00:00,2024-05-30 23:00:00,104.74
Montenegro,MNE,2024-05-30 22:00:00,2024-05-31 00:00:00,97.1
Montenegro,MNE,2024-05-30 23:00:00,2024-05-31 01:00:00,92.6
Montenegro,MNE,2024-05-31 00:00:00,2024-05-31 02:00:00,87.2
Montenegro,MNE,2024-05-31 01:00:00,2024-05-31 03:00:00,90.9
Montenegro,MNE,2024-05-31 02:00:00,2024-05-31 04:00:00,93.61
Montenegro,MNE,2024-05-31 03:00:00,2024-05-31 05:00:00,93.06
Montenegro,MNE,2024-05-31 04:00:00,2024-05-31 06:00:00,111.01
Montenegro,MNE,2024-05-31 05:00:00,2024-05-31 07:00:00,118.42
Montenegro,MNE,2024-05-31 06:00:00,2024-05-31 08:00:00,113.08
Montenegro,MNE,2024-05-31 07:00:00,2024-05-31 09:00:00,104.43
Montenegro,MNE,2024-05-31 08:00:00,2024-05-31 10:00:00,93.09
Montenegro,MNE,2024-05-31 09:00:00,2024-05-31 11:00:00,87.42
Montenegro,MNE,2024-05-31 10:00:00,2024-05-31 12:00:00,78.09
Montenegro,MNE,2024-05-31 11:00:00,2024-05-31 13:00:00,76.03
Montenegro,MNE,2024-05-31 12:00:00,2024-05-31 14:00:00,73.63
Montenegro,MNE,2024-05-31 13:00:00,2024-05-31 15:00:00,76.76
Montenegro,MNE,2024-05-31 14:00:00,2024-05-31 16:00:00,83.94
Montenegro,MNE,2024-05-31 15:00:00,2024-05-31 17:00:00,97.06
Montenegro,MNE,2024-05-31 16:00:00,2024-05-31 18:00:00,111.15
Montenegro,MNE,2024-05-31 17:00:00,2024-05-31 19:00:00,129.9
Montenegro,MNE,2024-05-31 18:00:00,2024-05-31 20:00:00,132.32
Montenegro,MNE,2024-05-31 19:00:00,2024-05-31 21:00:00,125.28
Montenegro,MNE,2024-05-31 20:00:00,2024-05-31 22:00:00,104.02
Montenegro,MNE,2024-05-31 21:00:00,2024-05-31 23:00:00,97.57
Montenegro,MNE,2024-05-31 22:00:00,2024-06-01 00:00:00,84.94
Montenegro,MNE,2024-05-31 23:00:00,2024-06-01 01:00:00,84.09
Montenegro,MNE,2024-06-01 00:00:00,2024-06-01 02:00:00,79.62
Montenegro,MNE,2024-06-01 01:00:00,2024-06-01 03:00:00,77.2
Montenegro,MNE,2024-06-01 02:00:00,2024-06-01 04:00:00,75.59
Montenegro,MNE,2024-06-01 03:00:00,2024-06-01 05:00:00,75.41
Montenegro,MNE,2024-06-01 04:00:00,2024-06-01 06:00:00,79.74
Montenegro,MNE,2024-06-01 05:00:00,2024-06-01 07:00:00,74.9
Montenegro,MNE,2024-06-01 06:00:00,2024-06-01 08:00:00,69.9
Montenegro,MNE,2024-06-01 07:00:00,2024-06-01 09:00:00,56.56
Montenegro,MNE,2024-06-01 08:00:00,2024-06-01 10:00:00,48.61
Montenegro,MNE,2024-06-01 09:00:00,2024-06-01 11:00:00,23.24
Montenegro,MNE,2024-06-01 10:00:00,2024-06-01 12:00:00,11.78
Montenegro,MNE,2024-06-01 11:00:00,2024-06-01 13:00:00,10.06
Montenegro,MNE,2024-06-01 12:00:00,2024-06-01 14:00:00,10.1
Montenegro,MNE,2024-06-01 13:00:00,2024-06-01 15:00:00,11.99
Montenegro,MNE,2024-06-01 14:00:00,2024-06-01 16:00:00,17.96
Montenegro,MNE,2024-06-01 15:00:00,2024-06-01 17:00:00,63.89
Montenegro,MNE,2024-06-01 16:00:00,2024-06-01 18:00:00,87.31
Montenegro,MNE,2024-06-01 17:00:00,2024-06-01 19:00:00,119.71
Montenegro,MNE,2024-06-01 18:00:00,2024-06-01 20:00:00,140.5
Montenegro,MNE,2024-06-01 19:00:00,2024-06-01 21:00:00,134.0
Montenegro,MNE,2024-06-01 20:00:00,2024-06-01 22:00:00,101.02
Montenegro,MNE,2024-06-01 21:00:00,2024-06-01 23:00:00,86.92
Montenegro,MNE,2024-06-01 22:00:00,2024-06-02 00:00:00,69.64
Montenegro,MNE,2024-06-01 23:00:00,2024-06-02 01:00:00,62.09
Montenegro,MNE,2024-06-02 00:00:00,2024-06-02 02:00:00,54.09
Montenegro,MNE,2024-06-02 01:00:00,2024-06-02 03:00:00,48.23
Montenegro,MNE,2024-06-02 02:00:00,2024-06-02 04:00:00,48.23
Montenegro,MNE,2024-06-02 03:00:00,2024-06-02 05:00:00,41.56
Montenegro,MNE,2024-06-02 04:00:00,2024-06-02 06:00:00,27.91
Montenegro,MNE,2024-06-02 05:00:00,2024-06-02 07:00:00,24.49
Montenegro,MNE,2024-06-02 06:00:00,2024-06-02 08:00:00,19.82
Montenegro,MNE,2024-06-02 07:00:00,2024-06-02 09:00:00,9.97
Montenegro,MNE,2024-06-02 08:00:00,2024-06-02 10:00:00,6.95
Montenegro,MNE,2024-06-02 09:00:00,2024-06-02 11:00:00,6.36
Montenegro,MNE,2024-06-02 10:00:00,2024-06-02 12:00:00,6.5
Montenegro,MNE,2024-06-02 11:00:00,2024-06-02 13:00:00,2.97
Montenegro,MNE,2024-06-02 12:00:00,2024-06-02 14:00:00,2.98
Montenegro,MNE,2024-06-02 13:00:00,2024-06-02 15:00:00,6.03
Montenegro,MNE,2024-06-02 14:00:00,2024-06-02 16:00:00,13.42
Montenegro,MNE,2024-06-02 15:00:00,2024-06-02 17:00:00,49.96
Montenegro,MNE,2024-06-02 16:00:00,2024-06-02 18:00:00,104.17
Montenegro,MNE,2024-06-02 17:00:00,2024-06-02 19:00:00,115.39
Montenegro,MNE,2024-06-02 18:00:00,2024-06-02 20:00:00,125.04
Montenegro,MNE,2024-06-02 19:00:00,2024-06-02 21:00:00,117.07
Montenegro,MNE,2024-06-02 20:00:00,2024-06-02 22:00:00,94.74
Montenegro,MNE,2024-06-02 21:00:00,2024-06-02 23:00:00,84.12
Montenegro,MNE,2024-06-02 22:00:00,2024-06-03 00:00:00,76.93
Montenegro,MNE,2024-06-02 23:00:00,2024-06-03 01:00:00,76.03
Montenegro,MNE,2024-06-03 00:00:00,2024-06-03 02:00:00,69.94
Montenegro,MNE,2024-06-03 01:00:00,2024-06-03 03:00:00,72.11
Montenegro,MNE,2024-06-03 02:00:00,2024-06-03 04:00:00,72.01
Montenegro,MNE,2024-06-03 03:00:00,2024-06-03 05:00:00,86.46
Montenegro,MNE,2024-06-03 04:00:00,2024-06-03 06:00:00,110.06
Montenegro,MNE,2024-06-03 05:00:00,2024-06-03 07:00:00,150.47
Montenegro,MNE,2024-06-03 06:00:00,2024-06-03 08:00:00,132.9
Montenegro,MNE,2024-06-03 07:00:00,2024-06-03 09:00:00,125.86
Montenegro,MNE,2024-06-03 08:00:00,2024-06-03 10:00:00,104.16
Montenegro,MNE,2024-06-03 09:00:00,2024-06-03 11:00:00,90.41
Montenegro,MNE,2024-06-03 10:00:00,2024-06-03 12:00:00,83.04
Montenegro,MNE,2024-06-03 11:00:00,2024-06-03 13:00:00,76.66
Montenegro,MNE,2024-06-03 12:00:00,2024-06-03 14:00:00,76.74
Montenegro,MNE,2024-06-03 13:00:00,2024-06-03 15:00:00,83.6
Montenegro,MNE,2024-06-03 14:00:00,2024-06-03 16:00:00,86.94
Montenegro,MNE,2024-06-03 15:00:00,2024-06-03 17:00:00,104.87
Montenegro,MNE,2024-06-03 16:00:00,2024-06-03 18:00:00,118.96
Montenegro,MNE,2024-06-03 17:00:00,2024-06-03 19:00:00,146.41
Montenegro,MNE,2024-06-03 18:00:00,2024-06-03 20:00:00,154.09
Montenegro,MNE,2024-06-03 19:00:00,2024-06-03 21:00:00,145.66
Montenegro,MNE,2024-06-03 20:00:00,2024-06-03 22:00:00,125.18
Montenegro,MNE,2024-06-03 21:00:00,2024-06-03 23:00:00,111.5
Montenegro,MNE,2024-06-03 22:00:00,2024-06-04 00:00:00,111.68
Montenegro,MNE,2024-06-03 23:00:00,2024-06-04 01:00:00,104.66
Montenegro,MNE,2024-06-04 00:00:00,2024-06-04 02:00:00,98.01
Montenegro,MNE,2024-06-04 01:00:00,2024-06-04 03:00:00,97.9
Montenegro,MNE,2024-06-04 02:00:00,2024-06-04 04:00:00,97.94
Montenegro,MNE,2024-06-04 03:00:00,2024-06-04 05:00:00,104.83
Montenegro,MNE,2024-06-04 04:00:00,2024-06-04 06:00:00,14.98
Montenegro,MNE,2024-06-04 05:00:00,2024-06-04 07:00:00,113.8
Montenegro,MNE,2024-06-04 06:00:00,2024-06-04 08:00:00,119.92
Montenegro,MNE,2024-06-04 07:00:00,2024-06-04 09:00:00,115.03
Montenegro,MNE,2024-06-04 08:00:00,2024-06-04 10:00:00,100.07
Montenegro,MNE,2024-06-04 09:00:00,2024-06-04 11:00:00,92.03
Montenegro,MNE,2024-06-04 10:00:00,2024-06-04 12:00:00,86.08
Montenegro,MNE,2024-06-04 11:00:00,2024-06-04 13:00:00,83.09
Montenegro,MNE,2024-06-04 12:00:00,2024-06-04 14:00:00,76.89
Montenegro,MNE,2024-06-04 13:00:00,2024-06-04 15:00:00,83.66
Montenegro,MNE,2024-06-04 14:00:00,2024-06-04 16:00:00,90.76
Montenegro,MNE,2024-06-04 15:00:00,2024-06-04 17:00:00,105.0
Montenegro,MNE,2024-06-04 16:00:00,2024-06-04 18:00:00,119.91
Montenegro,MNE,2024-06-04 17:00:00,2024-06-04 19:00:00,120.0
Montenegro,MNE,2024-06-04 18:00:00,2024-06-04 20:00:00,124.44
Montenegro,MNE,2024-06-04 19:00:00,2024-06-04 21:00:00,139.85
Montenegro,MNE,2024-06-04 20:00:00,2024-06-04 22:00:00,119.97
Montenegro,MNE,2024-06-04 21:00:00,2024-06-04 23:00:00,97.91
Montenegro,MNE,2024-06-04 22:00:00,2024-06-05 00:00:00,95.06
Montenegro,MNE,2024-06-04 23:00:00,2024-06-05 01:00:00,83.82
Montenegro,MNE,2024-06-05 00:00:00,2024-06-05 02:00:00,78.36
Montenegro,MNE,2024-06-05 01:00:00,2024-06-05 03:00:00,79.27
Montenegro,MNE,2024-06-05 02:00:00,2024-06-05 04:00:00,77.34
Montenegro,MNE,2024-06-05 03:00:00,2024-06-05 05:00:00,90.89
Montenegro,MNE,2024-06-05 04:00:00,2024-06-05 06:00:00,98.04
Montenegro,MNE,2024-06-05 05:00:00,2024-06-05 07:00:00,126.89
Montenegro,MNE,2024-06-05 06:00:00,2024-06-05 08:00:00,109.06
Montenegro,MNE,2024-06-05 07:00:00,2024-06-05 09:00:00,96.44
Montenegro,MNE,2024-06-05 08:00:00,2024-06-05 10:00:00,90.09
Montenegro,MNE,2024-06-05 09:00:00,2024-06-05 11:00:00,83.15
Montenegro,MNE,2024-06-05 10:00:00,2024-06-05 12:00:00,83.12
Montenegro,MNE,2024-06-05 11:00:00,2024-06-05 13:00:00,76.77
Montenegro,MNE,2024-06-05 12:00:00,2024-06-05 14:00:00,76.11
Montenegro,MNE,2024-06-05 13:00:00,2024-06-05 15:00:00,76.96
Montenegro,MNE,2024-06-05 14:00:00,2024-06-05 16:00:00,97.04
Montenegro,MNE,2024-06-05 15:00:00,2024-06-05 17:00:00,95.1
Montenegro,MNE,2024-06-05 16:00:00,2024-06-05 18:00:00,126.12
Montenegro,MNE,2024-06-05 17:00:00,2024-06-05 19:00:00,160.32
Montenegro,MNE,2024-06-05 18:00:00,2024-06-05 20:00:00,187.13
Montenegro,MNE,2024-06-05 19:00:00,2024-06-05 21:00:00,147.37
Montenegro,MNE,2024-06-05 20:00:00,2024-06-05 22:00:00,129.92
Montenegro,MNE,2024-06-05 21:00:00,2024-06-05 23:00:00,111.09
Montenegro,MNE,2024-06-05 22:00:00,2024-06-06 00:00:00,110.97
Montenegro,MNE,2024-06-05 23:00:00,2024-06-06 01:00:00,104.69
Montenegro,MNE,2024-06-06 00:00:00,2024-06-06 02:00:00,101.52
Montenegro,MNE,2024-06-06 01:00:00,2024-06-06 03:00:00,99.91
Montenegro,MNE,2024-06-06 02:00:00,2024-06-06 04:00:00,97.3
Montenegro,MNE,2024-06-06 03:00:00,2024-06-06 05:00:00,107.61
Montenegro,MNE,2024-06-06 04:00:00,2024-06-06 06:00:00,126.99
Montenegro,MNE,2024-06-06 05:00:00,2024-06-06 07:00:00,146.91
Montenegro,MNE,2024-06-06 06:00:00,2024-06-06 08:00:00,111.99
Montenegro,MNE,2024-06-06 07:00:00,2024-06-06 09:00:00,90.13
Montenegro,MNE,2024-06-06 08:00:00,2024-06-06 10:00:00,62.97
Montenegro,MNE,2024-06-06 09:00:00,2024-06-06 11:00:00,62.51
Montenegro,MNE,2024-06-06 10:00:00,2024-06-06 12:00:00,60.07
Montenegro,MNE,2024-06-06 11:00:00,2024-06-06 13:00:00,55.05
Montenegro,MNE,2024-06-06 12:00:00,2024-06-06 14:00:00,52.47
Montenegro,MNE,2024-06-06 13:00:00,2024-06-06 15:00:00,83.01
Montenegro,MNE,2024-06-06 14:00:00,2024-06-06 16:00:00,102.31
Montenegro,MNE,2024-06-06 15:00:00,2024-06-06 17:00:00,97.22
Montenegro,MNE,2024-06-06 16:00:00,2024-06-06 18:00:00,132.19
Montenegro,MNE,2024-06-06 17:00:00,2024-06-06 19:00:00,149.98
Montenegro,MNE,2024-06-06 18:00:00,2024-06-06 20:00:00,164.48
Montenegro,MNE,2024-06-06 19:00:00,2024-06-06 21:00:00,160.24
Montenegro,MNE,2024-06-06 20:00:00,2024-06-06 22:00:00,142.91
Montenegro,MNE,2024-06-06 21:00:00,2024-06-06 23:00:00,118.12
Montenegro,MNE,2024-06-06 22:00:00,2024-06-07 00:00:00,105.06
Montenegro,MNE,2024-06-06 23:00:00,2024-06-07 01:00:00,97.33
Montenegro,MNE,2024-06-07 00:00:00,2024-06-07 02:00:00,91.67
Montenegro,MNE,2024-06-07 01:00:00,2024-06-07 03:00:00,91.86
Montenegro,MNE,2024-06-07 02:00:00,2024-06-07 04:00:00,92.01
Montenegro,MNE,2024-06-07 03:00:00,2024-06-07 05:00:00,97.66
Montenegro,MNE,2024-06-07 04:00:00,2024-06-07 06:00:00,115.75
Montenegro,MNE,2024-06-07 05:00:00,2024-06-07 07:00:00,118.35
Montenegro,MNE,2024-06-07 06:00:00,2024-06-07 08:00:00,100.05
Montenegro,MNE,2024-06-07 07:00:00,2024-06-07 09:00:00,82.06
Montenegro,MNE,2024-06-07 08:00:00,2024-06-07 10:00:00,62.97
Montenegro,MNE,2024-06-07 09:00:00,2024-06-07 11:00:00,55.87
Montenegro,MNE,2024-06-07 10:00:00,2024-06-07 12:00:00,55.23
Montenegro,MNE,2024-06-07 11:00:00,2024-06-07 13:00:00,48.06
Montenegro,MNE,2024-06-07 12:00:00,2024-06-07 14:00:00,48.04
Montenegro,MNE,2024-06-07 13:00:00,2024-06-07 15:00:00,69.48
Montenegro,MNE,2024-06-07 14:00:00,2024-06-07 16:00:00,90.88
Montenegro,MNE,2024-06-07 15:00:00,2024-06-07 17:00:00,90.31
Montenegro,MNE,2024-06-07 16:00:00,2024-06-07 18:00:00,111.09
Montenegro,MNE,2024-06-07 17:00:00,2024-06-07 19:00:00,147.78
Montenegro,MNE,2024-06-07 18:00:00,2024-06-07 20:00:00,154.95
Montenegro,MNE,2024-06-07 19:00:00,2024-06-07 21:00:00,149.92
Montenegro,MNE,2024-06-07 20:00:00,2024-06-07 22:00:00,116.57
Montenegro,MNE,2024-06-07 21:00:00,2024-06-07 23:00:00,106.03
Montenegro,MNE,2024-06-07 22:00:00,2024-06-08 00:00:00,100.09
Montenegro,MNE,2024-06-07 23:00:00,2024-06-08 01:00:00,103.75
Montenegro,MNE,2024-06-08 00:00:00,2024-06-08 02:00:00,106.32
Montenegro,MNE,2024-06-08 01:00:00,2024-06-08 03:00:00,95.78
Montenegro,MNE,2024-06-08 02:00:00,2024-06-08 04:00:00,87.84
Montenegro,MNE,2024-06-08 03:00:00,2024-06-08 05:00:00,88.07
Montenegro,MNE,2024-06-08 04:00:00,2024-06-08 06:00:00,87.93
Montenegro,MNE,2024-06-08 05:00:00,2024-06-08 07:00:00,71.93
Montenegro,MNE,2024-06-08 06:00:00,2024-06-08 08:00:00,59.92
Montenegro,MNE,2024-06-08 07:00:00,2024-06-08 09:00:00,25.07
Montenegro,MNE,2024-06-08 08:00:00,2024-06-08 10:00:00,10.09
Montenegro,MNE,2024-06-08 09:00:00,2024-06-08 11:00:00,7.01
Montenegro,MNE,2024-06-08 10:00:00,2024-06-08 12:00:00,7.01
Montenegro,MNE,2024-06-08 11:00:00,2024-06-08 13:00:00,7.01
Montenegro,MNE,2024-06-08 12:00:00,2024-06-08 14:00:00,7.01
Montenegro,MNE,2024-06-08 13:00:00,2024-06-08 15:00:00,10.07
Montenegro,MNE,2024-06-08 14:00:00,2024-06-08 16:00:00,47.93
Montenegro,MNE,2024-06-08 15:00:00,2024-06-08 17:00:00,104.57
Montenegro,MNE,2024-06-08 16:00:00,2024-06-08 18:00:00,99.91
Montenegro,MNE,2024-06-08 17:00:00,2024-06-08 19:00:00,121.11
Montenegro,MNE,2024-06-08 18:00:00,2024-06-08 20:00:00,149.91
Montenegro,MNE,2024-06-08 19:00:00,2024-06-08 21:00:00,147.95
Montenegro,MNE,2024-06-08 20:00:00,2024-06-08 22:00:00,107.3
Montenegro,MNE,2024-06-08 21:00:00,2024-06-08 23:00:00,91.51
Montenegro,MNE,2024-06-08 22:00:00,2024-06-09 00:00:00,90.03
Montenegro,MNE,2024-06-08 23:00:00,2024-06-09 01:00:00,86.97
Montenegro,MNE,2024-06-09 00:00:00,2024-06-09 02:00:00,62.86
Montenegro,MNE,2024-06-09 01:00:00,2024-06-09 03:00:00,64.74
Montenegro,MNE,2024-06-09 02:00:00,2024-06-09 04:00:00,51.38
Montenegro,MNE,2024-06-09 03:00:00,2024-06-09 05:00:00,45.09
Montenegro,MNE,2024-06-09 04:00:00,2024-06-09 06:00:00,35.07
Montenegro,MNE,2024-06-09 05:00:00,2024-06-09 07:00:00,106.21
Montenegro,MNE,2024-06-09 06:00:00,2024-06-09 08:00:00,29.92
Montenegro,MNE,2024-06-09 07:00:00,2024-06-09 09:00:00,15.1
Montenegro,MNE,2024-06-09 08:00:00,2024-06-09 10:00:00,9.28
Montenegro,MNE,2024-06-09 09:00:00,2024-06-09 11:00:00,15.09
Montenegro,MNE,2024-06-09 10:00:00,2024-06-09 12:00:00,9.92
Montenegro,MNE,2024-06-09 11:00:00,2024-06-09 13:00:00,15.03
Montenegro,MNE,2024-06-09 12:00:00,2024-06-09 14:00:00,9.24
Montenegro,MNE,2024-06-09 13:00:00,2024-06-09 15:00:00,6.57
Montenegro,MNE,2024-06-09 14:00:00,2024-06-09 16:00:00,13.46
Montenegro,MNE,2024-06-09 15:00:00,2024-06-09 17:00:00,97.66
Montenegro,MNE,2024-06-09 16:00:00,2024-06-09 18:00:00,76.59
Montenegro,MNE,2024-06-09 17:00:00,2024-06-09 19:00:00,125.04
Montenegro,MNE,2024-06-09 18:00:00,2024-06-09 20:00:00,146.03
Montenegro,MNE,2024-06-09 19:00:00,2024-06-09 21:00:00,139.14
Montenegro,MNE,2024-06-09 20:00:00,2024-06-09 22:00:00,125.03
Montenegro,MNE,2024-06-09 21:00:00,2024-06-09 23:00:00,111.02
Montenegro,MNE,2024-06-09 22:00:00,2024-06-10 00:00:00,88.64
Montenegro,MNE,2024-06-09 23:00:00,2024-06-10 01:00:00,86.3
Montenegro,MNE,2024-06-10 00:00:00,2024-06-10 02:00:00,77.96
Montenegro,MNE,2024-06-10 01:00:00,2024-06-10 03:00:00,77.96
Montenegro,MNE,2024-06-10 02:00:00,2024-06-10 04:00:00,79.73
Montenegro,MNE,2024-06-10 03:00:00,2024-06-10 05:00:00,86.49
Montenegro,MNE,2024-06-10 04:00:00,2024-06-10 06:00:00,113.15
Montenegro,MNE,2024-06-10 05:00:00,2024-06-10 07:00:00,131.36
Montenegro,MNE,2024-06-10 06:00:00,2024-06-10 08:00:00,122.45
Montenegro,MNE,2024-06-10 07:00:00,2024-06-10 09:00:00,104.08
Montenegro,MNE,2024-06-10 08:00:00,2024-06-10 10:00:00,95.03
Montenegro,MNE,2024-06-10 09:00:00,2024-06-10 11:00:00,81.38
Montenegro,MNE,2024-06-10 10:00:00,2024-06-10 12:00:00,77.3
Montenegro,MNE,2024-06-10 11:00:00,2024-06-10 13:00:00,77.34
Montenegro,MNE,2024-06-10 12:00:00,2024-06-10 14:00:00,77.81
Montenegro,MNE,2024-06-10 13:00:00,2024-06-10 15:00:00,86.23
Montenegro,MNE,2024-06-10 14:00:00,2024-06-10 16:00:00,89.51
Montenegro,MNE,2024-06-10 15:00:00,2024-06-10 17:00:00,95.59
Montenegro,MNE,2024-06-10 16:00:00,2024-06-10 18:00:00,113.84
Montenegro,MNE,2024-06-10 17:00:00,2024-06-10 19:00:00,131.92
Montenegro,MNE,2024-06-10 18:00:00,2024-06-10 20:00:00,149.09
Montenegro,MNE,2024-06-10 19:00:00,2024-06-10 21:00:00,133.88
Montenegro,MNE,2024-06-10 20:00:00,2024-06-10 22:00:00,113.49
Montenegro,MNE,2024-06-10 21:00:00,2024-06-10 23:00:00,104.23
Montenegro,MNE,2024-06-10 22:00:00,2024-06-11 00:00:00,80.09
Montenegro,MNE,2024-06-10 23:00:00,2024-06-11 01:00:00,81.07
Montenegro,MNE,2024-06-11 00:00:00,2024-06-11 02:00:00,69.07
Montenegro,MNE,2024-06-11 01:00:00,2024-06-11 03:00:00,67.09
Montenegro,MNE,2024-06-11 02:00:00,2024-06-11 04:00:00,69.54
Montenegro,MNE,2024-06-11 03:00:00,2024-06-11 05:00:00,75.09
Montenegro,MNE,2024-06-11 04:00:00,2024-06-11 06:00:00,90.38
Montenegro,MNE,2024-06-11 05:00:00,2024-06-11 07:00:00,99.99
Montenegro,MNE,2024-06-11 06:00:00,2024-06-11 08:00:00,99.91
Montenegro,MNE,2024-06-11 07:00:00,2024-06-11 09:00:00,75.97
Montenegro,MNE,2024-06-11 08:00:00,2024-06-11 10:00:00,62.99
Montenegro,MNE,2024-06-11 09:00:00,2024-06-11 11:00:00,55.9
Montenegro,MNE,2024-06-11 10:00:00,2024-06-11 12:00:00,49.94
Montenegro,MNE,2024-06-11 11:00:00,2024-06-11 13:00:00,49.94
Montenegro,MNE,2024-06-11 12:00:00,2024-06-11 14:00:00,49.94
Montenegro,MNE,2024-06-11 13:00:00,2024-06-11 15:00:00,55.9
Montenegro,MNE,2024-06-11 14:00:00,2024-06-11 16:00:00,65.07
Montenegro,MNE,2024-06-11 15:00:00,2024-06-11 17:00:00,82.17
Montenegro,MNE,2024-06-11 16:00:00,2024-06-11 18:00:00,97.64
Montenegro,MNE,2024-06-11 17:00:00,2024-06-11 19:00:00,130.29
Montenegro,MNE,2024-06-11 18:00:00,2024-06-11 20:00:00,150.02
Montenegro,MNE,2024-06-11 19:00:00,2024-06-11 21:00:00,138.79
Montenegro,MNE,2024-06-11 20:00:00,2024-06-11 22:00:00,113.07
Montenegro,MNE,2024-06-11 21:00:00,2024-06-11 23:00:00,105.05
Montenegro,MNE,2024-06-11 22:00:00,2024-06-12 00:00:00,97.67
Montenegro,MNE,2024-06-11 23:00:00,2024-06-12 01:00:00,96.57
Montenegro,MNE,2024-06-12 00:00:00,2024-06-12 02:00:00,91.16
Montenegro,MNE,2024-06-12 01:00:00,2024-06-12 03:00:00,95.92
Montenegro,MNE,2024-06-12 02:00:00,2024-06-12 04:00:00,96.12
Montenegro,MNE,2024-06-12 03:00:00,2024-06-12 05:00:00,97.34
Montenegro,MNE,2024-06-12 04:00:00,2024-06-12 06:00:00,113.56
Montenegro,MNE,2024-06-12 05:00:00,2024-06-12 07:00:00,125.41
Montenegro,MNE,2024-06-12 06:00:00,2024-06-12 08:00:00,112.95
Montenegro,MNE,2024-06-12 07:00:00,2024-06-12 09:00:00,97.23
Montenegro,MNE,2024-06-12 08:00:00,2024-06-12 10:00:00,76.28
Montenegro,MNE,2024-06-12 09:00:00,2024-06-12 11:00:00,83.0
Montenegro,MNE,2024-06-12 10:00:00,2024-06-12 12:00:00,81.42
Montenegro,MNE,2024-06-12 11:00:00,2024-06-12 13:00:00,72.86
Montenegro,MNE,2024-06-12 12:00:00,2024-06-12 14:00:00,81.32
Montenegro,MNE,2024-06-12 13:00:00,2024-06-12 15:00:00,94.02
Montenegro,MNE,2024-06-12 14:00:00,2024-06-12 16:00:00,104.05
Montenegro,MNE,2024-06-12 15:00:00,2024-06-12 17:00:00,105.23
Montenegro,MNE,2024-06-12 16:00:00,2024-06-12 18:00:00,125.05
Montenegro,MNE,2024-06-12 17:00:00,2024-06-12 19:00:00,147.0
Montenegro,MNE,2024-06-12 18:00:00,2024-06-12 20:00:00,168.8
Montenegro,MNE,2024-06-12 19:00:00,2024-06-12 21:00:00,160.25
Montenegro,MNE,2024-06-12 20:00:00,2024-06-12 22:00:00,130.08
Montenegro,MNE,2024-06-12 21:00:00,2024-06-12 23:00:00,111.46
Montenegro,MNE,2024-06-12 22:00:00,2024-06-13 00:00:00,102.97
Montenegro,MNE,2024-06-12 23:00:00,2024-06-13 01:00:00,100.9
Montenegro,MNE,2024-06-13 00:00:00,2024-06-13 02:00:00,92.07
Montenegro,MNE,2024-06-13 01:00:00,2024-06-13 03:00:00,97.13
Montenegro,MNE,2024-06-13 02:00:00,2024-06-13 04:00:00,97.07
Montenegro,MNE,2024-06-13 03:00:00,2024-06-13 05:00:00,104.01
Montenegro,MNE,2024-06-13 04:00:00,2024-06-13 06:00:00,125.79
Montenegro,MNE,2024-06-13 05:00:00,2024-06-13 07:00:00,132.9
Montenegro,MNE,2024-06-13 06:00:00,2024-06-13 08:00:00,118.32
Montenegro,MNE,2024-06-13 07:00:00,2024-06-13 09:00:00,97.93
Montenegro,MNE,2024-06-13 08:00:00,2024-06-13 10:00:00,104.87
Montenegro,MNE,2024-06-13 09:00:00,2024-06-13 11:00:00,104.27
Montenegro,MNE,2024-06-13 10:00:00,2024-06-13 12:00:00,90.56
Montenegro,MNE,2024-06-13 11:00:00,2024-06-13 13:00:00,84.54
Montenegro,MNE,2024-06-13 12:00:00,2024-06-13 14:00:00,97.16
Montenegro,MNE,2024-06-13 13:00:00,2024-06-13 15:00:00,97.35
Montenegro,MNE,2024-06-13 14:00:00,2024-06-13 16:00:00,109.96
Montenegro,MNE,2024-06-13 15:00:00,2024-06-13 17:00:00,111.57
Montenegro,MNE,2024-06-13 16:00:00,2024-06-13 18:00:00,142.84
Montenegro,MNE,2024-06-13 17:00:00,2024-06-13 19:00:00,160.32
Montenegro,MNE,2024-06-13 18:00:00,2024-06-13 20:00:00,174.56
Montenegro,MNE,2024-06-13 19:00:00,2024-06-13 21:00:00,160.24
Montenegro,MNE,2024-06-13 20:00:00,2024-06-13 22:00:00,129.97
Montenegro,MNE,2024-06-13 21:00:00,2024-06-13 23:00:00,111.08
Montenegro,MNE,2024-06-13 22:00:00,2024-06-14 00:00:00,102.93
Montenegro,MNE,2024-06-13 23:00:00,2024-06-14 01:00:00,90.63
Montenegro,MNE,2024-06-14 00:00:00,2024-06-14 02:00:00,83.9
Montenegro,MNE,2024-06-14 01:00:00,2024-06-14 03:00:00,83.49
Montenegro,MNE,2024-06-14 02:00:00,2024-06-14 04:00:00,83.73
Montenegro,MNE,2024-06-14 03:00:00,2024-06-14 05:00:00,90.77
Montenegro,MNE,2024-06-14 04:00:00,2024-06-14 06:00:00,108.13
Montenegro,MNE,2024-06-14 05:00:00,2024-06-14 07:00:00,117.93
Montenegro,MNE,2024-06-14 06:00:00,2024-06-14 08:00:00,108.91
Montenegro,MNE,2024-06-14 07:00:00,2024-06-14 09:00:00,95.09
Montenegro,MNE,2024-06-14 08:00:00,2024-06-14 10:00:00,111.39
Montenegro,MNE,2024-06-14 09:00:00,2024-06-14 11:00:00,104.35
Montenegro,MNE,2024-06-14 10:00:00,2024-06-14 12:00:00,90.03
Montenegro,MNE,2024-06-14 11:00:00,2024-06-14 13:00:00,85.03
Montenegro,MNE,2024-06-14 12:00:00,2024-06-14 14:00:00,90.77
Montenegro,MNE,2024-06-14 13:00:00,2024-06-14 15:00:00,97.65
Montenegro,MNE,2024-06-14 14:00:00,2024-06-14 16:00:00,77.35
Montenegro,MNE,2024-06-14 15:00:00,2024-06-14 17:00:00,90.95
Montenegro,MNE,2024-06-14 16:00:00,2024-06-14 18:00:00,118.19
Montenegro,MNE,2024-06-14 17:00:00,2024-06-14 19:00:00,132.43
Montenegro,MNE,2024-06-14 18:00:00,2024-06-14 20:00:00,153.16
Montenegro,MNE,2024-06-14 19:00:00,2024-06-14 21:00:00,132.35
Montenegro,MNE,2024-06-14 20:00:00,2024-06-14 22:00:00,99.09
Montenegro,MNE,2024-06-14 21:00:00,2024-06-14 23:00:00,87.44
Montenegro,MNE,2024-06-14 22:00:00,2024-06-15 00:00:00,76.65
Montenegro,MNE,2024-06-14 23:00:00,2024-06-15 01:00:00,65.07
Montenegro,MNE,2024-06-15 00:00:00,2024-06-15 02:00:00,50.49
Montenegro,MNE,2024-06-15 01:00:00,2024-06-15 03:00:00,47.69
Montenegro,MNE,2024-06-15 02:00:00,2024-06-15 04:00:00,48.13
Montenegro,MNE,2024-06-15 03:00:00,2024-06-15 05:00:00,48.2
Montenegro,MNE,2024-06-15 04:00:00,2024-06-15 06:00:00,65.07
Montenegro,MNE,2024-06-15 05:00:00,2024-06-15 07:00:00,69.8
Montenegro,MNE,2024-06-15 06:00:00,2024-06-15 08:00:00,50.06
Montenegro,MNE,2024-06-15 07:00:00,2024-06-15 09:00:00,50.02
Montenegro,MNE,2024-06-15 08:00:00,2024-06-15 10:00:00,90.13
Montenegro,MNE,2024-06-15 09:00:00,2024-06-15 11:00:00,89.93
Montenegro,MNE,2024-06-15 10:00:00,2024-06-15 12:00:00,78.52
Montenegro,MNE,2024-06-15 11:00:00,2024-06-15 13:00:00,76.6
Montenegro,MNE,2024-06-15 12:00:00,2024-06-15 14:00:00,83.56
Montenegro,MNE,2024-06-15 13:00:00,2024-06-15 15:00:00,85.06
Montenegro,MNE,2024-06-15 14:00:00,2024-06-15 16:00:00,84.93
Montenegro,MNE,2024-06-15 15:00:00,2024-06-15 17:00:00,73.07
Montenegro,MNE,2024-06-15 16:00:00,2024-06-15 18:00:00,89.97
Montenegro,MNE,2024-06-15 17:00:00,2024-06-15 19:00:00,111.35
Montenegro,MNE,2024-06-15 18:00:00,2024-06-15 20:00:00,132.52
Montenegro,MNE,2024-06-15 19:00:00,2024-06-15 21:00:00,125.99
Montenegro,MNE,2024-06-15 20:00:00,2024-06-15 22:00:00,110.2
Montenegro,MNE,2024-06-15 21:00:00,2024-06-15 23:00:00,90.91
Montenegro,MNE,2024-06-15 22:00:00,2024-06-16 00:00:00,103.17
Montenegro,MNE,2024-06-15 23:00:00,2024-06-16 01:00:00,55.87
Montenegro,MNE,2024-06-16 00:00:00,2024-06-16 02:00:00,43.85
Montenegro,MNE,2024-06-16 01:00:00,2024-06-16 03:00:00,43.27
Montenegro,MNE,2024-06-16 02:00:00,2024-06-16 04:00:00,42.03
Montenegro,MNE,2024-06-16 03:00:00,2024-06-16 05:00:00,27.94
Montenegro,MNE,2024-06-16 04:00:00,2024-06-16 06:00:00,83.1
Montenegro,MNE,2024-06-16 05:00:00,2024-06-16 07:00:00,79.11
Montenegro,MNE,2024-06-16 06:00:00,2024-06-16 08:00:00,75.11
Montenegro,MNE,2024-06-16 07:00:00,2024-06-16 09:00:00,60.01
Montenegro,MNE,2024-06-16 08:00:00,2024-06-16 10:00:00,87.92
Montenegro,MNE,2024-06-16 09:00:00,2024-06-16 11:00:00,3.8
Montenegro,MNE,2024-06-16 10:00:00,2024-06-16 12:00:00,3.84
Montenegro,MNE,2024-06-16 11:00:00,2024-06-16 13:00:00,3.84
Montenegro,MNE,2024-06-16 12:00:00,2024-06-16 14:00:00,3.89
Montenegro,MNE,2024-06-16 13:00:00,2024-06-16 15:00:00,3.91
Montenegro,MNE,2024-06-16 14:00:00,2024-06-16 16:00:00,3.92
Montenegro,MNE,2024-06-16 15:00:00,2024-06-16 17:00:00,83.09
Montenegro,MNE,2024-06-16 16:00:00,2024-06-16 18:00:00,79.95
Montenegro,MNE,2024-06-16 17:00:00,2024-06-16 19:00:00,114.35
Montenegro,MNE,2024-06-16 18:00:00,2024-06-16 20:00:00,143.29
Montenegro,MNE,2024-06-16 19:00:00,2024-06-16 21:00:00,127.61
Montenegro,MNE,2024-06-16 20:00:00,2024-06-16 22:00:00,111.24
Montenegro,MNE,2024-06-16 21:00:00,2024-06-16 23:00:00,98.08
Montenegro,MNE,2024-06-16 22:00:00,2024-06-17 00:00:00,90.95
Montenegro,MNE,2024-06-16 23:00:00,2024-06-17 01:00:00,90.97
Montenegro,MNE,2024-06-17 00:00:00,2024-06-17 02:00:00,83.79
Montenegro,MNE,2024-06-17 01:00:00,2024-06-17 03:00:00,83.93
Montenegro,MNE,2024-06-17 02:00:00,2024-06-17 04:00:00,83.9
Montenegro,MNE,2024-06-17 03:00:00,2024-06-17 05:00:00,97.35
Montenegro,MNE,2024-06-17 04:00:00,2024-06-17 06:00:00,118.47
Montenegro,MNE,2024-06-17 05:00:00,2024-06-17 07:00:00,132.09
Montenegro,MNE,2024-06-17 06:00:00,2024-06-17 08:00:00,125.86
Montenegro,MNE,2024-06-17 07:00:00,2024-06-17 09:00:00,90.97
Montenegro,MNE,2024-06-17 08:00:00,2024-06-17 10:00:00,77.79
Montenegro,MNE,2024-06-17 09:00:00,2024-06-17 11:00:00,69.96
Montenegro,MNE,2024-06-17 10:00:00,2024-06-17 12:00:00,62.99
Montenegro,MNE,2024-06-17 11:00:00,2024-06-17 13:00:00,62.97
Montenegro,MNE,2024-06-17 12:00:00,2024-06-17 14:00:00,69.81
Montenegro,MNE,2024-06-17 13:00:00,2024-06-17 15:00:00,83.88
Montenegro,MNE,2024-06-17 14:00:00,2024-06-17 16:00:00,97.11
Montenegro,MNE,2024-06-17 15:00:00,2024-06-17 17:00:00,104.59
Montenegro,MNE,2024-06-17 16:00:00,2024-06-17 18:00:00,139.8
Montenegro,MNE,2024-06-17 17:00:00,2024-06-17 19:00:00,181.17
Montenegro,MNE,2024-06-17 18:00:00,2024-06-17 20:00:00,193.79
Montenegro,MNE,2024-06-17 19:00:00,2024-06-17 21:00:00,181.87
Montenegro,MNE,2024-06-17 20:00:00,2024-06-17 22:00:00,132.37
Montenegro,MNE,2024-06-17 21:00:00,2024-06-17 23:00:00,111.93
Montenegro,MNE,2024-06-17 22:00:00,2024-06-18 00:00:00,118.59
Montenegro,MNE,2024-06-17 23:00:00,2024-06-18 01:00:00,106.19
Montenegro,MNE,2024-06-18 00:00:00,2024-06-18 02:00:00,97.98
Montenegro,MNE,2024-06-18 01:00:00,2024-06-18 03:00:00,100.78
Montenegro,MNE,2024-06-18 02:00:00,2024-06-18 04:00:00,99.29
Montenegro,MNE,2024-06-18 03:00:00,2024-06-18 05:00:00,104.99
Montenegro,MNE,2024-06-18 04:00:00,2024-06-18 06:00:00,132.24
Montenegro,MNE,2024-06-18 05:00:00,2024-06-18 07:00:00,139.25
Montenegro,MNE,2024-06-18 06:00:00,2024-06-18 08:00:00,125.19
Montenegro,MNE,2024-06-18 07:00:00,2024-06-18 09:00:00,95.06
Montenegro,MNE,2024-06-18 08:00:00,2024-06-18 10:00:00,95.01
Montenegro,MNE,2024-06-18 09:00:00,2024-06-18 11:00:00,91.96
Montenegro,MNE,2024-06-18 10:00:00,2024-06-18 12:00:00,90.96
Montenegro,MNE,2024-06-18 11:00:00,2024-06-18 13:00:00,90.95
Montenegro,MNE,2024-06-18 12:00:00,2024-06-18 14:00:00,90.98
Montenegro,MNE,2024-06-18 13:00:00,2024-06-18 15:00:00,91.91
Montenegro,MNE,2024-06-18 14:00:00,2024-06-18 16:00:00,97.08
Montenegro,MNE,2024-06-18 15:00:00,2024-06-18 17:00:00,112.47
Montenegro,MNE,2024-06-18 16:00:00,2024-06-18 18:00:00,165.09
Montenegro,MNE,2024-06-18 17:00:00,2024-06-18 19:00:00,189.59
Montenegro,MNE,2024-06-18 18:00:00,2024-06-18 20:00:00,189.93
Montenegro,MNE,2024-06-18 19:00:00,2024-06-18 21:00:00,210.89
Montenegro,MNE,2024-06-18 20:00:00,2024-06-18 22:00:00,146.65
Montenegro,MNE,2024-06-18 21:00:00,2024-06-18 23:00:00,111.74
Montenegro,MNE,2024-06-18 22:00:00,2024-06-19 00:00:00,97.92
Montenegro,MNE,2024-06-18 23:00:00,2024-06-19 01:00:00,92.03
Montenegro,MNE,2024-06-19 00:00:00,2024-06-19 02:00:00,85.08
Montenegro,MNE,2024-06-19 01:00:00,2024-06-19 03:00:00,86.9
Montenegro,MNE,2024-06-19 02:00:00,2024-06-19 04:00:00,83.9
Montenegro,MNE,2024-06-19 03:00:00,2024-06-19 05:00:00,90.28
Montenegro,MNE,2024-06-19 04:00:00,2024-06-19 06:00:00,111.01
Montenegro,MNE,2024-06-19 05:00:00,2024-06-19 07:00:00,118.75
Montenegro,MNE,2024-06-19 06:00:00,2024-06-19 08:00:00,103.68
Montenegro,MNE,2024-06-19 07:00:00,2024-06-19 09:00:00,83.14
Montenegro,MNE,2024-06-19 08:00:00,2024-06-19 10:00:00,69.24
Montenegro,MNE,2024-06-19 09:00:00,2024-06-19 11:00:00,67.08
Montenegro,MNE,2024-06-19 10:00:00,2024-06-19 12:00:00,61.19
Montenegro,MNE,2024-06-19 11:00:00,2024-06-19 13:00:00,62.09
Montenegro,MNE,2024-06-19 12:00:00,2024-06-19 14:00:00,62.89
Montenegro,MNE,2024-06-19 13:00:00,2024-06-19 15:00:00,76.69
Montenegro,MNE,2024-06-19 14:00:00,2024-06-19 16:00:00,83.92
Montenegro,MNE,2024-06-19 15:00:00,2024-06-19 17:00:00,96.14
Montenegro,MNE,2024-06-19 16:00:00,2024-06-19 18:00:00,118.5
Montenegro,MNE,2024-06-19 17:00:00,2024-06-19 19:00:00,185.02
Montenegro,MNE,2024-06-19 18:00:00,2024-06-19 20:00:00,181.86
Montenegro,MNE,2024-06-19 19:00:00,2024-06-19 21:00:00,165.04
Montenegro,MNE,2024-06-19 20:00:00,2024-06-19 22:00:00,122.06
Montenegro,MNE,2024-06-19 21:00:00,2024-06-19 23:00:00,100.23
Montenegro,MNE,2024-06-19 22:00:00,2024-06-20 00:00:00,101.07
Montenegro,MNE,2024-06-19 23:00:00,2024-06-20 01:00:00,94.03
Montenegro,MNE,2024-06-20 00:00:00,2024-06-20 02:00:00,90.46
Montenegro,MNE,2024-06-20 01:00:00,2024-06-20 03:00:00,89.03
Montenegro,MNE,2024-06-20 02:00:00,2024-06-20 04:00:00,90.39
Montenegro,MNE,2024-06-20 03:00:00,2024-06-20 05:00:00,93.39
Montenegro,MNE,2024-06-20 04:00:00,2024-06-20 06:00:00,111.79
Montenegro,MNE,2024-06-20 05:00:00,2024-06-20 07:00:00,118.22
Montenegro,MNE,2024-06-20 06:00:00,2024-06-20 08:00:00,98.05
Montenegro,MNE,2024-06-20 07:00:00,2024-06-20 09:00:00,83.75
Montenegro,MNE,2024-06-20 08:00:00,2024-06-20 10:00:00,69.03
Montenegro,MNE,2024-06-20 09:00:00,2024-06-20 11:00:00,69.31
Montenegro,MNE,2024-06-20 10:00:00,2024-06-20 12:00:00,56.2
Montenegro,MNE,2024-06-20 11:00:00,2024-06-20 13:00:00,55.24
Montenegro,MNE,2024-06-20 12:00:00,2024-06-20 14:00:00,57.98
Montenegro,MNE,2024-06-20 13:00:00,2024-06-20 15:00:00,83.56
Montenegro,MNE,2024-06-20 14:00:00,2024-06-20 16:00:00,97.8
Montenegro,MNE,2024-06-20 15:00:00,2024-06-20 17:00:00,111.64
Montenegro,MNE,2024-06-20 16:00:00,2024-06-20 18:00:00,125.56
Montenegro,MNE,2024-06-20 17:00:00,2024-06-20 19:00:00,168.01
Montenegro,MNE,2024-06-20 18:00:00,2024-06-20 20:00:00,183.66
Montenegro,MNE,2024-06-20 19:00:00,2024-06-20 21:00:00,169.09
Montenegro,MNE,2024-06-20 20:00:00,2024-06-20 22:00:00,118.42
Montenegro,MNE,2024-06-20 21:00:00,2024-06-20 23:00:00,102.25
Montenegro,MNE,2024-06-20 22:00:00,2024-06-21 00:00:00,111.18
Montenegro,MNE,2024-06-20 23:00:00,2024-06-21 01:00:00,104.66
Montenegro,MNE,2024-06-21 00:00:00,2024-06-21 02:00:00,97.35
Montenegro,MNE,2024-06-21 01:00:00,2024-06-21 03:00:00,97.08
Montenegro,MNE,2024-06-21 02:00:00,2024-06-21 04:00:00,92.02
Montenegro,MNE,2024-06-21 03:00:00,2024-06-21 05:00:00,97.38
Montenegro,MNE,2024-06-21 04:00:00,2024-06-21 06:00:00,120.93
Montenegro,MNE,2024-06-21 05:00:00,2024-06-21 07:00:00,125.23
Montenegro,MNE,2024-06-21 06:00:00,2024-06-21 08:00:00,114.97
Montenegro,MNE,2024-06-21 07:00:00,2024-06-21 09:00:00,97.53
Montenegro,MNE,2024-06-21 08:00:00,2024-06-21 10:00:00,128.04
Montenegro,MNE,2024-06-21 09:00:00,2024-06-21 11:00:00,128.07
Montenegro,MNE,2024-06-21 10:00:00,2024-06-21 12:00:00,124.82
Montenegro,MNE,2024-06-21 11:00:00,2024-06-21 13:00:00,125.07
Montenegro,MNE,2024-06-21 12:00:00,2024-06-21 14:00:00,125.13
Montenegro,MNE,2024-06-21 13:00:00,2024-06-21 15:00:00,125.09
Montenegro,MNE,2024-06-21 14:00:00,2024-06-21 16:00:00,104.99
Montenegro,MNE,2024-06-21 15:00:00,2024-06-21 17:00:00,114.05
Montenegro,MNE,2024-06-21 16:00:00,2024-06-21 18:00:00,139.15
Montenegro,MNE,2024-06-21 17:00:00,2024-06-21 19:00:00,169.04
Montenegro,MNE,2024-06-21 18:00:00,2024-06-21 20:00:00,183.04
Montenegro,MNE,2024-06-21 19:00:00,2024-06-21 21:00:00,153.57
Montenegro,MNE,2024-06-21 20:00:00,2024-06-21 22:00:00,123.01
Montenegro,MNE,2024-06-21 21:00:00,2024-06-21 23:00:00,111.96
Montenegro,MNE,2024-06-21 22:00:00,2024-06-22 00:00:00,111.63
Montenegro,MNE,2024-06-21 23:00:00,2024-06-22 01:00:00,104.66
Montenegro,MNE,2024-06-22 00:00:00,2024-06-22 02:00:00,97.66
Montenegro,MNE,2024-06-22 01:00:00,2024-06-22 03:00:00,90.29
Montenegro,MNE,2024-06-22 02:00:00,2024-06-22 04:00:00,83.7
Montenegro,MNE,2024-06-22 03:00:00,2024-06-22 05:00:00,83.18
Montenegro,MNE,2024-06-22 04:00:00,2024-06-22 06:00:00,76.89
Montenegro,MNE,2024-06-22 05:00:00,2024-06-22 07:00:00,76.44
Montenegro,MNE,2024-06-22 06:00:00,2024-06-22 08:00:00,65.02
Montenegro,MNE,2024-06-22 07:00:00,2024-06-22 09:00:00,60.03
Montenegro,MNE,2024-06-22 08:00:00,2024-06-22 10:00:00,70.07
Montenegro,MNE,2024-06-22 09:00:00,2024-06-22 11:00:00,50.69
Montenegro,MNE,2024-06-22 10:00:00,2024-06-22 12:00:00,50.04
Montenegro,MNE,2024-06-22 11:00:00,2024-06-22 13:00:00,48.09
Montenegro,MNE,2024-06-22 12:00:00,2024-06-22 14:00:00,50.09
Montenegro,MNE,2024-06-22 13:00:00,2024-06-22 15:00:00,51.86
Montenegro,MNE,2024-06-22 14:00:00,2024-06-22 16:00:00,83.73
Montenegro,MNE,2024-06-22 15:00:00,2024-06-22 17:00:00,104.12
Montenegro,MNE,2024-06-22 16:00:00,2024-06-22 18:00:00,111.19
Montenegro,MNE,2024-06-22 17:00:00,2024-06-22 19:00:00,141.09
Montenegro,MNE,2024-06-22 18:00:00,2024-06-22 20:00:00,167.73
Montenegro,MNE,2024-06-22 19:00:00,2024-06-22 21:00:00,167.87
Montenegro,MNE,2024-06-22 20:00:00,2024-06-22 22:00:00,125.29
Montenegro,MNE,2024-06-22 21:00:00,2024-06-22 23:00:00,104.96
Montenegro,MNE,2024-06-22 22:00:00,2024-06-23 00:00:00,79.47
Montenegro,MNE,2024-06-22 23:00:00,2024-06-23 01:00:00,79.44
Montenegro,MNE,2024-06-23 00:00:00,2024-06-23 02:00:00,67.3
Montenegro,MNE,2024-06-23 01:00:00,2024-06-23 03:00:00,62.08
Montenegro,MNE,2024-06-23 02:00:00,2024-06-23 04:00:00,52.59
Montenegro,MNE,2024-06-23 03:00:00,2024-06-23 05:00:00,53.94
Montenegro,MNE,2024-06-23 04:00:00,2024-06-23 06:00:00,53.68
Montenegro,MNE,2024-06-23 05:00:00,2024-06-23 07:00:00,51.06
Montenegro,MNE,2024-06-23 06:00:00,2024-06-23 08:00:00,35.09
Montenegro,MNE,2024-06-23 07:00:00,2024-06-23 09:00:00,35.49
Montenegro,MNE,2024-06-23 08:00:00,2024-06-23 10:00:00,91.14
Montenegro,MNE,2024-06-23 09:00:00,2024-06-23 11:00:00,76.02
Montenegro,MNE,2024-06-23 10:00:00,2024-06-23 12:00:00,76.04
Montenegro,MNE,2024-06-23 11:00:00,2024-06-23 13:00:00,76.02
Montenegro,MNE,2024-06-23 12:00:00,2024-06-23 14:00:00,60.1
Montenegro,MNE,2024-06-23 13:00:00,2024-06-23 15:00:00,76.01
Montenegro,MNE,2024-06-23 14:00:00,2024-06-23 16:00:00,79.67
Montenegro,MNE,2024-06-23 15:00:00,2024-06-23 17:00:00,87.82
Montenegro,MNE,2024-06-23 16:00:00,2024-06-23 18:00:00,111.35
Montenegro,MNE,2024-06-23 17:00:00,2024-06-23 19:00:00,139.59
Montenegro,MNE,2024-06-23 18:00:00,2024-06-23 20:00:00,159.03
Montenegro,MNE,2024-06-23 19:00:00,2024-06-23 21:00:00,163.77
Montenegro,MNE,2024-06-23 20:00:00,2024-06-23 22:00:00,139.63
Montenegro,MNE,2024-06-23 21:00:00,2024-06-23 23:00:00,103.46
Montenegro,MNE,2024-06-23 22:00:00,2024-06-24 00:00:00,100.02
Montenegro,MNE,2024-06-23 23:00:00,2024-06-24 01:00:00,95.47
Montenegro,MNE,2024-06-24 00:00:00,2024-06-24 02:00:00,91.25
Montenegro,MNE,2024-06-24 01:00:00,2024-06-24 03:00:00,87.07
Montenegro,MNE,2024-06-24 02:00:00,2024-06-24 04:00:00,87.04
Montenegro,MNE,2024-06-24 03:00:00,2024-06-24 05:00:00,94.05
Montenegro,MNE,2024-06-24 04:00:00,2024-06-24 06:00:00,121.85
Montenegro,MNE,2024-06-24 05:00:00,2024-06-24 07:00:00,131.92
Montenegro,MNE,2024-06-24 06:00:00,2024-06-24 08:00:00,99.87
Montenegro,MNE,2024-06-24 07:00:00,2024-06-24 09:00:00,100.08
Montenegro,MNE,2024-06-24 08:00:00,2024-06-24 10:00:00,100.08
Montenegro,MNE,2024-06-24 09:00:00,2024-06-24 11:00:00,103.77
Montenegro,MNE,2024-06-24 10:00:00,2024-06-24 12:00:00,100.09
Montenegro,MNE,2024-06-24 11:00:00,2024-06-24 13:00:00,100.09
Montenegro,MNE,2024-06-24 12:00:00,2024-06-24 14:00:00,100.09
Montenegro,MNE,2024-06-24 13:00:00,2024-06-24 15:00:00,100.09
Montenegro,MNE,2024-06-24 14:00:00,2024-06-24 16:00:00,95.02
Montenegro,MNE,2024-06-24 15:00:00,2024-06-24 17:00:00,103.17
Montenegro,MNE,2024-06-24 16:00:00,2024-06-24 18:00:00,127.9
Montenegro,MNE,2024-06-24 17:00:00,2024-06-24 19:00:00,169.97
Montenegro,MNE,2024-06-24 18:00:00,2024-06-24 20:00:00,169.94
Montenegro,MNE,2024-06-24 19:00:00,2024-06-24 21:00:00,169.9
Montenegro,MNE,2024-06-24 20:00:00,2024-06-24 22:00:00,132.09
Montenegro,MNE,2024-06-24 21:00:00,2024-06-24 23:00:00,107.09
Montenegro,MNE,2024-06-24 22:00:00,2024-06-25 00:00:00,118.68
Montenegro,MNE,2024-06-24 23:00:00,2024-06-25 01:00:00,104.99
Montenegro,MNE,2024-06-25 00:00:00,2024-06-25 02:00:00,100.08
Montenegro,MNE,2024-06-25 01:00:00,2024-06-25 03:00:00,97.99
Montenegro,MNE,2024-06-25 02:00:00,2024-06-25 04:00:00,97.99
Montenegro,MNE,2024-06-25 03:00:00,2024-06-25 05:00:00,102.68
Montenegro,MNE,2024-06-25 04:00:00,2024-06-25 06:00:00,125.75
Montenegro,MNE,2024-06-25 05:00:00,2024-06-25 07:00:00,125.62
Montenegro,MNE,2024-06-25 06:00:00,2024-06-25 08:00:00,118.8
Montenegro,MNE,2024-06-25 07:00:00,2024-06-25 09:00:00,97.68
Montenegro,MNE,2024-06-25 08:00:00,2024-06-25 10:00:00,105.01
Montenegro,MNE,2024-06-25 09:00:00,2024-06-25 11:00:00,100.09
Montenegro,MNE,2024-06-25 10:00:00,2024-06-25 12:00:00,77.06
Montenegro,MNE,2024-06-25 11:00:00,2024-06-25 13:00:00,83.65
Montenegro,MNE,2024-06-25 12:00:00,2024-06-25 14:00:00,105.06
Montenegro,MNE,2024-06-25 13:00:00,2024-06-25 15:00:00,112.02
Montenegro,MNE,2024-06-25 14:00:00,2024-06-25 16:00:00,125.98
Montenegro,MNE,2024-06-25 15:00:00,2024-06-25 17:00:00,153.36
Montenegro,MNE,2024-06-25 16:00:00,2024-06-25 18:00:00,174.18
Montenegro,MNE,2024-06-25 17:00:00,2024-06-25 19:00:00,199.94
Montenegro,MNE,2024-06-25 18:00:00,2024-06-25 20:00:00,219.96
Montenegro,MNE,2024-06-25 19:00:00,2024-06-25 21:00:00,219.91
Montenegro,MNE,2024-06-25 20:00:00,2024-06-25 22:00:00,160.26
Montenegro,MNE,2024-06-25 21:00:00,2024-06-25 23:00:00,118.23
Montenegro,MNE,2024-06-25 22:00:00,2024-06-26 00:00:00,111.5
Montenegro,MNE,2024-06-25 23:00:00,2024-06-26 01:00:00,111.4
Montenegro,MNE,2024-06-26 00:00:00,2024-06-26 02:00:00,104.25
Montenegro,MNE,2024-06-26 01:00:00,2024-06-26 03:00:00,104.22
Montenegro,MNE,2024-06-26 02:00:00,2024-06-26 04:00:00,97.67
Montenegro,MNE,2024-06-26 03:00:00,2024-06-26 05:00:00,97.9
Montenegro,MNE,2024-06-26 04:00:00,2024-06-26 06:00:00,117.55
Montenegro,MNE,2024-06-26 05:00:00,2024-06-26 07:00:00,122.06
Montenegro,MNE,2024-06-26 06:00:00,2024-06-26 08:00:00,132.14
Montenegro,MNE,2024-06-26 07:00:00,2024-06-26 09:00:00,110.32
Montenegro,MNE,2024-06-26 08:00:00,2024-06-26 10:00:00,95.08
Montenegro,MNE,2024-06-26 09:00:00,2024-06-26 11:00:00,95.0
Montenegro,MNE,2024-06-26 10:00:00,2024-06-26 12:00:00,95.09
Montenegro,MNE,2024-06-26 11:00:00,2024-06-26 13:00:00,95.02
Montenegro,MNE,2024-06-26 12:00:00,2024-06-26 14:00:00,95.09
Montenegro,MNE,2024-06-26 13:00:00,2024-06-26 15:00:00,95.09
Montenegro,MNE,2024-06-26 14:00:00,2024-06-26 16:00:00,125.12
Montenegro,MNE,2024-06-26 15:00:00,2024-06-26 17:00:00,137.55
Montenegro,MNE,2024-06-26 16:00:00,2024-06-26 18:00:00,174.76
Montenegro,MNE,2024-06-26 17:00:00,2024-06-26 19:00:00,235.95
Montenegro,MNE,2024-06-26 18:00:00,2024-06-26 20:00:00,260.01
Montenegro,MNE,2024-06-26 19:00:00,2024-06-26 21:00:00,199.92
Montenegro,MNE,2024-06-26 20:00:00,2024-06-26 22:00:00,149.8
Montenegro,MNE,2024-06-26 21:00:00,2024-06-26 23:00:00,113.76
Montenegro,MNE,2024-06-26 22:00:00,2024-06-27 00:00:00,113.83
Montenegro,MNE,2024-06-26 23:00:00,2024-06-27 01:00:00,104.97
Montenegro,MNE,2024-06-27 00:00:00,2024-06-27 02:00:00,100.32
Montenegro,MNE,2024-06-27 01:00:00,2024-06-27 03:00:00,97.22
Montenegro,MNE,2024-06-27 02:00:00,2024-06-27 04:00:00,98.74
Montenegro,MNE,2024-06-27 03:00:00,2024-06-27 05:00:00,104.24
Montenegro,MNE,2024-06-27 04:00:00,2024-06-27 06:00:00,116.08
Montenegro,MNE,2024-06-27 05:00:00,2024-06-27 07:00:00,129.96
Montenegro,MNE,2024-06-27 06:00:00,2024-06-27 08:00:00,122.8
Montenegro,MNE,2024-06-27 07:00:00,2024-06-27 09:00:00,113.79
Montenegro,MNE,2024-06-27 08:00:00,2024-06-27 10:00:00,104.78
Montenegro,MNE,2024-06-27 09:00:00,2024-06-27 11:00:00,103.11
Montenegro,MNE,2024-06-27 10:00:00,2024-06-27 12:00:00,92.35
Montenegro,MNE,2024-06-27 11:00:00,2024-06-27 13:00:00,92.25
Montenegro,MNE,2024-06-27 12:00:00,2024-06-27 14:00:00,92.36
Montenegro,MNE,2024-06-27 13:00:00,2024-06-27 15:00:00,95.8
Montenegro,MNE,2024-06-27 14:00:00,2024-06-27 16:00:00,111.35
Montenegro,MNE,2024-06-27 15:00:00,2024-06-27 17:00:00,110.1
Montenegro,MNE,2024-06-27 16:00:00,2024-06-27 18:00:00,140.94
Montenegro,MNE,2024-06-27 17:00:00,2024-06-27 19:00:00,221.88
Montenegro,MNE,2024-06-27 18:00:00,2024-06-27 20:00:00,250.02
Montenegro,MNE,2024-06-27 19:00:00,2024-06-27 21:00:00,169.93
Montenegro,MNE,2024-06-27 20:00:00,2024-06-27 22:00:00,139.08
Montenegro,MNE,2024-06-27 21:00:00,2024-06-27 23:00:00,115.95
Montenegro,MNE,2024-06-27 22:00:00,2024-06-28 00:00:00,104.51
Montenegro,MNE,2024-06-27 23:00:00,2024-06-28 01:00:00,104.41
Montenegro,MNE,2024-06-28 00:00:00,2024-06-28 02:00:00,95.21
Montenegro,MNE,2024-06-28 01:00:00,2024-06-28 03:00:00,93.93
Montenegro,MNE,2024-06-28 02:00:00,2024-06-28 04:00:00,91.98
Montenegro,MNE,2024-06-28 03:00:00,2024-06-28 05:00:00,95.48
Montenegro,MNE,2024-06-28 04:00:00,2024-06-28 06:00:00,104.94
Montenegro,MNE,2024-06-28 05:00:00,2024-06-28 07:00:00,111.32
Montenegro,MNE,2024-06-28 06:00:00,2024-06-28 08:00:00,86.8
Montenegro,MNE,2024-06-28 07:00:00,2024-06-28 09:00:00,74.97
Montenegro,MNE,2024-06-28 08:00:00,2024-06-28 10:00:00,63.63
Montenegro,MNE,2024-06-28 09:00:00,2024-06-28 11:00:00,69.66
Montenegro,MNE,2024-06-28 10:00:00,2024-06-28 12:00:00,72.62
Montenegro,MNE,2024-06-28 11:00:00,2024-06-28 13:00:00,77.87
Montenegro,MNE,2024-06-28 12:00:00,2024-06-28 14:00:00,93.64
Montenegro,MNE,2024-06-28 13:00:00,2024-06-28 15:00:00,96.23
Montenegro,MNE,2024-06-28 14:00:00,2024-06-28 16:00:00,104.84
Montenegro,MNE,2024-06-28 15:00:00,2024-06-28 17:00:00,104.13
Montenegro,MNE,2024-06-28 16:00:00,2024-06-28 18:00:00,120.04
Montenegro,MNE,2024-06-28 17:00:00,2024-06-28 19:00:00,150.0
Montenegro,MNE,2024-06-28 18:00:00,2024-06-28 20:00:00,199.92
Montenegro,MNE,2024-06-28 19:00:00,2024-06-28 21:00:00,158.13
Montenegro,MNE,2024-06-28 20:00:00,2024-06-28 22:00:00,120.08
Montenegro,MNE,2024-06-28 21:00:00,2024-06-28 23:00:00,104.54
Montenegro,MNE,2024-06-28 22:00:00,2024-06-29 00:00:00,99.97
Montenegro,MNE,2024-06-28 23:00:00,2024-06-29 01:00:00,97.56
Montenegro,MNE,2024-06-29 00:00:00,2024-06-29 02:00:00,89.54
Montenegro,MNE,2024-06-29 01:00:00,2024-06-29 03:00:00,83.61
Montenegro,MNE,2024-06-29 02:00:00,2024-06-29 04:00:00,83.26
Montenegro,MNE,2024-06-29 03:00:00,2024-06-29 05:00:00,81.71
Montenegro,MNE,2024-06-29 04:00:00,2024-06-29 06:00:00,85.79
Montenegro,MNE,2024-06-29 05:00:00,2024-06-29 07:00:00,81.75
Montenegro,MNE,2024-06-29 06:00:00,2024-06-29 08:00:00,65.89
Montenegro,MNE,2024-06-29 07:00:00,2024-06-29 09:00:00,45.09
Montenegro,MNE,2024-06-29 08:00:00,2024-06-29 10:00:00,71.92
Montenegro,MNE,2024-06-29 09:00:00,2024-06-29 11:00:00,70.97
Montenegro,MNE,2024-06-29 10:00:00,2024-06-29 12:00:00,71.92
Montenegro,MNE,2024-06-29 11:00:00,2024-06-29 13:00:00,69.95
Montenegro,MNE,2024-06-29 12:00:00,2024-06-29 14:00:00,69.97
Montenegro,MNE,2024-06-29 13:00:00,2024-06-29 15:00:00,81.36
Montenegro,MNE,2024-06-29 14:00:00,2024-06-29 16:00:00,75.9
Montenegro,MNE,2024-06-29 15:00:00,2024-06-29 17:00:00,89.63
Montenegro,MNE,2024-06-29 16:00:00,2024-06-29 18:00:00,119.5
Montenegro,MNE,2024-06-29 17:00:00,2024-06-29 19:00:00,149.91
Montenegro,MNE,2024-06-29 18:00:00,2024-06-29 20:00:00,153.36
Montenegro,MNE,2024-06-29 19:00:00,2024-06-29 21:00:00,143.38
Montenegro,MNE,2024-06-29 20:00:00,2024-06-29 22:00:00,142.63
Montenegro,MNE,2024-06-29 21:00:00,2024-06-29 23:00:00,97.62
Montenegro,MNE,2024-06-29 22:00:00,2024-06-30 00:00:00,105.09
Montenegro,MNE,2024-06-29 23:00:00,2024-06-30 01:00:00,100.04
Montenegro,MNE,2024-06-30 00:00:00,2024-06-30 02:00:00,95.3
Montenegro,MNE,2024-06-30 01:00:00,2024-06-30 03:00:00,89.6
Montenegro,MNE,2024-06-30 02:00:00,2024-06-30 04:00:00,85.01
Montenegro,MNE,2024-06-30 03:00:00,2024-06-30 05:00:00,83.69
Montenegro,MNE,2024-06-30 04:00:00,2024-06-30 06:00:00,60.09
Montenegro,MNE,2024-06-30 05:00:00,2024-06-30 07:00:00,50.09
Montenegro,MNE,2024-06-30 06:00:00,2024-06-30 08:00:00,45.01
Montenegro,MNE,2024-06-30 07:00:00,2024-06-30 09:00:00,24.96
Montenegro,MNE,2024-06-30 08:00:00,2024-06-30 10:00:00,20.13
Montenegro,MNE,2024-06-30 09:00:00,2024-06-30 11:00:00,9.99
Montenegro,MNE,2024-06-30 10:00:00,2024-06-30 12:00:00,9.92
Montenegro,MNE,2024-06-30 11:00:00,2024-06-30 13:00:00,6.92
Montenegro,MNE,2024-06-30 12:00:00,2024-06-30 14:00:00,6.92
Montenegro,MNE,2024-06-30 13:00:00,2024-06-30 15:00:00,13.82
Montenegro,MNE,2024-06-30 14:00:00,2024-06-30 16:00:00,34.74
Montenegro,MNE,2024-06-30 15:00:00,2024-06-30 17:00:00,62.91
Montenegro,MNE,2024-06-30 16:00:00,2024-06-30 18:00:00,83.86
Montenegro,MNE,2024-06-30 17:00:00,2024-06-30 19:00:00,118.67
Montenegro,MNE,2024-06-30 18:00:00,2024-06-30 20:00:00,146.84
Montenegro,MNE,2024-06-30 19:00:00,2024-06-30 21:00:00,146.92
Montenegro,MNE,2024-06-30 20:00:00,2024-06-30 22:00:00,111.88
Montenegro,MNE,2024-06-30 21:00:00,2024-06-30 23:00:00,97.96
Montenegro,MNE,2024-06-30 22:00:00,2024-07-01 00:00:00,99.66
Montenegro,MNE,2024-06-30 23:00:00,2024-07-01 01:00:00,93.26
Montenegro,MNE,2024-07-01 00:00:00,2024-07-01 02:00:00,87.35
Montenegro,MNE,2024-07-01 01:00:00,2024-07-01 03:00:00,83.97
Montenegro,MNE,2024-07-01 02:00:00,2024-07-01 04:00:00,85.07
Montenegro,MNE,2024-07-01 03:00:00,2024-07-01 05:00:00,95.09
Montenegro,MNE,2024-07-01 04:00:00,2024-07-01 06:00:00,123.04
Montenegro,MNE,2024-07-01 05:00:00,2024-07-01 07:00:00,125.04
Montenegro,MNE,2024-07-01 06:00:00,2024-07-01 08:00:00,119.21
Montenegro,MNE,2024-07-01 07:00:00,2024-07-01 09:00:00,99.96
Montenegro,MNE,2024-07-01 08:00:00,2024-07-01 10:00:00,87.97
Montenegro,MNE,2024-07-01 09:00:00,2024-07-01 11:00:00,79.33
Montenegro,MNE,2024-07-01 10:00:00,2024-07-01 12:00:00,83.45
Montenegro,MNE,2024-07-01 11:00:00,2024-07-01 13:00:00,83.2
Montenegro,MNE,2024-07-01 12:00:00,2024-07-01 14:00:00,87.97
Montenegro,MNE,2024-07-01 13:00:00,2024-07-01 15:00:00,94.26
Montenegro,MNE,2024-07-01 14:00:00,2024-07-01 16:00:00,96.95
Montenegro,MNE,2024-07-01 15:00:00,2024-07-01 17:00:00,115.83
Montenegro,MNE,2024-07-01 16:00:00,2024-07-01 18:00:00,141.95
Montenegro,MNE,2024-07-01 17:00:00,2024-07-01 19:00:00,179.82
Montenegro,MNE,2024-07-01 18:00:00,2024-07-01 20:00:00,239.33
Montenegro,MNE,2024-07-01 19:00:00,2024-07-01 21:00:00,183.24
Montenegro,MNE,2024-07-01 20:00:00,2024-07-01 22:00:00,127.19
Montenegro,MNE,2024-07-01 21:00:00,2024-07-01 23:00:00,95.83
Montenegro,MNE,2024-07-01 22:00:00,2024-07-02 00:00:00,118.14
Montenegro,MNE,2024-07-01 23:00:00,2024-07-02 01:00:00,104.67
Montenegro,MNE,2024-07-02 00:00:00,2024-07-02 02:00:00,97.13
Montenegro,MNE,2024-07-02 01:00:00,2024-07-02 03:00:00,92.05
Montenegro,MNE,2024-07-02 02:00:00,2024-07-02 04:00:00,91.02
Montenegro,MNE,2024-07-02 03:00:00,2024-07-02 05:00:00,97.15
Montenegro,MNE,2024-07-02 04:00:00,2024-07-02 06:00:00,124.05
Montenegro,MNE,2024-07-02 05:00:00,2024-07-02 07:00:00,139.97
Montenegro,MNE,2024-07-02 06:00:00,2024-07-02 08:00:00,140.0
Montenegro,MNE,2024-07-02 07:00:00,2024-07-02 09:00:00,118.96
Montenegro,MNE,2024-07-02 08:00:00,2024-07-02 10:00:00,113.07
Montenegro,MNE,2024-07-02 09:00:00,2024-07-02 11:00:00,107.73
Montenegro,MNE,2024-07-02 10:00:00,2024-07-02 12:00:00,102.01
Montenegro,MNE,2024-07-02 11:00:00,2024-07-02 13:00:00,97.43
Montenegro,MNE,2024-07-02 12:00:00,2024-07-02 14:00:00,90.41
Montenegro,MNE,2024-07-02 13:00:00,2024-07-02 15:00:00,90.15
Montenegro,MNE,2024-07-02 14:00:00,2024-07-02 16:00:00,99.04
Montenegro,MNE,2024-07-02 15:00:00,2024-07-02 17:00:00,117.05
Montenegro,MNE,2024-07-02 16:00:00,2024-07-02 18:00:00,146.32
Montenegro,MNE,2024-07-02 17:00:00,2024-07-02 19:00:00,174.17
Montenegro,MNE,2024-07-02 18:00:00,2024-07-02 20:00:00,283.21
Montenegro,MNE,2024-07-02 19:00:00,2024-07-02 21:00:00,153.78
Montenegro,MNE,2024-07-02 20:00:00,2024-07-02 22:00:00,126.04
Montenegro,MNE,2024-07-02 21:00:00,2024-07-02 23:00:00,111.93
Montenegro,MNE,2024-07-02 22:00:00,2024-07-03 00:00:00,96.77
Montenegro,MNE,2024-07-02 23:00:00,2024-07-03 01:00:00,95.83
Montenegro,MNE,2024-07-03 00:00:00,2024-07-03 02:00:00,90.07
Montenegro,MNE,2024-07-03 01:00:00,2024-07-03 03:00:00,87.67
Montenegro,MNE,2024-07-03 02:00:00,2024-07-03 04:00:00,87.37
Montenegro,MNE,2024-07-03 03:00:00,2024-07-03 05:00:00,95.23
Montenegro,MNE,2024-07-03 04:00:00,2024-07-03 06:00:00,109.92
Montenegro,MNE,2024-07-03 05:00:00,2024-07-03 07:00:00,111.04
Montenegro,MNE,2024-07-03 06:00:00,2024-07-03 08:00:00,107.91
Montenegro,MNE,2024-07-03 07:00:00,2024-07-03 09:00:00,95.37
Montenegro,MNE,2024-07-03 08:00:00,2024-07-03 10:00:00,76.09
Montenegro,MNE,2024-07-03 09:00:00,2024-07-03 11:00:00,83.06
Montenegro,MNE,2024-07-03 10:00:00,2024-07-03 12:00:00,83.33
Montenegro,MNE,2024-07-03 11:00:00,2024-07-03 13:00:00,83.85
Montenegro,MNE,2024-07-03 12:00:00,2024-07-03 14:00:00,87.81
Montenegro,MNE,2024-07-03 13:00:00,2024-07-03 15:00:00,99.82
Montenegro,MNE,2024-07-03 14:00:00,2024-07-03 16:00:00,103.81
Montenegro,MNE,2024-07-03 15:00:00,2024-07-03 17:00:00,106.1
Montenegro,MNE,2024-07-03 16:00:00,2024-07-03 18:00:00,122.8
Montenegro,MNE,2024-07-03 17:00:00,2024-07-03 19:00:00,148.96
Montenegro,MNE,2024-07-03 18:00:00,2024-07-03 20:00:00,179.95
Montenegro,MNE,2024-07-03 19:00:00,2024-07-03 21:00:00,146.06
Montenegro,MNE,2024-07-03 20:00:00,2024-07-03 22:00:00,117.28
Montenegro,MNE,2024-07-03 21:00:00,2024-07-03 23:00:00,105.27
Montenegro,MNE,2024-07-03 22:00:00,2024-07-04 00:00:00,104.17
Montenegro,MNE,2024-07-03 23:00:00,2024-07-04 01:00:00,104.03
Montenegro,MNE,2024-07-04 00:00:00,2024-07-04 02:00:00,97.12
Montenegro,MNE,2024-07-04 01:00:00,2024-07-04 03:00:00,96.85
Montenegro,MNE,2024-07-04 02:00:00,2024-07-04 04:00:00,90.89
Montenegro,MNE,2024-07-04 03:00:00,2024-07-04 05:00:00,102.73
Montenegro,MNE,2024-07-04 04:00:00,2024-07-04 06:00:00,111.66
Montenegro,MNE,2024-07-04 05:00:00,2024-07-04 07:00:00,118.86
Montenegro,MNE,2024-07-04 06:00:00,2024-07-04 08:00:00,121.51
Montenegro,MNE,2024-07-04 07:00:00,2024-07-04 09:00:00,104.39
Montenegro,MNE,2024-07-04 08:00:00,2024-07-04 10:00:00,103.4
Montenegro,MNE,2024-07-04 09:00:00,2024-07-04 11:00:00,97.22
Montenegro,MNE,2024-07-04 10:00:00,2024-07-04 12:00:00,100.04
Montenegro,MNE,2024-07-04 11:00:00,2024-07-04 13:00:00,100.08
Montenegro,MNE,2024-07-04 12:00:00,2024-07-04 14:00:00,97.25
Montenegro,MNE,2024-07-04 13:00:00,2024-07-04 15:00:00,111.23
Montenegro,MNE,2024-07-04 14:00:00,2024-07-04 16:00:00,125.95
Montenegro,MNE,2024-07-04 15:00:00,2024-07-04 17:00:00,132.17
Montenegro,MNE,2024-07-04 16:00:00,2024-07-04 18:00:00,132.36
Montenegro,MNE,2024-07-04 17:00:00,2024-07-04 19:00:00,137.05
Montenegro,MNE,2024-07-04 18:00:00,2024-07-04 20:00:00,180.07
Montenegro,MNE,2024-07-04 19:00:00,2024-07-04 21:00:00,146.05
Montenegro,MNE,2024-07-04 20:00:00,2024-07-04 22:00:00,125.27
Montenegro,MNE,2024-07-04 21:00:00,2024-07-04 23:00:00,104.38
Montenegro,MNE,2024-07-04 22:00:00,2024-07-05 00:00:00,103.53
Montenegro,MNE,2024-07-04 23:00:00,2024-07-05 01:00:00,95.56
Montenegro,MNE,2024-07-05 00:00:00,2024-07-05 02:00:00,93.51
Montenegro,MNE,2024-07-05 01:00:00,2024-07-05 03:00:00,93.73
Montenegro,MNE,2024-07-05 02:00:00,2024-07-05 04:00:00,93.63
Montenegro,MNE,2024-07-05 03:00:00,2024-07-05 05:00:00,95.77
Montenegro,MNE,2024-07-05 04:00:00,2024-07-05 06:00:00,108.91
Montenegro,MNE,2024-07-05 05:00:00,2024-07-05 07:00:00,109.08
Montenegro,MNE,2024-07-05 06:00:00,2024-07-05 08:00:00,101.89
Montenegro,MNE,2024-07-05 07:00:00,2024-07-05 09:00:00,89.98
Montenegro,MNE,2024-07-05 08:00:00,2024-07-05 10:00:00,93.29
Montenegro,MNE,2024-07-05 09:00:00,2024-07-05 11:00:00,88.95
Montenegro,MNE,2024-07-05 10:00:00,2024-07-05 12:00:00,51.74
Montenegro,MNE,2024-07-05 11:00:00,2024-07-05 13:00:00,71.62
Montenegro,MNE,2024-07-05 12:00:00,2024-07-05 14:00:00,77.74
Montenegro,MNE,2024-07-05 13:00:00,2024-07-05 15:00:00,91.42
Montenegro,MNE,2024-07-05 14:00:00,2024-07-05 16:00:00,98.56
Montenegro,MNE,2024-07-05 15:00:00,2024-07-05 17:00:00,104.86
Montenegro,MNE,2024-07-05 16:00:00,2024-07-05 18:00:00,103.1
Montenegro,MNE,2024-07-05 17:00:00,2024-07-05 19:00:00,127.02
Montenegro,MNE,2024-07-05 18:00:00,2024-07-05 20:00:00,144.53
Montenegro,MNE,2024-07-05 19:00:00,2024-07-05 21:00:00,130.95
Montenegro,MNE,2024-07-05 20:00:00,2024-07-05 22:00:00,113.61
Montenegro,MNE,2024-07-05 21:00:00,2024-07-05 23:00:00,97.81
Montenegro,MNE,2024-07-05 22:00:00,2024-07-06 00:00:00,97.92
Montenegro,MNE,2024-07-05 23:00:00,2024-07-06 01:00:00,98.9
Montenegro,MNE,2024-07-06 00:00:00,2024-07-06 02:00:00,89.91
Montenegro,MNE,2024-07-06 01:00:00,2024-07-06 03:00:00,83.91
Montenegro,MNE,2024-07-06 02:00:00,2024-07-06 04:00:00,79.91
Montenegro,MNE,2024-07-06 03:00:00,2024-07-06 05:00:00,69.97
Montenegro,MNE,2024-07-06 04:00:00,2024-07-06 06:00:00,67.99
Montenegro,MNE,2024-07-06 05:00:00,2024-07-06 07:00:00,67.9
Montenegro,MNE,2024-07-06 06:00:00,2024-07-06 08:00:00,26.6
Montenegro,MNE,2024-07-06 07:00:00,2024-07-06 09:00:00,16.35
Montenegro,MNE,2024-07-06 08:00:00,2024-07-06 10:00:00,50.01
Montenegro,MNE,2024-07-06 09:00:00,2024-07-06 11:00:00,55.32
Montenegro,MNE,2024-07-06 10:00:00,2024-07-06 12:00:00,50.01
Montenegro,MNE,2024-07-06 11:00:00,2024-07-06 13:00:00,42.06
Montenegro,MNE,2024-07-06 12:00:00,2024-07-06 14:00:00,34.99
Montenegro,MNE,2024-07-06 13:00:00,2024-07-06 15:00:00,54.94
Montenegro,MNE,2024-07-06 14:00:00,2024-07-06 16:00:00,68.75
Montenegro,MNE,2024-07-06 15:00:00,2024-07-06 17:00:00,83.33
Montenegro,MNE,2024-07-06 16:00:00,2024-07-06 18:00:00,99.5
Montenegro,MNE,2024-07-06 17:00:00,2024-07-06 19:00:00,127.32
Montenegro,MNE,2024-07-06 18:00:00,2024-07-06 20:00:00,139.96
Montenegro,MNE,2024-07-06 19:00:00,2024-07-06 21:00:00,127.38
Montenegro,MNE,2024-07-06 20:00:00,2024-07-06 22:00:00,103.89
Montenegro,MNE,2024-07-06 21:00:00,2024-07-06 23:00:00,81.93
Montenegro,MNE,2024-07-06 22:00:00,2024-07-07 00:00:00,90.71
Montenegro,MNE,2024-07-06 23:00:00,2024-07-07 01:00:00,83.39
Montenegro,MNE,2024-07-07 00:00:00,2024-07-07 02:00:00,76.57
Montenegro,MNE,2024-07-07 01:00:00,2024-07-07 03:00:00,55.66
Montenegro,MNE,2024-07-07 02:00:00,2024-07-07 04:00:00,55.05
Montenegro,MNE,2024-07-07 03:00:00,2024-07-07 05:00:00,41.68
Montenegro,MNE,2024-07-07 04:00:00,2024-07-07 06:00:00,32.74
Montenegro,MNE,2024-07-07 05:00:00,2024-07-07 07:00:00,20.57
Montenegro,MNE,2024-07-07 06:00:00,2024-07-07 08:00:00,20.91
Montenegro,MNE,2024-07-07 07:00:00,2024-07-07 09:00:00,6.7
Montenegro,MNE,2024-07-07 08:00:00,2024-07-07 10:00:00,6.85
Montenegro,MNE,2024-07-07 09:00:00,2024-07-07 11:00:00,6.94
Montenegro,MNE,2024-07-07 10:00:00,2024-07-07 12:00:00,6.93
Montenegro,MNE,2024-07-07 11:00:00,2024-07-07 13:00:00,6.95
Montenegro,MNE,2024-07-07 12:00:00,2024-07-07 14:00:00,6.96
Montenegro,MNE,2024-07-07 13:00:00,2024-07-07 15:00:00,6.95
Montenegro,MNE,2024-07-07 14:00:00,2024-07-07 16:00:00,20.79
Montenegro,MNE,2024-07-07 15:00:00,2024-07-07 17:00:00,69.03
Montenegro,MNE,2024-07-07 16:00:00,2024-07-07 18:00:00,97.87
Montenegro,MNE,2024-07-07 17:00:00,2024-07-07 19:00:00,131.35
Montenegro,MNE,2024-07-07 18:00:00,2024-07-07 20:00:00,146.92
Montenegro,MNE,2024-07-07 19:00:00,2024-07-07 21:00:00,139.99
Montenegro,MNE,2024-07-07 20:00:00,2024-07-07 22:00:00,125.94
Montenegro,MNE,2024-07-07 21:00:00,2024-07-07 23:00:00,111.92
Montenegro,MNE,2024-07-07 22:00:00,2024-07-08 00:00:00,109.6
Montenegro,MNE,2024-07-07 23:00:00,2024-07-08 01:00:00,99.71
Montenegro,MNE,2024-07-08 00:00:00,2024-07-08 02:00:00,83.36
Montenegro,MNE,2024-07-08 01:00:00,2024-07-08 03:00:00,79.09
Montenegro,MNE,2024-07-08 02:00:00,2024-07-08 04:00:00,81.81
Montenegro,MNE,2024-07-08 03:00:00,2024-07-08 05:00:00,95.74
Montenegro,MNE,2024-07-08 04:00:00,2024-07-08 06:00:00,116.21
Montenegro,MNE,2024-07-08 05:00:00,2024-07-08 07:00:00,133.21
Montenegro,MNE,2024-07-08 06:00:00,2024-07-08 08:00:00,115.88
Montenegro,MNE,2024-07-08 07:00:00,2024-07-08 09:00:00,99.02
Montenegro,MNE,2024-07-08 08:00:00,2024-07-08 10:00:00,78.88
Montenegro,MNE,2024-07-08 09:00:00,2024-07-08 11:00:00,78.62
Montenegro,MNE,2024-07-08 10:00:00,2024-07-08 12:00:00,78.39
Montenegro,MNE,2024-07-08 11:00:00,2024-07-08 13:00:00,89.41
Montenegro,MNE,2024-07-08 12:00:00,2024-07-08 14:00:00,99.04
Montenegro,MNE,2024-07-08 13:00:00,2024-07-08 15:00:00,99.17
Montenegro,MNE,2024-07-08 14:00:00,2024-07-08 16:00:00,99.38
Montenegro,MNE,2024-07-08 15:00:00,2024-07-08 17:00:00,131.23
Montenegro,MNE,2024-07-08 16:00:00,2024-07-08 18:00:00,149.91
Montenegro,MNE,2024-07-08 17:00:00,2024-07-08 19:00:00,160.55
Montenegro,MNE,2024-07-08 18:00:00,2024-07-08 20:00:00,225.39
Montenegro,MNE,2024-07-08 19:00:00,2024-07-08 21:00:00,225.19
Montenegro,MNE,2024-07-08 20:00:00,2024-07-08 22:00:00,147.98
Montenegro,MNE,2024-07-08 21:00:00,2024-07-08 23:00:00,115.99
Montenegro,MNE,2024-07-08 22:00:00,2024-07-09 00:00:00,115.29
Montenegro,MNE,2024-07-08 23:00:00,2024-07-09 01:00:00,104.91
Montenegro,MNE,2024-07-09 00:00:00,2024-07-09 02:00:00,99.93
Montenegro,MNE,2024-07-09 01:00:00,2024-07-09 03:00:00,95.97
Montenegro,MNE,2024-07-09 02:00:00,2024-07-09 04:00:00,93.82
Montenegro,MNE,2024-07-09 03:00:00,2024-07-09 05:00:00,96.73
Montenegro,MNE,2024-07-09 04:00:00,2024-07-09 06:00:00,123.25
Montenegro,MNE,2024-07-09 05:00:00,2024-07-09 07:00:00,119.9
Montenegro,MNE,2024-07-09 06:00:00,2024-07-09 08:00:00,103.79
Montenegro,MNE,2024-07-09 07:00:00,2024-07-09 09:00:00,87.45
Montenegro,MNE,2024-07-09 08:00:00,2024-07-09 10:00:00,83.58
Montenegro,MNE,2024-07-09 09:00:00,2024-07-09 11:00:00,71.97
Montenegro,MNE,2024-07-09 10:00:00,2024-07-09 12:00:00,79.62
Montenegro,MNE,2024-07-09 11:00:00,2024-07-09 13:00:00,91.47
Montenegro,MNE,2024-07-09 12:00:00,2024-07-09 14:00:00,95.97
Montenegro,MNE,2024-07-09 13:00:00,2024-07-09 15:00:00,110.01
Montenegro,MNE,2024-07-09 14:00:00,2024-07-09 16:00:00,115.33
Montenegro,MNE,2024-07-09 15:00:00,2024-07-09 17:00:00,111.52
Montenegro,MNE,2024-07-09 16:00:00,2024-07-09 18:00:00,170.02
Montenegro,MNE,2024-07-09 17:00:00,2024-07-09 19:00:00,227.89
Montenegro,MNE,2024-07-09 18:00:00,2024-07-09 20:00:00,249.98
Montenegro,MNE,2024-07-09 19:00:00,2024-07-09 21:00:00,211.52
Montenegro,MNE,2024-07-09 20:00:00,2024-07-09 22:00:00,139.38
Montenegro,MNE,2024-07-09 21:00:00,2024-07-09 23:00:00,125.01
Montenegro,MNE,2024-07-09 22:00:00,2024-07-10 00:00:00,131.08
Montenegro,MNE,2024-07-09 23:00:00,2024-07-10 01:00:00,119.04
Montenegro,MNE,2024-07-10 00:00:00,2024-07-10 02:00:00,99.59
Montenegro,MNE,2024-07-10 01:00:00,2024-07-10 03:00:00,93.45
Montenegro,MNE,2024-07-10 02:00:00,2024-07-10 04:00:00,91.26
Montenegro,MNE,2024-07-10 03:00:00,2024-07-10 05:00:00,91.88
Montenegro,MNE,2024-07-10 04:00:00,2024-07-10 06:00:00,108.91
Montenegro,MNE,2024-07-10 05:00:00,2024-07-10 07:00:00,107.25
Montenegro,MNE,2024-07-10 06:00:00,2024-07-10 08:00:00,88.09
Montenegro,MNE,2024-07-10 07:00:00,2024-07-10 09:00:00,115.71
Montenegro,MNE,2024-07-10 08:00:00,2024-07-10 10:00:00,109.9
Montenegro,MNE,2024-07-10 09:00:00,2024-07-10 11:00:00,103.75
Montenegro,MNE,2024-07-10 10:00:00,2024-07-10 12:00:00,105.91
Montenegro,MNE,2024-07-10 11:00:00,2024-07-10 13:00:00,105.91
Montenegro,MNE,2024-07-10 12:00:00,2024-07-10 14:00:00,104.98
Montenegro,MNE,2024-07-10 13:00:00,2024-07-10 15:00:00,116.99
Montenegro,MNE,2024-07-10 14:00:00,2024-07-10 16:00:00,133.99
Montenegro,MNE,2024-07-10 15:00:00,2024-07-10 17:00:00,130.06
Montenegro,MNE,2024-07-10 16:00:00,2024-07-10 18:00:00,149.93
Montenegro,MNE,2024-07-10 17:00:00,2024-07-10 19:00:00,190.02
Montenegro,MNE,2024-07-10 18:00:00,2024-07-10 20:00:00,190.09
Montenegro,MNE,2024-07-10 19:00:00,2024-07-10 21:00:00,175.16
Montenegro,MNE,2024-07-10 20:00:00,2024-07-10 22:00:00,139.93
Montenegro,MNE,2024-07-10 21:00:00,2024-07-10 23:00:00,135.87
Montenegro,MNE,2024-07-10 22:00:00,2024-07-11 00:00:00,114.22
Montenegro,MNE,2024-07-10 23:00:00,2024-07-11 01:00:00,105.94
Montenegro,MNE,2024-07-11 00:00:00,2024-07-11 02:00:00,104.04
Montenegro,MNE,2024-07-11 01:00:00,2024-07-11 03:00:00,95.97
Montenegro,MNE,2024-07-11 02:00:00,2024-07-11 04:00:00,99.02
Montenegro,MNE,2024-07-11 03:00:00,2024-07-11 05:00:00,102.06
Montenegro,MNE,2024-07-11 04:00:00,2024-07-11 06:00:00,113.97
Montenegro,MNE,2024-07-11 05:00:00,2024-07-11 07:00:00,122.96
Montenegro,MNE,2024-07-11 06:00:00,2024-07-11 08:00:00,121.03
Montenegro,MNE,2024-07-11 07:00:00,2024-07-11 09:00:00,107.59
Montenegro,MNE,2024-07-11 08:00:00,2024-07-11 10:00:00,100.03
Montenegro,MNE,2024-07-11 09:00:00,2024-07-11 11:00:00,100.41
Montenegro,MNE,2024-07-11 10:00:00,2024-07-11 12:00:00,108.95
Montenegro,MNE,2024-07-11 11:00:00,2024-07-11 13:00:00,110.03
Montenegro,MNE,2024-07-11 12:00:00,2024-07-11 14:00:00,110.09
Montenegro,MNE,2024-07-11 13:00:00,2024-07-11 15:00:00,122.63
Montenegro,MNE,2024-07-11 14:00:00,2024-07-11 16:00:00,131.41
Montenegro,MNE,2024-07-11 15:00:00,2024-07-11 17:00:00,167.07
Montenegro,MNE,2024-07-11 16:00:00,2024-07-11 18:00:00,186.49
Montenegro,MNE,2024-07-11 17:00:00,2024-07-11 19:00:00,288.52
Montenegro,MNE,2024-07-11 18:00:00,2024-07-11 20:00:00,300.06
Montenegro,MNE,2024-07-11 19:00:00,2024-07-11 21:00:00,256.03
Montenegro,MNE,2024-07-11 20:00:00,2024-07-11 22:00:00,192.83
Montenegro,MNE,2024-07-11 21:00:00,2024-07-11 23:00:00,140.95
Montenegro,MNE,2024-07-11 22:00:00,2024-07-12 00:00:00,140.31
Montenegro,MNE,2024-07-11 23:00:00,2024-07-12 01:00:00,113.19
Montenegro,MNE,2024-07-12 00:00:00,2024-07-12 02:00:00,104.27
Montenegro,MNE,2024-07-12 01:00:00,2024-07-12 03:00:00,102.56
Montenegro,MNE,2024-07-12 02:00:00,2024-07-12 04:00:00,99.96
Montenegro,MNE,2024-07-12 03:00:00,2024-07-12 05:00:00,104.4
Montenegro,MNE,2024-07-12 04:00:00,2024-07-12 06:00:00,122.71
Montenegro,MNE,2024-07-12 05:00:00,2024-07-12 07:00:00,122.18
Montenegro,MNE,2024-07-12 06:00:00,2024-07-12 08:00:00,122.28
Montenegro,MNE,2024-07-12 07:00:00,2024-07-12 09:00:00,103.31
Montenegro,MNE,2024-07-12 08:00:00,2024-07-12 10:00:00,99.06
Montenegro,MNE,2024-07-12 09:00:00,2024-07-12 11:00:00,95.33
Montenegro,MNE,2024-07-12 10:00:00,2024-07-12 12:00:00,95.08
Montenegro,MNE,2024-07-12 11:00:00,2024-07-12 13:00:00,95.21
Montenegro,MNE,2024-07-12 12:00:00,2024-07-12 14:00:00,95.63
Montenegro,MNE,2024-07-12 13:00:00,2024-07-12 15:00:00,104.96
Montenegro,MNE,2024-07-12 14:00:00,2024-07-12 16:00:00,140.04
Montenegro,MNE,2024-07-12 15:00:00,2024-07-12 17:00:00,149.8
Montenegro,MNE,2024-07-12 16:00:00,2024-07-12 18:00:00,250.88
Montenegro,MNE,2024-07-12 17:00:00,2024-07-12 19:00:00,299.92
Montenegro,MNE,2024-07-12 18:00:00,2024-07-12 20:00:00,346.14
Montenegro,MNE,2024-07-12 19:00:00,2024-07-12 21:00:00,299.98
Montenegro,MNE,2024-07-12 20:00:00,2024-07-12 22:00:00,211.49
Montenegro,MNE,2024-07-12 21:00:00,2024-07-12 23:00:00,167.95
Montenegro,MNE,2024-07-12 22:00:00,2024-07-13 00:00:00,155.04
Montenegro,MNE,2024-07-12 23:00:00,2024-07-13 01:00:00,131.58
Montenegro,MNE,2024-07-13 00:00:00,2024-07-13 02:00:00,104.8
Montenegro,MNE,2024-07-13 01:00:00,2024-07-13 03:00:00,108.04
Montenegro,MNE,2024-07-13 02:00:00,2024-07-13 04:00:00,104.59
Montenegro,MNE,2024-07-13 03:00:00,2024-07-13 05:00:00,104.25
Montenegro,MNE,2024-07-13 04:00:00,2024-07-13 06:00:00,113.09
Montenegro,MNE,2024-07-13 05:00:00,2024-07-13 07:00:00,113.5
Montenegro,MNE,2024-07-13 06:00:00,2024-07-13 08:00:00,105.15
Montenegro,MNE,2024-07-13 07:00:00,2024-07-13 09:00:00,104.03
Montenegro,MNE,2024-07-13 08:00:00,2024-07-13 10:00:00,90.01
Montenegro,MNE,2024-07-13 09:00:00,2024-07-13 11:00:00,85.05
Montenegro,MNE,2024-07-13 10:00:00,2024-07-13 12:00:00,85.05
Montenegro,MNE,2024-07-13 11:00:00,2024-07-13 13:00:00,85.05
Montenegro,MNE,2024-07-13 12:00:00,2024-07-13 14:00:00,90.06
Montenegro,MNE,2024-07-13 13:00:00,2024-07-13 15:00:00,95.06
Montenegro,MNE,2024-07-13 14:00:00,2024-07-13 16:00:00,107.85
Montenegro,MNE,2024-07-13 15:00:00,2024-07-13 17:00:00,250.02
Montenegro,MNE,2024-07-13 16:00:00,2024-07-13 18:00:00,214.17
Montenegro,MNE,2024-07-13 17:00:00,2024-07-13 19:00:00,266.99
Montenegro,MNE,2024-07-13 18:00:00,2024-07-13 20:00:00,175.29
Montenegro,MNE,2024-07-13 19:00:00,2024-07-13 21:00:00,154.49
Montenegro,MNE,2024-07-13 20:00:00,2024-07-13 22:00:00,120.49
Montenegro,MNE,2024-07-13 21:00:00,2024-07-13 23:00:00,250.1
Montenegro,MNE,2024-07-13 22:00:00,2024-07-14 00:00:00,167.11
Montenegro,MNE,2024-07-13 23:00:00,2024-07-14 01:00:00,145.02
Montenegro,MNE,2024-07-14 00:00:00,2024-07-14 02:00:00,111.69
Montenegro,MNE,2024-07-14 01:00:00,2024-07-14 03:00:00,111.7
Montenegro,MNE,2024-07-14 02:00:00,2024-07-14 04:00:00,111.72
Montenegro,MNE,2024-07-14 03:00:00,2024-07-14 05:00:00,110.04
Montenegro,MNE,2024-07-14 04:00:00,2024-07-14 06:00:00,83.96
Montenegro,MNE,2024-07-14 05:00:00,2024-07-14 07:00:00,83.45
Montenegro,MNE,2024-07-14 06:00:00,2024-07-14 08:00:00,99.91
Montenegro,MNE,2024-07-14 07:00:00,2024-07-14 09:00:00,69.02
Montenegro,MNE,2024-07-14 08:00:00,2024-07-14 10:00:00,62.73
Montenegro,MNE,2024-07-14 09:00:00,2024-07-14 11:00:00,75.63
Montenegro,MNE,2024-07-14 10:00:00,2024-07-14 12:00:00,76.27
Montenegro,MNE,2024-07-14 11:00:00,2024-07-14 13:00:00,75.45
Montenegro,MNE,2024-07-14 12:00:00,2024-07-14 14:00:00,97.09
Montenegro,MNE,2024-07-14 13:00:00,2024-07-14 15:00:00,101.94
Montenegro,MNE,2024-07-14 14:00:00,2024-07-14 16:00:00,111.75
Montenegro,MNE,2024-07-14 15:00:00,2024-07-14 17:00:00,110.1
Montenegro,MNE,2024-07-14 16:00:00,2024-07-14 18:00:00,111.63
Montenegro,MNE,2024-07-14 17:00:00,2024-07-14 19:00:00,179.61
Montenegro,MNE,2024-07-14 18:00:00,2024-07-14 20:00:00,203.98
Montenegro,MNE,2024-07-14 19:00:00,2024-07-14 21:00:00,181.91
Montenegro,MNE,2024-07-14 20:00:00,2024-07-14 22:00:00,153.98
Montenegro,MNE,2024-07-14 21:00:00,2024-07-14 23:00:00,125.65
Montenegro,MNE,2024-07-14 22:00:00,2024-07-15 00:00:00,122.71
Montenegro,MNE,2024-07-14 23:00:00,2024-07-15 01:00:00,104.47
Montenegro,MNE,2024-07-15 00:00:00,2024-07-15 02:00:00,98.18
Montenegro,MNE,2024-07-15 01:00:00,2024-07-15 03:00:00,95.83
Montenegro,MNE,2024-07-15 02:00:00,2024-07-15 04:00:00,95.82
Montenegro,MNE,2024-07-15 03:00:00,2024-07-15 05:00:00,104.63
Montenegro,MNE,2024-07-15 04:00:00,2024-07-15 06:00:00,122.91
Montenegro,MNE,2024-07-15 05:00:00,2024-07-15 07:00:00,122.9
Montenegro,MNE,2024-07-15 06:00:00,2024-07-15 08:00:00,122.6
Montenegro,MNE,2024-07-15 07:00:00,2024-07-15 09:00:00,104.95
Montenegro,MNE,2024-07-15 08:00:00,2024-07-15 10:00:00,96.81
Montenegro,MNE,2024-07-15 09:00:00,2024-07-15 11:00:00,95.53
Montenegro,MNE,2024-07-15 10:00:00,2024-07-15 12:00:00,95.36
Montenegro,MNE,2024-07-15 11:00:00,2024-07-15 13:00:00,95.28
Montenegro,MNE,2024-07-15 12:00:00,2024-07-15 14:00:00,97.23
Montenegro,MNE,2024-07-15 13:00:00,2024-07-15 15:00:00,102.66
Montenegro,MNE,2024-07-15 14:00:00,2024-07-15 16:00:00,115.95
Montenegro,MNE,2024-07-15 15:00:00,2024-07-15 17:00:00,138.92
Montenegro,MNE,2024-07-15 16:00:00,2024-07-15 18:00:00,212.42
Montenegro,MNE,2024-07-15 17:00:00,2024-07-15 19:00:00,297.83
Montenegro,MNE,2024-07-15 18:00:00,2024-07-15 20:00:00,318.5
Montenegro,MNE,2024-07-15 19:00:00,2024-07-15 21:00:00,311.6
Montenegro,MNE,2024-07-15 20:00:00,2024-07-15 22:00:00,176.4
Montenegro,MNE,2024-07-15 21:00:00,2024-07-15 23:00:00,140.92
Montenegro,MNE,2024-07-15 22:00:00,2024-07-16 00:00:00,158.9
Montenegro,MNE,2024-07-15 23:00:00,2024-07-16 01:00:00,122.84
Montenegro,MNE,2024-07-16 00:00:00,2024-07-16 02:00:00,104.78
Montenegro,MNE,2024-07-16 01:00:00,2024-07-16 03:00:00,98.09
Montenegro,MNE,2024-07-16 02:00:00,2024-07-16 04:00:00,95.97
Montenegro,MNE,2024-07-16 03:00:00,2024-07-16 05:00:00,113.07
Montenegro,MNE,2024-07-16 04:00:00,2024-07-16 06:00:00,126.0
Montenegro,MNE,2024-07-16 05:00:00,2024-07-16 07:00:00,129.07
Montenegro,MNE,2024-07-16 06:00:00,2024-07-16 08:00:00,129.07
Montenegro,MNE,2024-07-16 07:00:00,2024-07-16 09:00:00,110.25
Montenegro,MNE,2024-07-16 08:00:00,2024-07-16 10:00:00,105.65
Montenegro,MNE,2024-07-16 09:00:00,2024-07-16 11:00:00,104.71
Montenegro,MNE,2024-07-16 10:00:00,2024-07-16 12:00:00,100.95
Montenegro,MNE,2024-07-16 11:00:00,2024-07-16 13:00:00,104.55
Montenegro,MNE,2024-07-16 12:00:00,2024-07-16 14:00:00,116.44
Montenegro,MNE,2024-07-16 13:00:00,2024-07-16 15:00:00,125.06
Montenegro,MNE,2024-07-16 14:00:00,2024-07-16 16:00:00,113.96
Montenegro,MNE,2024-07-16 15:00:00,2024-07-16 17:00:00,131.98
Montenegro,MNE,2024-07-16 16:00:00,2024-07-16 18:00:00,221.97
Montenegro,MNE,2024-07-16 17:00:00,2024-07-16 19:00:00,332.06
Montenegro,MNE,2024-07-16 18:00:00,2024-07-16 20:00:00,318.25
Montenegro,MNE,2024-07-16 19:00:00,2024-07-16 21:00:00,320.0
Montenegro,MNE,2024-07-16 20:00:00,2024-07-16 22:00:00,200.05
Montenegro,MNE,2024-07-16 21:00:00,2024-07-16 23:00:00,158.98
Montenegro,MNE,2024-07-16 22:00:00,2024-07-17 00:00:00,139.92
Montenegro,MNE,2024-07-16 23:00:00,2024-07-17 01:00:00,125.22
Montenegro,MNE,2024-07-17 00:00:00,2024-07-17 02:00:00,111.6
Montenegro,MNE,2024-07-17 01:00:00,2024-07-17 03:00:00,105.71
Montenegro,MNE,2024-07-17 02:00:00,2024-07-17 04:00:00,104.83
Montenegro,MNE,2024-07-17 03:00:00,2024-07-17 05:00:00,105.08
Montenegro,MNE,2024-07-17 04:00:00,2024-07-17 06:00:00,111.77
Montenegro,MNE,2024-07-17 05:00:00,2024-07-17 07:00:00,118.19
Montenegro,MNE,2024-07-17 06:00:00,2024-07-17 08:00:00,111.67
Montenegro,MNE,2024-07-17 07:00:00,2024-07-17 09:00:00,108.75
Montenegro,MNE,2024-07-17 08:00:00,2024-07-17 10:00:00,105.93
Montenegro,MNE,2024-07-17 09:00:00,2024-07-17 11:00:00,104.75
Montenegro,MNE,2024-07-17 10:00:00,2024-07-17 12:00:00,97.85
Montenegro,MNE,2024-07-17 11:00:00,2024-07-17 13:00:00,97.94
Montenegro,MNE,2024-07-17 12:00:00,2024-07-17 14:00:00,104.94
Montenegro,MNE,2024-07-17 13:00:00,2024-07-17 15:00:00,118.28
Montenegro,MNE,2024-07-17 14:00:00,2024-07-17 16:00:00,132.35
Montenegro,MNE,2024-07-17 15:00:00,2024-07-17 17:00:00,125.09
Montenegro,MNE,2024-07-17 16:00:00,2024-07-17 18:00:00,174.97
Montenegro,MNE,2024-07-17 17:00:00,2024-07-17 19:00:00,208.78
Montenegro,MNE,2024-07-17 18:00:00,2024-07-17 20:00:00,212.45
Montenegro,MNE,2024-07-17 19:00:00,2024-07-17 21:00:00,215.03
Montenegro,MNE,2024-07-17 20:00:00,2024-07-17 22:00:00,208.08
Montenegro,MNE,2024-07-17 21:00:00,2024-07-17 23:00:00,153.97
Montenegro,MNE,2024-07-17 22:00:00,2024-07-18 00:00:00,131.87
Montenegro,MNE,2024-07-17 23:00:00,2024-07-18 01:00:00,113.9
Montenegro,MNE,2024-07-18 00:00:00,2024-07-18 02:00:00,105.05
Montenegro,MNE,2024-07-18 01:00:00,2024-07-18 03:00:00,105.05
Montenegro,MNE,2024-07-18 02:00:00,2024-07-18 04:00:00,104.83
Montenegro,MNE,2024-07-18 03:00:00,2024-07-18 05:00:00,105.05
Montenegro,MNE,2024-07-18 04:00:00,2024-07-18 06:00:00,113.87
Montenegro,MNE,2024-07-18 05:00:00,2024-07-18 07:00:00,128.32
Montenegro,MNE,2024-07-18 06:00:00,2024-07-18 08:00:00,120.04
Montenegro,MNE,2024-07-18 07:00:00,2024-07-18 09:00:00,110.02
Montenegro,MNE,2024-07-18 08:00:00,2024-07-18 10:00:00,101.97
Montenegro,MNE,2024-07-18 09:00:00,2024-07-18 11:00:00,110.03
Montenegro,MNE,2024-07-18 10:00:00,2024-07-18 12:00:00,110.09
Montenegro,MNE,2024-07-18 11:00:00,2024-07-18 13:00:00,110.09
Montenegro,MNE,2024-07-18 12:00:00,2024-07-18 14:00:00,110.09
Montenegro,MNE,2024-07-18 13:00:00,2024-07-18 15:00:00,111.48
Montenegro,MNE,2024-07-18 14:00:00,2024-07-18 16:00:00,149.4
Montenegro,MNE,2024-07-18 15:00:00,2024-07-18 17:00:00,149.27
Montenegro,MNE,2024-07-18 16:00:00,2024-07-18 18:00:00,230.01
Montenegro,MNE,2024-07-18 17:00:00,2024-07-18 19:00:00,269.07
Montenegro,MNE,2024-07-18 18:00:00,2024-07-18 20:00:00,269.59
Montenegro,MNE,2024-07-18 19:00:00,2024-07-18 21:00:00,262.5
Montenegro,MNE,2024-07-18 20:00:00,2024-07-18 22:00:00,230.06
Montenegro,MNE,2024-07-18 21:00:00,2024-07-18 23:00:00,166.45
Montenegro,MNE,2024-07-18 22:00:00,2024-07-19 00:00:00,131.86
Montenegro,MNE,2024-07-18 23:00:00,2024-07-19 01:00:00,113.87
Montenegro,MNE,2024-07-19 00:00:00,2024-07-19 02:00:00,104.92
Montenegro,MNE,2024-07-19 01:00:00,2024-07-19 03:00:00,100.05
Montenegro,MNE,2024-07-19 02:00:00,2024-07-19 04:00:00,104.67
Montenegro,MNE,2024-07-19 03:00:00,2024-07-19 05:00:00,104.67
Montenegro,MNE,2024-07-19 04:00:00,2024-07-19 06:00:00,122.07
Montenegro,MNE,2024-07-19 05:00:00,2024-07-19 07:00:00,117.07
Montenegro,MNE,2024-07-19 06:00:00,2024-07-19 08:00:00,113.15
Montenegro,MNE,2024-07-19 07:00:00,2024-07-19 09:00:00,107.97
Montenegro,MNE,2024-07-19 08:00:00,2024-07-19 10:00:00,119.94
Montenegro,MNE,2024-07-19 09:00:00,2024-07-19 11:00:00,119.94
Montenegro,MNE,2024-07-19 10:00:00,2024-07-19 12:00:00,140.07
Montenegro,MNE,2024-07-19 11:00:00,2024-07-19 13:00:00,140.09
Montenegro,MNE,2024-07-19 12:00:00,2024-07-19 14:00:00,123.05
Montenegro,MNE,2024-07-19 13:00:00,2024-07-19 15:00:00,100.66
Montenegro,MNE,2024-07-19 14:00:00,2024-07-19 16:00:00,131.17
Montenegro,MNE,2024-07-19 15:00:00,2024-07-19 17:00:00,149.83
Montenegro,MNE,2024-07-19 16:00:00,2024-07-19 18:00:00,269.37
Montenegro,MNE,2024-07-19 17:00:00,2024-07-19 19:00:00,325.86
Montenegro,MNE,2024-07-19 18:00:00,2024-07-19 20:00:00,381.59
Montenegro,MNE,2024-07-19 19:00:00,2024-07-19 21:00:00,318.3
Montenegro,MNE,2024-07-19 20:00:00,2024-07-19 22:00:00,190.06
Montenegro,MNE,2024-07-19 21:00:00,2024-07-19 23:00:00,176.07
Montenegro,MNE,2024-07-19 22:00:00,2024-07-20 00:00:00,131.8
Montenegro,MNE,2024-07-19 23:00:00,2024-07-20 01:00:00,113.49
Montenegro,MNE,2024-07-20 00:00:00,2024-07-20 02:00:00,104.17
Montenegro,MNE,2024-07-20 01:00:00,2024-07-20 03:00:00,101.52
Montenegro,MNE,2024-07-20 02:00:00,2024-07-20 04:00:00,100.08
Montenegro,MNE,2024-07-20 03:00:00,2024-07-20 05:00:00,95.67
Montenegro,MNE,2024-07-20 04:00:00,2024-07-20 06:00:00,90.33
Montenegro,MNE,2024-07-20 05:00:00,2024-07-20 07:00:00,90.04
Montenegro,MNE,2024-07-20 06:00:00,2024-07-20 08:00:00,92.07
Montenegro,MNE,2024-07-20 07:00:00,2024-07-20 09:00:00,104.64
Montenegro,MNE,2024-07-20 08:00:00,2024-07-20 10:00:00,100.02
Montenegro,MNE,2024-07-20 09:00:00,2024-07-20 11:00:00,90.02
Montenegro,MNE,2024-07-20 10:00:00,2024-07-20 12:00:00,100.08
Montenegro,MNE,2024-07-20 11:00:00,2024-07-20 13:00:00,104.12
Montenegro,MNE,2024-07-20 12:00:00,2024-07-20 14:00:00,100.06
Montenegro,MNE,2024-07-20 13:00:00,2024-07-20 15:00:00,104.13
Montenegro,MNE,2024-07-20 14:00:00,2024-07-20 16:00:00,111.58
Montenegro,MNE,2024-07-20 15:00:00,2024-07-20 17:00:00,113.54
Montenegro,MNE,2024-07-20 16:00:00,2024-07-20 18:00:00,184.95
Montenegro,MNE,2024-07-20 17:00:00,2024-07-20 19:00:00,199.96
Montenegro,MNE,2024-07-20 18:00:00,2024-07-20 20:00:00,221.65
Montenegro,MNE,2024-07-20 19:00:00,2024-07-20 21:00:00,199.95
Montenegro,MNE,2024-07-20 20:00:00,2024-07-20 22:00:00,176.06
Montenegro,MNE,2024-07-20 21:00:00,2024-07-20 23:00:00,144.14
Montenegro,MNE,2024-07-20 22:00:00,2024-07-21 00:00:00,114.69
Montenegro,MNE,2024-07-20 23:00:00,2024-07-21 01:00:00,111.5
Montenegro,MNE,2024-07-21 00:00:00,2024-07-21 02:00:00,102.02
Montenegro,MNE,2024-07-21 01:00:00,2024-07-21 03:00:00,96.02
Montenegro,MNE,2024-07-21 02:00:00,2024-07-21 04:00:00,91.91
Montenegro,MNE,2024-07-21 03:00:00,2024-07-21 05:00:00,87.91
Montenegro,MNE,2024-07-21 04:00:00,2024-07-21 06:00:00,79.09
Montenegro,MNE,2024-07-21 05:00:00,2024-07-21 07:00:00,67.2
Montenegro,MNE,2024-07-21 06:00:00,2024-07-21 08:00:00,67.04
Montenegro,MNE,2024-07-21 07:00:00,2024-07-21 09:00:00,71.33
Montenegro,MNE,2024-07-21 08:00:00,2024-07-21 10:00:00,75.04
Montenegro,MNE,2024-07-21 09:00:00,2024-07-21 11:00:00,89.42
Montenegro,MNE,2024-07-21 10:00:00,2024-07-21 12:00:00,77.05
Montenegro,MNE,2024-07-21 11:00:00,2024-07-21 13:00:00,77.05
Montenegro,MNE,2024-07-21 12:00:00,2024-07-21 14:00:00,75.03
Montenegro,MNE,2024-07-21 13:00:00,2024-07-21 15:00:00,83.38
Montenegro,MNE,2024-07-21 14:00:00,2024-07-21 16:00:00,107.8
Montenegro,MNE,2024-07-21 15:00:00,2024-07-21 17:00:00,87.9
Montenegro,MNE,2024-07-21 16:00:00,2024-07-21 18:00:00,127.27
Montenegro,MNE,2024-07-21 17:00:00,2024-07-21 19:00:00,198.97
Montenegro,MNE,2024-07-21 18:00:00,2024-07-21 20:00:00,198.95
Montenegro,MNE,2024-07-21 19:00:00,2024-07-21 21:00:00,175.09
Montenegro,MNE,2024-07-21 20:00:00,2024-07-21 22:00:00,141.74
Montenegro,MNE,2024-07-21 21:00:00,2024-07-21 23:00:00,123.9
Montenegro,MNE,2024-07-21 22:00:00,2024-07-22 00:00:00,118.94
Montenegro,MNE,2024-07-21 23:00:00,2024-07-22 01:00:00,117.88
Montenegro,MNE,2024-07-22 00:00:00,2024-07-22 02:00:00,101.04
Montenegro,MNE,2024-07-22 01:00:00,2024-07-22 03:00:00,97.67
Montenegro,MNE,2024-07-22 02:00:00,2024-07-22 04:00:00,97.83
Montenegro,MNE,2024-07-22 03:00:00,2024-07-22 05:00:00,104.28
Montenegro,MNE,2024-07-22 04:00:00,2024-07-22 06:00:00,117.58
Montenegro,MNE,2024-07-22 05:00:00,2024-07-22 07:00:00,120.04
Montenegro,MNE,2024-07-22 06:00:00,2024-07-22 08:00:00,118.45
Montenegro,MNE,2024-07-22 07:00:00,2024-07-22 09:00:00,118.25
Montenegro,MNE,2024-07-22 08:00:00,2024-07-22 10:00:00,111.65
Montenegro,MNE,2024-07-22 09:00:00,2024-07-22 11:00:00,111.48
Montenegro,MNE,2024-07-22 10:00:00,2024-07-22 12:00:00,107.64
Montenegro,MNE,2024-07-22 11:00:00,2024-07-22 13:00:00,106.94
Montenegro,MNE,2024-07-22 12:00:00,2024-07-22 14:00:00,106.92
Montenegro,MNE,2024-07-22 13:00:00,2024-07-22 15:00:00,111.92
Montenegro,MNE,2024-07-22 14:00:00,2024-07-22 16:00:00,112.94
Montenegro,MNE,2024-07-22 15:00:00,2024-07-22 17:00:00,120.09
Montenegro,MNE,2024-07-22 16:00:00,2024-07-22 18:00:00,199.91
Montenegro,MNE,2024-07-22 17:00:00,2024-07-22 19:00:00,189.08
Montenegro,MNE,2024-07-22 18:00:00,2024-07-22 20:00:00,190.06
Montenegro,MNE,2024-07-22 19:00:00,2024-07-22 21:00:00,180.03
Montenegro,MNE,2024-07-22 20:00:00,2024-07-22 22:00:00,133.69
Montenegro,MNE,2024-07-22 21:00:00,2024-07-22 23:00:00,123.49
Montenegro,MNE,2024-07-22 22:00:00,2024-07-23 00:00:00,113.72
Montenegro,MNE,2024-07-22 23:00:00,2024-07-23 01:00:00,97.55
Montenegro,MNE,2024-07-23 00:00:00,2024-07-23 02:00:00,95.92
Montenegro,MNE,2024-07-23 01:00:00,2024-07-23 03:00:00,93.55
Montenegro,MNE,2024-07-23 02:00:00,2024-07-23 04:00:00,93.04
Montenegro,MNE,2024-07-23 03:00:00,2024-07-23 05:00:00,97.08
Montenegro,MNE,2024-07-23 04:00:00,2024-07-23 06:00:00,105.25
Montenegro,MNE,2024-07-23 05:00:00,2024-07-23 07:00:00,122.7
Montenegro,MNE,2024-07-23 06:00:00,2024-07-23 08:00:00,110.92
Montenegro,MNE,2024-07-23 07:00:00,2024-07-23 09:00:00,104.22
Montenegro,MNE,2024-07-23 08:00:00,2024-07-23 10:00:00,95.18
Montenegro,MNE,2024-07-23 09:00:00,2024-07-23 11:00:00,93.84
Montenegro,MNE,2024-07-23 10:00:00,2024-07-23 12:00:00,90.09
Montenegro,MNE,2024-07-23 11:00:00,2024-07-23 13:00:00,90.64
Montenegro,MNE,2024-07-23 12:00:00,2024-07-23 14:00:00,104.89
Montenegro,MNE,2024-07-23 13:00:00,2024-07-23 15:00:00,113.46
Montenegro,MNE,2024-07-23 14:00:00,2024-07-23 16:00:00,140.09
Montenegro,MNE,2024-07-23 15:00:00,2024-07-23 17:00:00,113.72
Montenegro,MNE,2024-07-23 16:00:00,2024-07-23 18:00:00,149.59
Montenegro,MNE,2024-07-23 17:00:00,2024-07-23 19:00:00,221.84
Montenegro,MNE,2024-07-23 18:00:00,2024-07-23 20:00:00,221.77
Montenegro,MNE,2024-07-23 19:00:00,2024-07-23 21:00:00,183.56
Montenegro,MNE,2024-07-23 20:00:00,2024-07-23 22:00:00,122.43
Montenegro,MNE,2024-07-23 21:00:00,2024-07-23 23:00:00,113.23
Montenegro,MNE,2024-07-23 22:00:00,2024-07-24 00:00:00,113.77
Montenegro,MNE,2024-07-23 23:00:00,2024-07-24 01:00:00,104.92
Montenegro,MNE,2024-07-24 00:00:00,2024-07-24 02:00:00,102.21
Montenegro,MNE,2024-07-24 01:00:00,2024-07-24 03:00:00,95.73
Montenegro,MNE,2024-07-24 02:00:00,2024-07-24 04:00:00,98.21
Montenegro,MNE,2024-07-24 03:00:00,2024-07-24 05:00:00,104.06
Montenegro,MNE,2024-07-24 04:00:00,2024-07-24 06:00:00,113.04
Montenegro,MNE,2024-07-24 05:00:00,2024-07-24 07:00:00,121.91
Montenegro,MNE,2024-07-24 06:00:00,2024-07-24 08:00:00,113.21
Montenegro,MNE,2024-07-24 07:00:00,2024-07-24 09:00:00,110.05
Montenegro,MNE,2024-07-24 08:00:00,2024-07-24 10:00:00,105.67
Montenegro,MNE,2024-07-24 09:00:00,2024-07-24 11:00:00,104.04
Montenegro,MNE,2024-07-24 10:00:00,2024-07-24 12:00:00,104.05
Montenegro,MNE,2024-07-24 11:00:00,2024-07-24 13:00:00,104.62
Montenegro,MNE,2024-07-24 12:00:00,2024-07-24 14:00:00,109.92
Montenegro,MNE,2024-07-24 13:00:00,2024-07-24 15:00:00,114.72
Montenegro,MNE,2024-07-24 14:00:00,2024-07-24 16:00:00,119.29
Montenegro,MNE,2024-07-24 15:00:00,2024-07-24 17:00:00,116.33
Montenegro,MNE,2024-07-24 16:00:00,2024-07-24 18:00:00,134.87
Montenegro,MNE,2024-07-24 17:00:00,2024-07-24 19:00:00,187.37
Montenegro,MNE,2024-07-24 18:00:00,2024-07-24 20:00:00,211.0
Montenegro,MNE,2024-07-24 19:00:00,2024-07-24 21:00:00,185.59
Montenegro,MNE,2024-07-24 20:00:00,2024-07-24 22:00:00,128.97
Montenegro,MNE,2024-07-24 21:00:00,2024-07-24 23:00:00,114.84
Montenegro,MNE,2024-07-24 22:00:00,2024-07-25 00:00:00,104.88
Montenegro,MNE,2024-07-24 23:00:00,2024-07-25 01:00:00,97.9
Montenegro,MNE,2024-07-25 00:00:00,2024-07-25 02:00:00,97.52
Montenegro,MNE,2024-07-25 01:00:00,2024-07-25 03:00:00,96.93
Montenegro,MNE,2024-07-25 02:00:00,2024-07-25 04:00:00,96.7
Montenegro,MNE,2024-07-25 03:00:00,2024-07-25 05:00:00,97.52
Montenegro,MNE,2024-07-25 04:00:00,2024-07-25 06:00:00,109.15
Montenegro,MNE,2024-07-25 05:00:00,2024-07-25 07:00:00,109.03
Montenegro,MNE,2024-07-25 06:00:00,2024-07-25 08:00:00,109.25
Montenegro,MNE,2024-07-25 07:00:00,2024-07-25 09:00:00,104.04
Montenegro,MNE,2024-07-25 08:00:00,2024-07-25 10:00:00,104.04
Montenegro,MNE,2024-07-25 09:00:00,2024-07-25 11:00:00,104.03
Montenegro,MNE,2024-07-25 10:00:00,2024-07-25 12:00:00,104.09
Montenegro,MNE,2024-07-25 11:00:00,2024-07-25 13:00:00,104.08
Montenegro,MNE,2024-07-25 12:00:00,2024-07-25 14:00:00,104.03
Montenegro,MNE,2024-07-25 13:00:00,2024-07-25 15:00:00,104.04
Montenegro,MNE,2024-07-25 14:00:00,2024-07-25 16:00:00,104.05
Montenegro,MNE,2024-07-25 15:00:00,2024-07-25 17:00:00,113.67
Montenegro,MNE,2024-07-25 16:00:00,2024-07-25 18:00:00,128.75
Montenegro,MNE,2024-07-25 17:00:00,2024-07-25 19:00:00,163.94
Montenegro,MNE,2024-07-25 18:00:00,2024-07-25 20:00:00,170.0
Montenegro,MNE,2024-07-25 19:00:00,2024-07-25 21:00:00,170.24
Montenegro,MNE,2024-07-25 20:00:00,2024-07-25 22:00:00,122.94
Montenegro,MNE,2024-07-25 21:00:00,2024-07-25 23:00:00,111.85
Montenegro,MNE,2024-07-25 22:00:00,2024-07-26 00:00:00,104.45
Montenegro,MNE,2024-07-25 23:00:00,2024-07-26 01:00:00,104.06
Montenegro,MNE,2024-07-26 00:00:00,2024-07-26 02:00:00,96.1
Montenegro,MNE,2024-07-26 01:00:00,2024-07-26 03:00:00,90.41
Montenegro,MNE,2024-07-26 02:00:00,2024-07-26 04:00:00,90.44
Montenegro,MNE,2024-07-26 03:00:00,2024-07-26 05:00:00,96.05
Montenegro,MNE,2024-07-26 04:00:00,2024-07-26 06:00:00,109.11
Montenegro,MNE,2024-07-26 05:00:00,2024-07-26 07:00:00,111.06
Montenegro,MNE,2024-07-26 06:00:00,2024-07-26 08:00:00,109.6
Montenegro,MNE,2024-07-26 07:00:00,2024-07-26 09:00:00,102.02
Montenegro,MNE,2024-07-26 08:00:00,2024-07-26 10:00:00,103.02
Montenegro,MNE,2024-07-26 09:00:00,2024-07-26 11:00:00,103.02
Montenegro,MNE,2024-07-26 10:00:00,2024-07-26 12:00:00,100.05
Montenegro,MNE,2024-07-26 11:00:00,2024-07-26 13:00:00,100.05
Montenegro,MNE,2024-07-26 12:00:00,2024-07-26 14:00:00,100.05
Montenegro,MNE,2024-07-26 13:00:00,2024-07-26 15:00:00,100.05
Montenegro,MNE,2024-07-26 14:00:00,2024-07-26 16:00:00,103.09
Montenegro,MNE,2024-07-26 15:00:00,2024-07-26 17:00:00,105.92
Montenegro,MNE,2024-07-26 16:00:00,2024-07-26 18:00:00,139.18
Montenegro,MNE,2024-07-26 17:00:00,2024-07-26 19:00:00,175.32
Montenegro,MNE,2024-07-26 18:00:00,2024-07-26 20:00:00,193.39
Montenegro,MNE,2024-07-26 19:00:00,2024-07-26 21:00:00,169.05
Montenegro,MNE,2024-07-26 20:00:00,2024-07-26 22:00:00,125.15
Montenegro,MNE,2024-07-26 21:00:00,2024-07-26 23:00:00,111.26
Montenegro,MNE,2024-07-26 22:00:00,2024-07-27 00:00:00,118.19
Montenegro,MNE,2024-07-26 23:00:00,2024-07-27 01:00:00,111.03
Montenegro,MNE,2024-07-27 00:00:00,2024-07-27 02:00:00,104.06
Montenegro,MNE,2024-07-27 01:00:00,2024-07-27 03:00:00,104.04
Montenegro,MNE,2024-07-27 02:00:00,2024-07-27 04:00:00,104.04
Montenegro,MNE,2024-07-27 03:00:00,2024-07-27 05:00:00,104.04
Montenegro,MNE,2024-07-27 04:00:00,2024-07-27 06:00:00,104.03
Montenegro,MNE,2024-07-27 05:00:00,2024-07-27 07:00:00,104.1
Montenegro,MNE,2024-07-27 06:00:00,2024-07-27 08:00:00,97.5
Montenegro,MNE,2024-07-27 07:00:00,2024-07-27 09:00:00,98.54
Montenegro,MNE,2024-07-27 08:00:00,2024-07-27 10:00:00,100.02
Montenegro,MNE,2024-07-27 09:00:00,2024-07-27 11:00:00,100.02
Montenegro,MNE,2024-07-27 10:00:00,2024-07-27 12:00:00,100.09
Montenegro,MNE,2024-07-27 11:00:00,2024-07-27 13:00:00,100.08
Montenegro,MNE,2024-07-27 12:00:00,2024-07-27 14:00:00,100.08
Montenegro,MNE,2024-07-27 13:00:00,2024-07-27 15:00:00,100.07
Montenegro,MNE,2024-07-27 14:00:00,2024-07-27 16:00:00,97.79
Montenegro,MNE,2024-07-27 15:00:00,2024-07-27 17:00:00,97.35
Montenegro,MNE,2024-07-27 16:00:00,2024-07-27 18:00:00,118.02
Montenegro,MNE,2024-07-27 17:00:00,2024-07-27 19:00:00,159.93
Montenegro,MNE,2024-07-27 18:00:00,2024-07-27 20:00:00,166.95
Montenegro,MNE,2024-07-27 19:00:00,2024-07-27 21:00:00,153.68
Montenegro,MNE,2024-07-27 20:00:00,2024-07-27 22:00:00,115.05
Montenegro,MNE,2024-07-27 21:00:00,2024-07-27 23:00:00,104.34
Montenegro,MNE,2024-07-27 22:00:00,2024-07-28 00:00:00,105.07
Montenegro,MNE,2024-07-27 23:00:00,2024-07-28 01:00:00,102.0
Montenegro,MNE,2024-07-28 00:00:00,2024-07-28 02:00:00,96.03
Montenegro,MNE,2024-07-28 01:00:00,2024-07-28 03:00:00,83.66
Montenegro,MNE,2024-07-28 02:00:00,2024-07-28 04:00:00,90.03
Montenegro,MNE,2024-07-28 03:00:00,2024-07-28 05:00:00,73.7
Montenegro,MNE,2024-07-28 04:00:00,2024-07-28 06:00:00,62.75
Montenegro,MNE,2024-07-28 05:00:00,2024-07-28 07:00:00,55.22
Montenegro,MNE,2024-07-28 06:00:00,2024-07-28 08:00:00,43.09
Montenegro,MNE,2024-07-28 07:00:00,2024-07-28 09:00:00,90.01
Montenegro,MNE,2024-07-28 08:00:00,2024-07-28 10:00:00,77.08
Montenegro,MNE,2024-07-28 09:00:00,2024-07-28 11:00:00,81.18
Montenegro,MNE,2024-07-28 10:00:00,2024-07-28 12:00:00,76.63
Montenegro,MNE,2024-07-28 11:00:00,2024-07-28 13:00:00,83.32
Montenegro,MNE,2024-07-28 12:00:00,2024-07-28 14:00:00,83.57
Montenegro,MNE,2024-07-28 13:00:00,2024-07-28 15:00:00,83.7
Montenegro,MNE,2024-07-28 14:00:00,2024-07-28 16:00:00,91.09
Montenegro,MNE,2024-07-28 15:00:00,2024-07-28 17:00:00,90.73
Montenegro,MNE,2024-07-28 16:00:00,2024-07-28 18:00:00,97.64
Montenegro,MNE,2024-07-28 17:00:00,2024-07-28 19:00:00,130.05
Montenegro,MNE,2024-07-28 18:00:00,2024-07-28 20:00:00,147.0
Montenegro,MNE,2024-07-28 19:00:00,2024-07-28 21:00:00,139.72
Montenegro,MNE,2024-07-28 20:00:00,2024-07-28 22:00:00,111.6
Montenegro,MNE,2024-07-28 21:00:00,2024-07-28 23:00:00,97.42
Montenegro,MNE,2024-07-28 22:00:00,2024-07-29 00:00:00,100.05
Montenegro,MNE,2024-07-28 23:00:00,2024-07-29 01:00:00,91.81
Montenegro,MNE,2024-07-29 00:00:00,2024-07-29 02:00:00,80.87
Montenegro,MNE,2024-07-29 01:00:00,2024-07-29 03:00:00,80.08
Montenegro,MNE,2024-07-29 02:00:00,2024-07-29 04:00:00,75.03
Montenegro,MNE,2024-07-29 03:00:00,2024-07-29 05:00:00,83.02
Montenegro,MNE,2024-07-29 04:00:00,2024-07-29 06:00:00,107.32
Montenegro,MNE,2024-07-29 05:00:00,2024-07-29 07:00:00,121.66
Montenegro,MNE,2024-07-29 06:00:00,2024-07-29 08:00:00,103.93
Montenegro,MNE,2024-07-29 07:00:00,2024-07-29 09:00:00,104.94
Montenegro,MNE,2024-07-29 08:00:00,2024-07-29 10:00:00,100.08
Montenegro,MNE,2024-07-29 09:00:00,2024-07-29 11:00:00,100.08
Montenegro,MNE,2024-07-29 10:00:00,2024-07-29 12:00:00,100.09
Montenegro,MNE,2024-07-29 11:00:00,2024-07-29 13:00:00,100.09
Montenegro,MNE,2024-07-29 12:00:00,2024-07-29 14:00:00,103.03
Montenegro,MNE,2024-07-29 13:00:00,2024-07-29 15:00:00,108.03
Montenegro,MNE,2024-07-29 14:00:00,2024-07-29 16:00:00,110.6
Montenegro,MNE,2024-07-29 15:00:00,2024-07-29 17:00:00,100.33
Montenegro,MNE,2024-07-29 16:00:00,2024-07-29 18:00:00,131.83
Montenegro,MNE,2024-07-29 17:00:00,2024-07-29 19:00:00,149.99
Montenegro,MNE,2024-07-29 18:00:00,2024-07-29 20:00:00,175.08
Montenegro,MNE,2024-07-29 19:00:00,2024-07-29 21:00:00,159.13
Montenegro,MNE,2024-07-29 20:00:00,2024-07-29 22:00:00,117.05
Montenegro,MNE,2024-07-29 21:00:00,2024-07-29 23:00:00,103.71
Montenegro,MNE,2024-07-29 22:00:00,2024-07-30 00:00:00,107.03
Montenegro,MNE,2024-07-29 23:00:00,2024-07-30 01:00:00,95.21
Montenegro,MNE,2024-07-30 00:00:00,2024-07-30 02:00:00,94.51
Montenegro,MNE,2024-07-30 01:00:00,2024-07-30 03:00:00,87.72
Montenegro,MNE,2024-07-30 02:00:00,2024-07-30 04:00:00,87.44
Montenegro,MNE,2024-07-30 03:00:00,2024-07-30 05:00:00,91.45
Montenegro,MNE,2024-07-30 04:00:00,2024-07-30 06:00:00,119.49
Montenegro,MNE,2024-07-30 05:00:00,2024-07-30 07:00:00,114.06
Montenegro,MNE,2024-07-30 06:00:00,2024-07-30 08:00:00,107.72
Montenegro,MNE,2024-07-30 07:00:00,2024-07-30 09:00:00,100.07
Montenegro,MNE,2024-07-30 08:00:00,2024-07-30 10:00:00,100.09
Montenegro,MNE,2024-07-30 09:00:00,2024-07-30 11:00:00,103.5
Montenegro,MNE,2024-07-30 10:00:00,2024-07-30 12:00:00,100.08
Montenegro,MNE,2024-07-30 11:00:00,2024-07-30 13:00:00,101.0
Montenegro,MNE,2024-07-30 12:00:00,2024-07-30 14:00:00,103.75
Montenegro,MNE,2024-07-30 13:00:00,2024-07-30 15:00:00,103.93
Montenegro,MNE,2024-07-30 14:00:00,2024-07-30 16:00:00,101.77
Montenegro,MNE,2024-07-30 15:00:00,2024-07-30 17:00:00,100.09
Montenegro,MNE,2024-07-30 16:00:00,2024-07-30 18:00:00,130.59
Montenegro,MNE,2024-07-30 17:00:00,2024-07-30 19:00:00,171.45
Montenegro,MNE,2024-07-30 18:00:00,2024-07-30 20:00:00,175.81
Montenegro,MNE,2024-07-30 19:00:00,2024-07-30 21:00:00,155.42
Montenegro,MNE,2024-07-30 20:00:00,2024-07-30 22:00:00,123.69
Montenegro,MNE,2024-07-30 21:00:00,2024-07-30 23:00:00,105.85
Montenegro,MNE,2024-07-30 22:00:00,2024-07-31 00:00:00,95.72
Montenegro,MNE,2024-07-30 23:00:00,2024-07-31 01:00:00,83.03
Montenegro,MNE,2024-07-31 00:00:00,2024-07-31 02:00:00,83.25
Montenegro,MNE,2024-07-31 01:00:00,2024-07-31 03:00:00,79.26
Montenegro,MNE,2024-07-31 02:00:00,2024-07-31 04:00:00,83.69
Montenegro,MNE,2024-07-31 03:00:00,2024-07-31 05:00:00,91.42
Montenegro,MNE,2024-07-31 04:00:00,2024-07-31 06:00:00,102.58
Montenegro,MNE,2024-07-31 05:00:00,2024-07-31 07:00:00,107.95
Montenegro,MNE,2024-07-31 06:00:00,2024-07-31 08:00:00,100.08
Montenegro,MNE,2024-07-31 07:00:00,2024-07-31 09:00:00,100.04
Montenegro,MNE,2024-07-31 08:00:00,2024-07-31 10:00:00,100.08
Montenegro,MNE,2024-07-31 09:00:00,2024-07-31 11:00:00,100.06
Montenegro,MNE,2024-07-31 10:00:00,2024-07-31 12:00:00,104.25
Montenegro,MNE,2024-07-31 11:00:00,2024-07-31 13:00:00,103.1
Montenegro,MNE,2024-07-31 12:00:00,2024-07-31 14:00:00,105.06
Montenegro,MNE,2024-07-31 13:00:00,2024-07-31 15:00:00,105.03
Montenegro,MNE,2024-07-31 14:00:00,2024-07-31 16:00:00,101.6
Montenegro,MNE,2024-07-31 15:00:00,2024-07-31 17:00:00,110.57
Montenegro,MNE,2024-07-31 16:00:00,2024-07-31 18:00:00,134.55
Montenegro,MNE,2024-07-31 17:00:00,2024-07-31 19:00:00,166.08
Montenegro,MNE,2024-07-31 18:00:00,2024-07-31 20:00:00,175.67
Montenegro,MNE,2024-07-31 19:00:00,2024-07-31 21:00:00,155.87
Montenegro,MNE,2024-07-31 20:00:00,2024-07-31 22:00:00,115.05
Montenegro,MNE,2024-07-31 21:00:00,2024-07-31 23:00:00,107.27
Montenegro,MNE,2024-07-31 22:00:00,2024-08-01 00:00:00,104.29
Montenegro,MNE,2024-07-31 23:00:00,2024-08-01 01:00:00,100.94
Montenegro,MNE,2024-08-01 00:00:00,2024-08-01 02:00:00,97.54
Montenegro,MNE,2024-08-01 01:00:00,2024-08-01 03:00:00,97.35
Montenegro,MNE,2024-08-01 02:00:00,2024-08-01 04:00:00,97.42
Montenegro,MNE,2024-08-01 03:00:00,2024-08-01 05:00:00,104.59
Montenegro,MNE,2024-08-01 04:00:00,2024-08-01 06:00:00,122.0
Montenegro,MNE,2024-08-01 05:00:00,2024-08-01 07:00:00,125.1
Montenegro,MNE,2024-08-01 06:00:00,2024-08-01 08:00:00,109.07
Montenegro,MNE,2024-08-01 07:00:00,2024-08-01 09:00:00,111.5
Montenegro,MNE,2024-08-01 08:00:00,2024-08-01 10:00:00,110.08
Montenegro,MNE,2024-08-01 09:00:00,2024-08-01 11:00:00,104.94
Montenegro,MNE,2024-08-01 10:00:00,2024-08-01 12:00:00,110.02
Montenegro,MNE,2024-08-01 11:00:00,2024-08-01 13:00:00,110.07
Montenegro,MNE,2024-08-01 12:00:00,2024-08-01 14:00:00,110.1
Montenegro,MNE,2024-08-01 13:00:00,2024-08-01 15:00:00,111.7
Montenegro,MNE,2024-08-01 14:00:00,2024-08-01 16:00:00,125.15
Montenegro,MNE,2024-08-01 15:00:00,2024-08-01 17:00:00,132.05
Montenegro,MNE,2024-08-01 16:00:00,2024-08-01 18:00:00,174.31
Montenegro,MNE,2024-08-01 17:00:00,2024-08-01 19:00:00,243.11
Montenegro,MNE,2024-08-01 18:00:00,2024-08-01 20:00:00,248.77
Montenegro,MNE,2024-08-01 19:00:00,2024-08-01 21:00:00,198.29
Montenegro,MNE,2024-08-01 20:00:00,2024-08-01 22:00:00,139.19
Montenegro,MNE,2024-08-01 21:00:00,2024-08-01 23:00:00,118.38
Montenegro,MNE,2024-08-01 22:00:00,2024-08-02 00:00:00,115.45
Montenegro,MNE,2024-08-01 23:00:00,2024-08-02 01:00:00,104.85
Montenegro,MNE,2024-08-02 00:00:00,2024-08-02 02:00:00,97.85
Montenegro,MNE,2024-08-02 01:00:00,2024-08-02 03:00:00,97.25
Montenegro,MNE,2024-08-02 02:00:00,2024-08-02 04:00:00,97.55
Montenegro,MNE,2024-08-02 03:00:00,2024-08-02 05:00:00,104.56
Montenegro,MNE,2024-08-02 04:00:00,2024-08-02 06:00:00,118.19
Montenegro,MNE,2024-08-02 05:00:00,2024-08-02 07:00:00,118.38
Montenegro,MNE,2024-08-02 06:00:00,2024-08-02 08:00:00,111.89
Montenegro,MNE,2024-08-02 07:00:00,2024-08-02 09:00:00,111.7
Montenegro,MNE,2024-08-02 08:00:00,2024-08-02 10:00:00,104.87
Montenegro,MNE,2024-08-02 09:00:00,2024-08-02 11:00:00,105.54
Montenegro,MNE,2024-08-02 10:00:00,2024-08-02 12:00:00,104.44
Montenegro,MNE,2024-08-02 11:00:00,2024-08-02 13:00:00,104.87
Montenegro,MNE,2024-08-02 12:00:00,2024-08-02 14:00:00,105.15
Montenegro,MNE,2024-08-02 13:00:00,2024-08-02 15:00:00,110.79
Montenegro,MNE,2024-08-02 14:00:00,2024-08-02 16:00:00,110.24
Montenegro,MNE,2024-08-02 15:00:00,2024-08-02 17:00:00,111.92
Montenegro,MNE,2024-08-02 16:00:00,2024-08-02 18:00:00,160.33
Montenegro,MNE,2024-08-02 17:00:00,2024-08-02 19:00:00,234.05
Montenegro,MNE,2024-08-02 18:00:00,2024-08-02 20:00:00,258.71
Montenegro,MNE,2024-08-02 19:00:00,2024-08-02 21:00:00,190.95
Montenegro,MNE,2024-08-02 20:00:00,2024-08-02 22:00:00,121.3
Montenegro,MNE,2024-08-02 21:00:00,2024-08-02 23:00:00,115.05
Montenegro,MNE,2024-08-02 22:00:00,2024-08-03 00:00:00,117.47
Montenegro,MNE,2024-08-02 23:00:00,2024-08-03 01:00:00,97.98
Montenegro,MNE,2024-08-03 00:00:00,2024-08-03 02:00:00,97.77
Montenegro,MNE,2024-08-03 01:00:00,2024-08-03 03:00:00,97.17
Montenegro,MNE,2024-08-03 02:00:00,2024-08-03 04:00:00,97.09
Montenegro,MNE,2024-08-03 03:00:00,2024-08-03 05:00:00,90.12
Montenegro,MNE,2024-08-03 04:00:00,2024-08-03 06:00:00,90.09
Montenegro,MNE,2024-08-03 05:00:00,2024-08-03 07:00:00,104.07
Montenegro,MNE,2024-08-03 06:00:00,2024-08-03 08:00:00,125.43
Montenegro,MNE,2024-08-03 07:00:00,2024-08-03 09:00:00,119.55
Montenegro,MNE,2024-08-03 08:00:00,2024-08-03 10:00:00,111.98
Montenegro,MNE,2024-08-03 09:00:00,2024-08-03 11:00:00,105.09
Montenegro,MNE,2024-08-03 10:00:00,2024-08-03 12:00:00,105.04
Montenegro,MNE,2024-08-03 11:00:00,2024-08-03 13:00:00,105.05
Montenegro,MNE,2024-08-03 12:00:00,2024-08-03 14:00:00,105.07
Montenegro,MNE,2024-08-03 13:00:00,2024-08-03 15:00:00,105.02
Montenegro,MNE,2024-08-03 14:00:00,2024-08-03 16:00:00,115.03
Montenegro,MNE,2024-08-03 15:00:00,2024-08-03 17:00:00,118.77
Montenegro,MNE,2024-08-03 16:00:00,2024-08-03 18:00:00,128.47
Montenegro,MNE,2024-08-03 17:00:00,2024-08-03 19:00:00,152.05
Montenegro,MNE,2024-08-03 18:00:00,2024-08-03 20:00:00,167.75
Montenegro,MNE,2024-08-03 19:00:00,2024-08-03 21:00:00,149.95
Montenegro,MNE,2024-08-03 20:00:00,2024-08-03 22:00:00,132.53
Montenegro,MNE,2024-08-03 21:00:00,2024-08-03 23:00:00,117.32
Montenegro,MNE,2024-08-03 22:00:00,2024-08-04 00:00:00,118.7
Montenegro,MNE,2024-08-03 23:00:00,2024-08-04 01:00:00,104.5
Montenegro,MNE,2024-08-04 00:00:00,2024-08-04 02:00:00,83.45
Montenegro,MNE,2024-08-04 01:00:00,2024-08-04 03:00:00,77.15
Montenegro,MNE,2024-08-04 02:00:00,2024-08-04 04:00:00,76.72
Montenegro,MNE,2024-08-04 03:00:00,2024-08-04 05:00:00,76.38
Montenegro,MNE,2024-08-04 04:00:00,2024-08-04 06:00:00,76.25
Montenegro,MNE,2024-08-04 05:00:00,2024-08-04 07:00:00,76.54
Montenegro,MNE,2024-08-04 06:00:00,2024-08-04 08:00:00,48.61
Montenegro,MNE,2024-08-04 07:00:00,2024-08-04 09:00:00,50.06
Montenegro,MNE,2024-08-04 08:00:00,2024-08-04 10:00:00,20.6
Montenegro,MNE,2024-08-04 09:00:00,2024-08-04 11:00:00,27.21
Montenegro,MNE,2024-08-04 10:00:00,2024-08-04 12:00:00,54.09
Montenegro,MNE,2024-08-04 11:00:00,2024-08-04 13:00:00,90.83
Montenegro,MNE,2024-08-04 12:00:00,2024-08-04 14:00:00,97.8
Montenegro,MNE,2024-08-04 13:00:00,2024-08-04 15:00:00,99.78
Montenegro,MNE,2024-08-04 14:00:00,2024-08-04 16:00:00,111.17
Montenegro,MNE,2024-08-04 15:00:00,2024-08-04 17:00:00,114.55
Montenegro,MNE,2024-08-04 16:00:00,2024-08-04 18:00:00,125.75
Montenegro,MNE,2024-08-04 17:00:00,2024-08-04 19:00:00,153.56
Montenegro,MNE,2024-08-04 18:00:00,2024-08-04 20:00:00,181.97
Montenegro,MNE,2024-08-04 19:00:00,2024-08-04 21:00:00,174.89
Montenegro,MNE,2024-08-04 20:00:00,2024-08-04 22:00:00,139.43
Montenegro,MNE,2024-08-04 21:00:00,2024-08-04 23:00:00,118.81
Montenegro,MNE,2024-08-04 22:00:00,2024-08-05 00:00:00,104.55
Montenegro,MNE,2024-08-04 23:00:00,2024-08-05 01:00:00,111.59
Montenegro,MNE,2024-08-05 00:00:00,2024-08-05 02:00:00,104.59
Montenegro,MNE,2024-08-05 01:00:00,2024-08-05 03:00:00,104.21
Montenegro,MNE,2024-08-05 02:00:00,2024-08-05 04:00:00,95.08
Montenegro,MNE,2024-08-05 03:00:00,2024-08-05 05:00:00,104.73
Montenegro,MNE,2024-08-05 04:00:00,2024-08-05 06:00:00,115.05
Montenegro,MNE,2024-08-05 05:00:00,2024-08-05 07:00:00,118.93
Montenegro,MNE,2024-08-05 06:00:00,2024-08-05 08:00:00,113.39
Montenegro,MNE,2024-08-05 07:00:00,2024-08-05 09:00:00,111.25
Montenegro,MNE,2024-08-05 08:00:00,2024-08-05 10:00:00,100.1
Montenegro,MNE,2024-08-05 09:00:00,2024-08-05 11:00:00,100.09
Montenegro,MNE,2024-08-05 10:00:00,2024-08-05 12:00:00,100.09
Montenegro,MNE,2024-08-05 11:00:00,2024-08-05 13:00:00,100.09
Montenegro,MNE,2024-08-05 12:00:00,2024-08-05 14:00:00,100.58
Montenegro,MNE,2024-08-05 13:00:00,2024-08-05 15:00:00,111.73
Montenegro,MNE,2024-08-05 14:00:00,2024-08-05 16:00:00,118.19
Montenegro,MNE,2024-08-05 15:00:00,2024-08-05 17:00:00,121.04
Montenegro,MNE,2024-08-05 16:00:00,2024-08-05 18:00:00,160.55
Montenegro,MNE,2024-08-05 17:00:00,2024-08-05 19:00:00,190.56
Montenegro,MNE,2024-08-05 18:00:00,2024-08-05 20:00:00,230.07
Montenegro,MNE,2024-08-05 19:00:00,2024-08-05 21:00:00,188.39
Montenegro,MNE,2024-08-05 20:00:00,2024-08-05 22:00:00,132.48
Montenegro,MNE,2024-08-05 21:00:00,2024-08-05 23:00:00,115.03
Montenegro,MNE,2024-08-05 22:00:00,2024-08-06 00:00:00,125.04
Montenegro,MNE,2024-08-05 23:00:00,2024-08-06 01:00:00,118.95
Montenegro,MNE,2024-08-06 00:00:00,2024-08-06 02:00:00,117.07
Montenegro,MNE,2024-08-06 01:00:00,2024-08-06 03:00:00,110.04
Montenegro,MNE,2024-08-06 02:00:00,2024-08-06 04:00:00,108.05
Montenegro,MNE,2024-08-06 03:00:00,2024-08-06 05:00:00,118.57
Montenegro,MNE,2024-08-06 04:00:00,2024-08-06 06:00:00,123.95
Montenegro,MNE,2024-08-06 05:00:00,2024-08-06 07:00:00,132.22
Montenegro,MNE,2024-08-06 06:00:00,2024-08-06 08:00:00,118.97
Montenegro,MNE,2024-08-06 07:00:00,2024-08-06 09:00:00,112.52
Montenegro,MNE,2024-08-06 08:00:00,2024-08-06 10:00:00,85.06
Montenegro,MNE,2024-08-06 09:00:00,2024-08-06 11:00:00,96.5
Montenegro,MNE,2024-08-06 10:00:00,2024-08-06 12:00:00,85.08
Montenegro,MNE,2024-08-06 11:00:00,2024-08-06 13:00:00,102.93
Montenegro,MNE,2024-08-06 12:00:00,2024-08-06 14:00:00,107.22
Montenegro,MNE,2024-08-06 13:00:00,2024-08-06 15:00:00,115.06
Montenegro,MNE,2024-08-06 14:00:00,2024-08-06 16:00:00,144.93
Montenegro,MNE,2024-08-06 15:00:00,2024-08-06 17:00:00,156.77
Montenegro,MNE,2024-08-06 16:00:00,2024-08-06 18:00:00,194.98
Montenegro,MNE,2024-08-06 17:00:00,2024-08-06 19:00:00,242.24
Montenegro,MNE,2024-08-06 18:00:00,2024-08-06 20:00:00,249.91
Montenegro,MNE,2024-08-06 19:00:00,2024-08-06 21:00:00,224.02
Montenegro,MNE,2024-08-06 20:00:00,2024-08-06 22:00:00,166.15
Montenegro,MNE,2024-08-06 21:00:00,2024-08-06 23:00:00,144.95
Montenegro,MNE,2024-08-06 22:00:00,2024-08-07 00:00:00,123.47
Montenegro,MNE,2024-08-06 23:00:00,2024-08-07 01:00:00,115.95
Montenegro,MNE,2024-08-07 00:00:00,2024-08-07 02:00:00,92.09
Montenegro,MNE,2024-08-07 01:00:00,2024-08-07 03:00:00,87.05
Montenegro,MNE,2024-08-07 02:00:00,2024-08-07 04:00:00,87.01
Montenegro,MNE,2024-08-07 03:00:00,2024-08-07 05:00:00,97.87
Montenegro,MNE,2024-08-07 04:00:00,2024-08-07 06:00:00,115.09
Montenegro,MNE,2024-08-07 05:00:00,2024-08-07 07:00:00,125.06
Montenegro,MNE,2024-08-07 06:00:00,2024-08-07 08:00:00,104.13
Montenegro,MNE,2024-08-07 07:00:00,2024-08-07 09:00:00,97.06
Montenegro,MNE,2024-08-07 08:00:00,2024-08-07 10:00:00,103.03
Montenegro,MNE,2024-08-07 09:00:00,2024-08-07 11:00:00,103.08
Montenegro,MNE,2024-08-07 10:00:00,2024-08-07 12:00:00,103.07
Montenegro,MNE,2024-08-07 11:00:00,2024-08-07 13:00:00,115.24
Montenegro,MNE,2024-08-07 12:00:00,2024-08-07 14:00:00,118.94
Montenegro,MNE,2024-08-07 13:00:00,2024-08-07 15:00:00,124.66
Montenegro,MNE,2024-08-07 14:00:00,2024-08-07 16:00:00,126.95
Montenegro,MNE,2024-08-07 15:00:00,2024-08-07 17:00:00,118.32
Montenegro,MNE,2024-08-07 16:00:00,2024-08-07 18:00:00,189.9
Montenegro,MNE,2024-08-07 17:00:00,2024-08-07 19:00:00,233.35
Montenegro,MNE,2024-08-07 18:00:00,2024-08-07 20:00:00,265.05
Montenegro,MNE,2024-08-07 19:00:00,2024-08-07 21:00:00,208.58
Montenegro,MNE,2024-08-07 20:00:00,2024-08-07 22:00:00,159.58
Montenegro,MNE,2024-08-07 21:00:00,2024-08-07 23:00:00,111.87
Montenegro,MNE,2024-08-07 22:00:00,2024-08-08 00:00:00,115.05
Montenegro,MNE,2024-08-07 23:00:00,2024-08-08 01:00:00,107.71
Montenegro,MNE,2024-08-08 00:00:00,2024-08-08 02:00:00,114.76
Montenegro,MNE,2024-08-08 01:00:00,2024-08-08 03:00:00,103.73
Montenegro,MNE,2024-08-08 02:00:00,2024-08-08 04:00:00,103.41
Montenegro,MNE,2024-08-08 03:00:00,2024-08-08 05:00:00,110.05
Montenegro,MNE,2024-08-08 04:00:00,2024-08-08 06:00:00,131.58
Montenegro,MNE,2024-08-08 05:00:00,2024-08-08 07:00:00,125.09
Montenegro,MNE,2024-08-08 06:00:00,2024-08-08 08:00:00,116.47
Montenegro,MNE,2024-08-08 07:00:00,2024-08-08 09:00:00,107.4
Montenegro,MNE,2024-08-08 08:00:00,2024-08-08 10:00:00,82.07
Montenegro,MNE,2024-08-08 09:00:00,2024-08-08 11:00:00,76.63
Montenegro,MNE,2024-08-08 10:00:00,2024-08-08 12:00:00,99.92
Montenegro,MNE,2024-08-08 11:00:00,2024-08-08 13:00:00,105.0
Montenegro,MNE,2024-08-08 12:00:00,2024-08-08 14:00:00,108.05
Montenegro,MNE,2024-08-08 13:00:00,2024-08-08 15:00:00,108.05
Montenegro,MNE,2024-08-08 14:00:00,2024-08-08 16:00:00,159.05
Montenegro,MNE,2024-08-08 15:00:00,2024-08-08 17:00:00,126.59
Montenegro,MNE,2024-08-08 16:00:00,2024-08-08 18:00:00,199.09
Montenegro,MNE,2024-08-08 17:00:00,2024-08-08 19:00:00,271.15
Montenegro,MNE,2024-08-08 18:00:00,2024-08-08 20:00:00,267.4
Montenegro,MNE,2024-08-08 19:00:00,2024-08-08 21:00:00,209.05
Montenegro,MNE,2024-08-08 20:00:00,2024-08-08 22:00:00,158.03
Montenegro,MNE,2024-08-08 21:00:00,2024-08-08 23:00:00,120.07
Montenegro,MNE,2024-08-08 22:00:00,2024-08-09 00:00:00,126.45
Montenegro,MNE,2024-08-08 23:00:00,2024-08-09 01:00:00,108.09
Montenegro,MNE,2024-08-09 00:00:00,2024-08-09 02:00:00,110.93
Montenegro,MNE,2024-08-09 01:00:00,2024-08-09 03:00:00,98.02
Montenegro,MNE,2024-08-09 02:00:00,2024-08-09 04:00:00,104.36
Montenegro,MNE,2024-08-09 03:00:00,2024-08-09 05:00:00,104.88
Montenegro,MNE,2024-08-09 04:00:00,2024-08-09 06:00:00,112.76
Montenegro,MNE,2024-08-09 05:00:00,2024-08-09 07:00:00,111.96
Montenegro,MNE,2024-08-09 06:00:00,2024-08-09 08:00:00,111.26
Montenegro,MNE,2024-08-09 07:00:00,2024-08-09 09:00:00,103.95
Montenegro,MNE,2024-08-09 08:00:00,2024-08-09 10:00:00,104.29
Montenegro,MNE,2024-08-09 09:00:00,2024-08-09 11:00:00,104.38
Montenegro,MNE,2024-08-09 10:00:00,2024-08-09 12:00:00,100.33
Montenegro,MNE,2024-08-09 11:00:00,2024-08-09 13:00:00,104.33
Montenegro,MNE,2024-08-09 12:00:00,2024-08-09 14:00:00,105.06
Montenegro,MNE,2024-08-09 13:00:00,2024-08-09 15:00:00,105.04
Montenegro,MNE,2024-08-09 14:00:00,2024-08-09 16:00:00,118.34
Montenegro,MNE,2024-08-09 15:00:00,2024-08-09 17:00:00,123.07
Montenegro,MNE,2024-08-09 16:00:00,2024-08-09 18:00:00,167.25
Montenegro,MNE,2024-08-09 17:00:00,2024-08-09 19:00:00,208.97
Montenegro,MNE,2024-08-09 18:00:00,2024-08-09 20:00:00,233.92
Montenegro,MNE,2024-08-09 19:00:00,2024-08-09 21:00:00,208.81
Montenegro,MNE,2024-08-09 20:00:00,2024-08-09 22:00:00,139.77
Montenegro,MNE,2024-08-09 21:00:00,2024-08-09 23:00:00,118.07
Montenegro,MNE,2024-08-09 22:00:00,2024-08-10 00:00:00,116.16
Montenegro,MNE,2024-08-09 23:00:00,2024-08-10 01:00:00,125.14
Montenegro,MNE,2024-08-10 00:00:00,2024-08-10 02:00:00,105.09
Montenegro,MNE,2024-08-10 01:00:00,2024-08-10 03:00:00,97.8
Montenegro,MNE,2024-08-10 02:00:00,2024-08-10 04:00:00,90.06
Montenegro,MNE,2024-08-10 03:00:00,2024-08-10 05:00:00,90.26
Montenegro,MNE,2024-08-10 04:00:00,2024-08-10 06:00:00,90.04
Montenegro,MNE,2024-08-10 05:00:00,2024-08-10 07:00:00,76.45
Montenegro,MNE,2024-08-10 06:00:00,2024-08-10 08:00:00,48.85
Montenegro,MNE,2024-08-10 07:00:00,2024-08-10 09:00:00,55.01
Montenegro,MNE,2024-08-10 08:00:00,2024-08-10 10:00:00,106.97
Montenegro,MNE,2024-08-10 09:00:00,2024-08-10 11:00:00,106.96
Montenegro,MNE,2024-08-10 10:00:00,2024-08-10 12:00:00,105.36
Montenegro,MNE,2024-08-10 11:00:00,2024-08-10 13:00:00,105.36
Montenegro,MNE,2024-08-10 12:00:00,2024-08-10 14:00:00,107.45
Montenegro,MNE,2024-08-10 13:00:00,2024-08-10 15:00:00,106.98
Montenegro,MNE,2024-08-10 14:00:00,2024-08-10 16:00:00,125.29
Montenegro,MNE,2024-08-10 15:00:00,2024-08-10 17:00:00,118.68
Montenegro,MNE,2024-08-10 16:00:00,2024-08-10 18:00:00,128.94
Montenegro,MNE,2024-08-10 17:00:00,2024-08-10 19:00:00,167.11
Montenegro,MNE,2024-08-10 18:00:00,2024-08-10 20:00:00,188.09
Montenegro,MNE,2024-08-10 19:00:00,2024-08-10 21:00:00,160.9
Montenegro,MNE,2024-08-10 20:00:00,2024-08-10 22:00:00,142.03
Montenegro,MNE,2024-08-10 21:00:00,2024-08-10 23:00:00,118.09
Montenegro,MNE,2024-08-10 22:00:00,2024-08-11 00:00:00,108.27
Montenegro,MNE,2024-08-10 23:00:00,2024-08-11 01:00:00,95.07
Montenegro,MNE,2024-08-11 00:00:00,2024-08-11 02:00:00,83.77
Montenegro,MNE,2024-08-11 01:00:00,2024-08-11 03:00:00,82.94
Montenegro,MNE,2024-08-11 02:00:00,2024-08-11 04:00:00,80.17
Montenegro,MNE,2024-08-11 03:00:00,2024-08-11 05:00:00,81.37
Montenegro,MNE,2024-08-11 04:00:00,2024-08-11 06:00:00,83.43
Montenegro,MNE,2024-08-11 05:00:00,2024-08-11 07:00:00,76.9
Montenegro,MNE,2024-08-11 06:00:00,2024-08-11 08:00:00,55.08
Montenegro,MNE,2024-08-11 07:00:00,2024-08-11 09:00:00,49.91
Montenegro,MNE,2024-08-11 08:00:00,2024-08-11 10:00:00,12.28
Montenegro,MNE,2024-08-11 09:00:00,2024-08-11 11:00:00,105.07
Montenegro,MNE,2024-08-11 10:00:00,2024-08-11 12:00:00,105.09
Montenegro,MNE,2024-08-11 11:00:00,2024-08-11 13:00:00,105.1
Montenegro,MNE,2024-08-11 12:00:00,2024-08-11 14:00:00,105.09
Montenegro,MNE,2024-08-11 13:00:00,2024-08-11 15:00:00,104.77
Montenegro,MNE,2024-08-11 14:00:00,2024-08-11 16:00:00,34.8
Montenegro,MNE,2024-08-11 15:00:00,2024-08-11 17:00:00,77.08
Montenegro,MNE,2024-08-11 16:00:00,2024-08-11 18:00:00,123.08
Montenegro,MNE,2024-08-11 17:00:00,2024-08-11 19:00:00,167.26
Montenegro,MNE,2024-08-11 18:00:00,2024-08-11 20:00:00,175.05
Montenegro,MNE,2024-08-11 19:00:00,2024-08-11 21:00:00,174.31
Montenegro,MNE,2024-08-11 20:00:00,2024-08-11 22:00:00,136.29
Montenegro,MNE,2024-08-11 21:00:00,2024-08-11 23:00:00,120.91
Montenegro,MNE,2024-08-11 22:00:00,2024-08-12 00:00:00,140.31
Montenegro,MNE,2024-08-11 23:00:00,2024-08-12 01:00:00,99.07
Montenegro,MNE,2024-08-12 00:00:00,2024-08-12 02:00:00,88.05
Montenegro,MNE,2024-08-12 01:00:00,2024-08-12 03:00:00,83.91
Montenegro,MNE,2024-08-12 02:00:00,2024-08-12 04:00:00,83.84
Montenegro,MNE,2024-08-12 03:00:00,2024-08-12 05:00:00,100.1
Montenegro,MNE,2024-08-12 04:00:00,2024-08-12 06:00:00,139.06
Montenegro,MNE,2024-08-12 05:00:00,2024-08-12 07:00:00,142.06
Montenegro,MNE,2024-08-12 06:00:00,2024-08-12 08:00:00,115.01
Montenegro,MNE,2024-08-12 07:00:00,2024-08-12 09:00:00,118.61
Montenegro,MNE,2024-08-12 08:00:00,2024-08-12 10:00:00,118.77
Montenegro,MNE,2024-08-12 09:00:00,2024-08-12 11:00:00,118.77
Montenegro,MNE,2024-08-12 10:00:00,2024-08-12 12:00:00,118.76
Montenegro,MNE,2024-08-12 11:00:00,2024-08-12 13:00:00,118.76
Montenegro,MNE,2024-08-12 12:00:00,2024-08-12 14:00:00,118.76
Montenegro,MNE,2024-08-12 13:00:00,2024-08-12 15:00:00,118.79
Montenegro,MNE,2024-08-12 14:00:00,2024-08-12 16:00:00,110.02
Montenegro,MNE,2024-08-12 15:00:00,2024-08-12 17:00:00,125.07
Montenegro,MNE,2024-08-12 16:00:00,2024-08-12 18:00:00,153.45
Montenegro,MNE,2024-08-12 17:00:00,2024-08-12 19:00:00,230.08
Montenegro,MNE,2024-08-12 18:00:00,2024-08-12 20:00:00,230.08
Montenegro,MNE,2024-08-12 19:00:00,2024-08-12 21:00:00,195.99
Montenegro,MNE,2024-08-12 20:00:00,2024-08-12 22:00:00,153.14
Montenegro,MNE,2024-08-12 21:00:00,2024-08-12 23:00:00,115.02
Montenegro,MNE,2024-08-12 22:00:00,2024-08-13 00:00:00,115.29
Montenegro,MNE,2024-08-12 23:00:00,2024-08-13 01:00:00,107.1
Montenegro,MNE,2024-08-13 00:00:00,2024-08-13 02:00:00,100.01
Montenegro,MNE,2024-08-13 01:00:00,2024-08-13 03:00:00,95.6
Montenegro,MNE,2024-08-13 02:00:00,2024-08-13 04:00:00,95.58
Montenegro,MNE,2024-08-13 03:00:00,2024-08-13 05:00:00,110.09
Montenegro,MNE,2024-08-13 04:00:00,2024-08-13 06:00:00,131.86
Montenegro,MNE,2024-08-13 05:00:00,2024-08-13 07:00:00,127.64
Montenegro,MNE,2024-08-13 06:00:00,2024-08-13 08:00:00,122.93
Montenegro,MNE,2024-08-13 07:00:00,2024-08-13 09:00:00,110.09
Montenegro,MNE,2024-08-13 08:00:00,2024-08-13 10:00:00,117.32
Montenegro,MNE,2024-08-13 09:00:00,2024-08-13 11:00:00,119.4
Montenegro,MNE,2024-08-13 10:00:00,2024-08-13 12:00:00,119.9
Montenegro,MNE,2024-08-13 11:00:00,2024-08-13 13:00:00,116.53
Montenegro,MNE,2024-08-13 12:00:00,2024-08-13 14:00:00,105.09
Montenegro,MNE,2024-08-13 13:00:00,2024-08-13 15:00:00,120.03
Montenegro,MNE,2024-08-13 14:00:00,2024-08-13 16:00:00,125.01
Montenegro,MNE,2024-08-13 15:00:00,2024-08-13 17:00:00,150.01
Montenegro,MNE,2024-08-13 16:00:00,2024-08-13 18:00:00,193.05
Montenegro,MNE,2024-08-13 17:00:00,2024-08-13 19:00:00,259.94
Montenegro,MNE,2024-08-13 18:00:00,2024-08-13 20:00:00,279.51
Montenegro,MNE,2024-08-13 19:00:00,2024-08-13 21:00:00,213.59
Montenegro,MNE,2024-08-13 20:00:00,2024-08-13 22:00:00,160.03
Montenegro,MNE,2024-08-13 21:00:00,2024-08-13 23:00:00,135.1
Montenegro,MNE,2024-08-13 22:00:00,2024-08-14 00:00:00,123.61
Montenegro,MNE,2024-08-13 23:00:00,2024-08-14 01:00:00,107.95
Montenegro,MNE,2024-08-14 00:00:00,2024-08-14 02:00:00,110.03
Montenegro,MNE,2024-08-14 01:00:00,2024-08-14 03:00:00,105.18
Montenegro,MNE,2024-08-14 02:00:00,2024-08-14 04:00:00,99.68
Montenegro,MNE,2024-08-14 03:00:00,2024-08-14 05:00:00,107.98
Montenegro,MNE,2024-08-14 04:00:00,2024-08-14 06:00:00,135.8
Montenegro,MNE,2024-08-14 05:00:00,2024-08-14 07:00:00,130.07
Montenegro,MNE,2024-08-14 06:00:00,2024-08-14 08:00:00,129.09
Montenegro,MNE,2024-08-14 07:00:00,2024-08-14 09:00:00,111.02
Montenegro,MNE,2024-08-14 08:00:00,2024-08-14 10:00:00,110.02
Montenegro,MNE,2024-08-14 09:00:00,2024-08-14 11:00:00,110.01
Montenegro,MNE,2024-08-14 10:00:00,2024-08-14 12:00:00,110.01
Montenegro,MNE,2024-08-14 11:00:00,2024-08-14 13:00:00,110.07
Montenegro,MNE,2024-08-14 12:00:00,2024-08-14 14:00:00,110.01
Montenegro,MNE,2024-08-14 13:00:00,2024-08-14 15:00:00,110.01
Montenegro,MNE,2024-08-14 14:00:00,2024-08-14 16:00:00,119.03
Montenegro,MNE,2024-08-14 15:00:00,2024-08-14 17:00:00,144.03
Montenegro,MNE,2024-08-14 16:00:00,2024-08-14 18:00:00,215.38
Montenegro,MNE,2024-08-14 17:00:00,2024-08-14 19:00:00,276.85
Montenegro,MNE,2024-08-14 18:00:00,2024-08-14 20:00:00,277.5
Montenegro,MNE,2024-08-14 19:00:00,2024-08-14 21:00:00,215.84
Montenegro,MNE,2024-08-14 20:00:00,2024-08-14 22:00:00,163.62
Montenegro,MNE,2024-08-14 21:00:00,2024-08-14 23:00:00,135.46
Montenegro,MNE,2024-08-14 22:00:00,2024-08-15 00:00:00,118.06
Montenegro,MNE,2024-08-14 23:00:00,2024-08-15 01:00:00,108.38
Montenegro,MNE,2024-08-15 00:00:00,2024-08-15 02:00:00,100.38
Montenegro,MNE,2024-08-15 01:00:00,2024-08-15 03:00:00,97.9
Montenegro,MNE,2024-08-15 02:00:00,2024-08-15 04:00:00,97.5
Montenegro,MNE,2024-08-15 03:00:00,2024-08-15 05:00:00,98.38
Montenegro,MNE,2024-08-15 04:00:00,2024-08-15 06:00:00,114.32
Montenegro,MNE,2024-08-15 05:00:00,2024-08-15 07:00:00,110.08
Montenegro,MNE,2024-08-15 06:00:00,2024-08-15 08:00:00,111.08
Montenegro,MNE,2024-08-15 07:00:00,2024-08-15 09:00:00,90.19
Montenegro,MNE,2024-08-15 08:00:00,2024-08-15 10:00:00,104.87
Montenegro,MNE,2024-08-15 09:00:00,2024-08-15 11:00:00,105.04
Montenegro,MNE,2024-08-15 10:00:00,2024-08-15 12:00:00,111.55
Montenegro,MNE,2024-08-15 11:00:00,2024-08-15 13:00:00,105.09
Montenegro,MNE,2024-08-15 12:00:00,2024-08-15 14:00:00,105.09
Montenegro,MNE,2024-08-15 13:00:00,2024-08-15 15:00:00,104.9
Montenegro,MNE,2024-08-15 14:00:00,2024-08-15 16:00:00,111.02
Montenegro,MNE,2024-08-15 15:00:00,2024-08-15 17:00:00,119.49
Montenegro,MNE,2024-08-15 16:00:00,2024-08-15 18:00:00,181.11
Montenegro,MNE,2024-08-15 17:00:00,2024-08-15 19:00:00,255.04
Montenegro,MNE,2024-08-15 18:00:00,2024-08-15 20:00:00,265.04
Montenegro,MNE,2024-08-15 19:00:00,2024-08-15 21:00:00,180.08
Montenegro,MNE,2024-08-15 20:00:00,2024-08-15 22:00:00,133.3
Montenegro,MNE,2024-08-15 21:00:00,2024-08-15 23:00:00,113.02
Montenegro,MNE,2024-08-15 22:00:00,2024-08-16 00:00:00,135.19
Montenegro,MNE,2024-08-15 23:00:00,2024-08-16 01:00:00,111.33
Montenegro,MNE,2024-08-16 00:00:00,2024-08-16 02:00:00,115.24
Montenegro,MNE,2024-08-16 01:00:00,2024-08-16 03:00:00,99.91
Montenegro,MNE,2024-08-16 02:00:00,2024-08-16 04:00:00,103.75
Montenegro,MNE,2024-08-16 03:00:00,2024-08-16 05:00:00,111.13
Montenegro,MNE,2024-08-16 04:00:00,2024-08-16 06:00:00,124.71
Montenegro,MNE,2024-08-16 05:00:00,2024-08-16 07:00:00,130.07
Montenegro,MNE,2024-08-16 06:00:00,2024-08-16 08:00:00,126.03
Montenegro,MNE,2024-08-16 07:00:00,2024-08-16 09:00:00,118.91
Montenegro,MNE,2024-08-16 08:00:00,2024-08-16 10:00:00,111.52
Montenegro,MNE,2024-08-16 09:00:00,2024-08-16 11:00:00,111.51
Montenegro,MNE,2024-08-16 10:00:00,2024-08-16 12:00:00,111.51
Montenegro,MNE,2024-08-16 11:00:00,2024-08-16 13:00:00,71.63
Montenegro,MNE,2024-08-16 12:00:00,2024-08-16 14:00:00,111.53
Montenegro,MNE,2024-08-16 13:00:00,2024-08-16 15:00:00,115.63
Montenegro,MNE,2024-08-16 14:00:00,2024-08-16 16:00:00,122.03
Montenegro,MNE,2024-08-16 15:00:00,2024-08-16 17:00:00,138.33
Montenegro,MNE,2024-08-16 16:00:00,2024-08-16 18:00:00,173.7
Montenegro,MNE,2024-08-16 17:00:00,2024-08-16 19:00:00,230.52
Montenegro,MNE,2024-08-16 18:00:00,2024-08-16 20:00:00,256.18
Montenegro,MNE,2024-08-16 19:00:00,2024-08-16 21:00:00,204.55
Montenegro,MNE,2024-08-16 20:00:00,2024-08-16 22:00:00,147.26
Montenegro,MNE,2024-08-16 21:00:00,2024-08-16 23:00:00,130.21
Montenegro,MNE,2024-08-16 22:00:00,2024-08-17 00:00:00,131.14
Montenegro,MNE,2024-08-16 23:00:00,2024-08-17 01:00:00,119.97
Montenegro,MNE,2024-08-17 00:00:00,2024-08-17 02:00:00,111.1
Montenegro,MNE,2024-08-17 01:00:00,2024-08-17 03:00:00,111.69
Montenegro,MNE,2024-08-17 02:00:00,2024-08-17 04:00:00,112.93
Montenegro,MNE,2024-08-17 03:00:00,2024-08-17 05:00:00,111.06
Montenegro,MNE,2024-08-17 04:00:00,2024-08-17 06:00:00,117.32
Montenegro,MNE,2024-08-17 05:00:00,2024-08-17 07:00:00,115.35
Montenegro,MNE,2024-08-17 06:00:00,2024-08-17 08:00:00,117.29
Montenegro,MNE,2024-08-17 07:00:00,2024-08-17 09:00:00,116.94
Montenegro,MNE,2024-08-17 08:00:00,2024-08-17 10:00:00,114.96
Montenegro,MNE,2024-08-17 09:00:00,2024-08-17 11:00:00,114.96
Montenegro,MNE,2024-08-17 10:00:00,2024-08-17 12:00:00,114.96
Montenegro,MNE,2024-08-17 11:00:00,2024-08-17 13:00:00,114.96
Montenegro,MNE,2024-08-17 12:00:00,2024-08-17 14:00:00,114.96
Montenegro,MNE,2024-08-17 13:00:00,2024-08-17 15:00:00,116.93
Montenegro,MNE,2024-08-17 14:00:00,2024-08-17 16:00:00,115.9
Montenegro,MNE,2024-08-17 15:00:00,2024-08-17 17:00:00,140.06
Montenegro,MNE,2024-08-17 16:00:00,2024-08-17 18:00:00,179.56
Montenegro,MNE,2024-08-17 17:00:00,2024-08-17 19:00:00,231.43
Montenegro,MNE,2024-08-17 18:00:00,2024-08-17 20:00:00,230.06
Montenegro,MNE,2024-08-17 19:00:00,2024-08-17 21:00:00,187.09
Montenegro,MNE,2024-08-17 20:00:00,2024-08-17 22:00:00,154.95
Montenegro,MNE,2024-08-17 21:00:00,2024-08-17 23:00:00,131.05
Montenegro,MNE,2024-08-17 22:00:00,2024-08-18 00:00:00,127.07
Montenegro,MNE,2024-08-17 23:00:00,2024-08-18 01:00:00,107.48
Montenegro,MNE,2024-08-18 00:00:00,2024-08-18 02:00:00,108.94
Montenegro,MNE,2024-08-18 01:00:00,2024-08-18 03:00:00,107.56
Montenegro,MNE,2024-08-18 02:00:00,2024-08-18 04:00:00,102.03
Montenegro,MNE,2024-08-18 03:00:00,2024-08-18 05:00:00,109.03
Montenegro,MNE,2024-08-18 04:00:00,2024-08-18 06:00:00,105.69
Montenegro,MNE,2024-08-18 05:00:00,2024-08-18 07:00:00,108.0
Montenegro,MNE,2024-08-18 06:00:00,2024-08-18 08:00:00,103.68
Montenegro,MNE,2024-08-18 07:00:00,2024-08-18 09:00:00,91.27
Montenegro,MNE,2024-08-18 08:00:00,2024-08-18 10:00:00,95.46
Montenegro,MNE,2024-08-18 09:00:00,2024-08-18 11:00:00,105.02
Montenegro,MNE,2024-08-18 10:00:00,2024-08-18 12:00:00,105.02
Montenegro,MNE,2024-08-18 11:00:00,2024-08-18 13:00:00,105.02
Montenegro,MNE,2024-08-18 12:00:00,2024-08-18 14:00:00,105.03
Montenegro,MNE,2024-08-18 13:00:00,2024-08-18 15:00:00,105.03
Montenegro,MNE,2024-08-18 14:00:00,2024-08-18 16:00:00,119.2
Montenegro,MNE,2024-08-18 15:00:00,2024-08-18 17:00:00,119.9
Montenegro,MNE,2024-08-18 16:00:00,2024-08-18 18:00:00,125.11
Montenegro,MNE,2024-08-18 17:00:00,2024-08-18 19:00:00,156.07
Montenegro,MNE,2024-08-18 18:00:00,2024-08-18 20:00:00,180.03
Montenegro,MNE,2024-08-18 19:00:00,2024-08-18 21:00:00,159.36
Montenegro,MNE,2024-08-18 20:00:00,2024-08-18 22:00:00,139.08
Montenegro,MNE,2024-08-18 21:00:00,2024-08-18 23:00:00,127.63
Montenegro,MNE,2024-08-18 22:00:00,2024-08-19 00:00:00,119.34
Montenegro,MNE,2024-08-18 23:00:00,2024-08-19 01:00:00,114.02
Montenegro,MNE,2024-08-19 00:00:00,2024-08-19 02:00:00,113.01
Montenegro,MNE,2024-08-19 01:00:00,2024-08-19 03:00:00,111.27
Montenegro,MNE,2024-08-19 02:00:00,2024-08-19 04:00:00,111.8
Montenegro,MNE,2024-08-19 03:00:00,2024-08-19 05:00:00,115.23
Montenegro,MNE,2024-08-19 04:00:00,2024-08-19 06:00:00,136.08
Montenegro,MNE,2024-08-19 05:00:00,2024-08-19 07:00:00,143.56
Montenegro,MNE,2024-08-19 06:00:00,2024-08-19 08:00:00,127.49
Montenegro,MNE,2024-08-19 07:00:00,2024-08-19 09:00:00,110.93
Montenegro,MNE,2024-08-19 08:00:00,2024-08-19 10:00:00,103.66
Montenegro,MNE,2024-08-19 09:00:00,2024-08-19 11:00:00,103.37
Montenegro,MNE,2024-08-19 10:00:00,2024-08-19 12:00:00,107.27
Montenegro,MNE,2024-08-19 11:00:00,2024-08-19 13:00:00,103.72
Montenegro,MNE,2024-08-19 12:00:00,2024-08-19 14:00:00,107.25
Montenegro,MNE,2024-08-19 13:00:00,2024-08-19 15:00:00,115.47
Montenegro,MNE,2024-08-19 14:00:00,2024-08-19 16:00:00,122.09
Montenegro,MNE,2024-08-19 15:00:00,2024-08-19 17:00:00,151.96
Montenegro,MNE,2024-08-19 16:00:00,2024-08-19 18:00:00,150.01
Montenegro,MNE,2024-08-19 17:00:00,2024-08-19 19:00:00,204.93
Montenegro,MNE,2024-08-19 18:00:00,2024-08-19 20:00:00,242.02
Montenegro,MNE,2024-08-19 19:00:00,2024-08-19 21:00:00,171.72
Montenegro,MNE,2024-08-19 20:00:00,2024-08-19 22:00:00,153.42
Montenegro,MNE,2024-08-19 21:00:00,2024-08-19 23:00:00,115.52
Montenegro,MNE,2024-08-19 22:00:00,2024-08-20 00:00:00,111.65
Montenegro,MNE,2024-08-19 23:00:00,2024-08-20 01:00:00,107.63
Montenegro,MNE,2024-08-20 00:00:00,2024-08-20 02:00:00,99.13
Montenegro,MNE,2024-08-20 01:00:00,2024-08-20 03:00:00,91.1
Montenegro,MNE,2024-08-20 02:00:00,2024-08-20 04:00:00,91.29
Montenegro,MNE,2024-08-20 03:00:00,2024-08-20 05:00:00,103.48
Montenegro,MNE,2024-08-20 04:00:00,2024-08-20 06:00:00,116.26
Montenegro,MNE,2024-08-20 05:00:00,2024-08-20 07:00:00,123.08
Montenegro,MNE,2024-08-20 06:00:00,2024-08-20 08:00:00,113.04
Montenegro,MNE,2024-08-20 07:00:00,2024-08-20 09:00:00,113.01
Montenegro,MNE,2024-08-20 08:00:00,2024-08-20 10:00:00,98.2
Montenegro,MNE,2024-08-20 09:00:00,2024-08-20 11:00:00,95.2
Montenegro,MNE,2024-08-20 10:00:00,2024-08-20 12:00:00,98.28
Montenegro,MNE,2024-08-20 11:00:00,2024-08-20 13:00:00,99.37
Montenegro,MNE,2024-08-20 12:00:00,2024-08-20 14:00:00,107.24
Montenegro,MNE,2024-08-20 13:00:00,2024-08-20 15:00:00,107.29
Montenegro,MNE,2024-08-20 14:00:00,2024-08-20 16:00:00,115.77
Montenegro,MNE,2024-08-20 15:00:00,2024-08-20 17:00:00,127.95
Montenegro,MNE,2024-08-20 16:00:00,2024-08-20 18:00:00,175.08
Montenegro,MNE,2024-08-20 17:00:00,2024-08-20 19:00:00,292.93
Montenegro,MNE,2024-08-20 18:00:00,2024-08-20 20:00:00,242.54
Montenegro,MNE,2024-08-20 19:00:00,2024-08-20 21:00:00,165.04
Montenegro,MNE,2024-08-20 20:00:00,2024-08-20 22:00:00,155.13
Montenegro,MNE,2024-08-20 21:00:00,2024-08-20 23:00:00,120.55
Montenegro,MNE,2024-08-20 22:00:00,2024-08-21 00:00:00,119.1
Montenegro,MNE,2024-08-20 23:00:00,2024-08-21 01:00:00,107.81
Montenegro,MNE,2024-08-21 00:00:00,2024-08-21 02:00:00,103.45
Montenegro,MNE,2024-08-21 01:00:00,2024-08-21 03:00:00,91.79
Montenegro,MNE,2024-08-21 02:00:00,2024-08-21 04:00:00,95.77
Montenegro,MNE,2024-08-21 03:00:00,2024-08-21 05:00:00,107.35
Montenegro,MNE,2024-08-21 04:00:00,2024-08-21 06:00:00,115.5
Montenegro,MNE,2024-08-21 05:00:00,2024-08-21 07:00:00,123.35
Montenegro,MNE,2024-08-21 06:00:00,2024-08-21 08:00:00,119.81
Montenegro,MNE,2024-08-21 07:00:00,2024-08-21 09:00:00,111.64
Montenegro,MNE,2024-08-21 08:00:00,2024-08-21 10:00:00,105.04
Montenegro,MNE,2024-08-21 09:00:00,2024-08-21 11:00:00,105.04
Montenegro,MNE,2024-08-21 10:00:00,2024-08-21 12:00:00,105.04
Montenegro,MNE,2024-08-21 11:00:00,2024-08-21 13:00:00,95.85
Montenegro,MNE,2024-08-21 12:00:00,2024-08-21 14:00:00,105.07
Montenegro,MNE,2024-08-21 13:00:00,2024-08-21 15:00:00,120.0
Montenegro,MNE,2024-08-21 14:00:00,2024-08-21 16:00:00,114.77
Montenegro,MNE,2024-08-21 15:00:00,2024-08-21 17:00:00,140.09
Montenegro,MNE,2024-08-21 16:00:00,2024-08-21 18:00:00,179.97
Montenegro,MNE,2024-08-21 17:00:00,2024-08-21 19:00:00,255.35
Montenegro,MNE,2024-08-21 18:00:00,2024-08-21 20:00:00,295.12
Montenegro,MNE,2024-08-21 19:00:00,2024-08-21 21:00:00,167.19
Montenegro,MNE,2024-08-21 20:00:00,2024-08-21 22:00:00,147.56
Montenegro,MNE,2024-08-21 21:00:00,2024-08-21 23:00:00,115.54
Montenegro,MNE,2024-08-21 22:00:00,2024-08-22 00:00:00,133.66
Montenegro,MNE,2024-08-21 23:00:00,2024-08-22 01:00:00,107.9
Montenegro,MNE,2024-08-22 00:00:00,2024-08-22 02:00:00,107.22
Montenegro,MNE,2024-08-22 01:00:00,2024-08-22 03:00:00,100.46
Montenegro,MNE,2024-08-22 02:00:00,2024-08-22 04:00:00,99.38
Montenegro,MNE,2024-08-22 03:00:00,2024-08-22 05:00:00,106.73
Montenegro,MNE,2024-08-22 04:00:00,2024-08-22 06:00:00,116.95
Montenegro,MNE,2024-08-22 05:00:00,2024-08-22 07:00:00,130.06
Montenegro,MNE,2024-08-22 06:00:00,2024-08-22 08:00:00,110.92
Montenegro,MNE,2024-08-22 07:00:00,2024-08-22 09:00:00,103.33
Montenegro,MNE,2024-08-22 08:00:00,2024-08-22 10:00:00,95.55
Montenegro,MNE,2024-08-22 09:00:00,2024-08-22 11:00:00,99.54
Montenegro,MNE,2024-08-22 10:00:00,2024-08-22 12:00:00,105.08
Montenegro,MNE,2024-08-22 11:00:00,2024-08-22 13:00:00,105.08
Montenegro,MNE,2024-08-22 12:00:00,2024-08-22 14:00:00,108.68
Montenegro,MNE,2024-08-22 13:00:00,2024-08-22 15:00:00,111.99
Montenegro,MNE,2024-08-22 14:00:00,2024-08-22 16:00:00,120.91
Montenegro,MNE,2024-08-22 15:00:00,2024-08-22 17:00:00,149.95
Montenegro,MNE,2024-08-22 16:00:00,2024-08-22 18:00:00,195.21
Montenegro,MNE,2024-08-22 17:00:00,2024-08-22 19:00:00,265.05
Montenegro,MNE,2024-08-22 18:00:00,2024-08-22 20:00:00,242.09
Montenegro,MNE,2024-08-22 19:00:00,2024-08-22 21:00:00,158.03
Montenegro,MNE,2024-08-22 20:00:00,2024-08-22 22:00:00,127.72
Montenegro,MNE,2024-08-22 21:00:00,2024-08-22 23:00:00,121.45
Montenegro,MNE,2024-08-22 22:00:00,2024-08-23 00:00:00,119.82
Montenegro,MNE,2024-08-22 23:00:00,2024-08-23 01:00:00,111.14
Montenegro,MNE,2024-08-23 00:00:00,2024-08-23 02:00:00,103.53
Montenegro,MNE,2024-08-23 01:00:00,2024-08-23 03:00:00,103.46
Montenegro,MNE,2024-08-23 02:00:00,2024-08-23 04:00:00,103.69
Montenegro,MNE,2024-08-23 03:00:00,2024-08-23 05:00:00,107.62
Montenegro,MNE,2024-08-23 04:00:00,2024-08-23 06:00:00,123.91
Montenegro,MNE,2024-08-23 05:00:00,2024-08-23 07:00:00,123.58
Montenegro,MNE,2024-08-23 06:00:00,2024-08-23 08:00:00,125.42
Montenegro,MNE,2024-08-23 07:00:00,2024-08-23 09:00:00,110.06
Montenegro,MNE,2024-08-23 08:00:00,2024-08-23 10:00:00,97.52
Montenegro,MNE,2024-08-23 09:00:00,2024-08-23 11:00:00,90.09
Montenegro,MNE,2024-08-23 10:00:00,2024-08-23 12:00:00,90.09
Montenegro,MNE,2024-08-23 11:00:00,2024-08-23 13:00:00,103.88
Montenegro,MNE,2024-08-23 12:00:00,2024-08-23 14:00:00,107.88
Montenegro,MNE,2024-08-23 13:00:00,2024-08-23 15:00:00,99.84
Montenegro,MNE,2024-08-23 14:00:00,2024-08-23 16:00:00,115.27
Montenegro,MNE,2024-08-23 15:00:00,2024-08-23 17:00:00,149.58
Montenegro,MNE,2024-08-23 16:00:00,2024-08-23 18:00:00,174.71
Montenegro,MNE,2024-08-23 17:00:00,2024-08-23 19:00:00,290.51
Montenegro,MNE,2024-08-23 18:00:00,2024-08-23 20:00:00,287.95
Montenegro,MNE,2024-08-23 19:00:00,2024-08-23 21:00:00,172.01
Montenegro,MNE,2024-08-23 20:00:00,2024-08-23 22:00:00,140.7
Montenegro,MNE,2024-08-23 21:00:00,2024-08-23 23:00:00,128.0
Montenegro,MNE,2024-08-23 22:00:00,2024-08-24 00:00:00,123.17
Montenegro,MNE,2024-08-23 23:00:00,2024-08-24 01:00:00,111.07
Montenegro,MNE,2024-08-24 00:00:00,2024-08-24 02:00:00,111.93
Montenegro,MNE,2024-08-24 01:00:00,2024-08-24 03:00:00,107.28
Montenegro,MNE,2024-08-24 02:00:00,2024-08-24 04:00:00,99.8
Montenegro,MNE,2024-08-24 03:00:00,2024-08-24 05:00:00,103.58
Montenegro,MNE,2024-08-24 04:00:00,2024-08-24 06:00:00,115.12
Montenegro,MNE,2024-08-24 05:00:00,2024-08-24 07:00:00,99.45
Montenegro,MNE,2024-08-24 06:00:00,2024-08-24 08:00:00,91.88
Montenegro,MNE,2024-08-24 07:00:00,2024-08-24 09:00:00,83.57
Montenegro,MNE,2024-08-24 08:00:00,2024-08-24 10:00:00,100.02
Montenegro,MNE,2024-08-24 09:00:00,2024-08-24 11:00:00,91.73
Montenegro,MNE,2024-08-24 10:00:00,2024-08-24 12:00:00,87.82
Montenegro,MNE,2024-08-24 11:00:00,2024-08-24 13:00:00,87.77
Montenegro,MNE,2024-08-24 12:00:00,2024-08-24 14:00:00,87.93
Montenegro,MNE,2024-08-24 13:00:00,2024-08-24 15:00:00,103.56
Montenegro,MNE,2024-08-24 14:00:00,2024-08-24 16:00:00,113.98
Montenegro,MNE,2024-08-24 15:00:00,2024-08-24 17:00:00,127.44
Montenegro,MNE,2024-08-24 16:00:00,2024-08-24 18:00:00,150.99
Montenegro,MNE,2024-08-24 17:00:00,2024-08-24 19:00:00,219.55
Montenegro,MNE,2024-08-24 18:00:00,2024-08-24 20:00:00,211.71
Montenegro,MNE,2024-08-24 19:00:00,2024-08-24 21:00:00,162.35
Montenegro,MNE,2024-08-24 20:00:00,2024-08-24 22:00:00,131.5
Montenegro,MNE,2024-08-24 21:00:00,2024-08-24 23:00:00,119.1
Montenegro,MNE,2024-08-24 22:00:00,2024-08-25 00:00:00,127.43
Montenegro,MNE,2024-08-24 23:00:00,2024-08-25 01:00:00,103.31
Montenegro,MNE,2024-08-25 00:00:00,2024-08-25 02:00:00,95.86
Montenegro,MNE,2024-08-25 01:00:00,2024-08-25 03:00:00,83.88
Montenegro,MNE,2024-08-25 02:00:00,2024-08-25 04:00:00,75.11
Montenegro,MNE,2024-08-25 03:00:00,2024-08-25 05:00:00,75.28
Montenegro,MNE,2024-08-25 04:00:00,2024-08-25 06:00:00,77.33
Montenegro,MNE,2024-08-25 05:00:00,2024-08-25 07:00:00,55.99
Montenegro,MNE,2024-08-25 06:00:00,2024-08-25 08:00:00,39.86
Montenegro,MNE,2024-08-25 07:00:00,2024-08-25 09:00:00,21.26
Montenegro,MNE,2024-08-25 08:00:00,2024-08-25 10:00:00,12.95
Montenegro,MNE,2024-08-25 09:00:00,2024-08-25 11:00:00,11.24
Montenegro,MNE,2024-08-25 10:00:00,2024-08-25 12:00:00,7.95
Montenegro,MNE,2024-08-25 11:00:00,2024-08-25 13:00:00,7.75
Montenegro,MNE,2024-08-25 12:00:00,2024-08-25 14:00:00,22.16
Montenegro,MNE,2024-08-25 13:00:00,2024-08-25 15:00:00,47.65
Montenegro,MNE,2024-08-25 14:00:00,2024-08-25 16:00:00,63.98
Montenegro,MNE,2024-08-25 15:00:00,2024-08-25 17:00:00,111.3
Montenegro,MNE,2024-08-25 16:00:00,2024-08-25 18:00:00,127.49
Montenegro,MNE,2024-08-25 17:00:00,2024-08-25 19:00:00,151.9
Montenegro,MNE,2024-08-25 18:00:00,2024-08-25 20:00:00,167.28
Montenegro,MNE,2024-08-25 19:00:00,2024-08-25 21:00:00,139.98
Montenegro,MNE,2024-08-25 20:00:00,2024-08-25 22:00:00,125.5
Montenegro,MNE,2024-08-25 21:00:00,2024-08-25 23:00:00,106.95
Montenegro,MNE,2024-08-25 22:00:00,2024-08-26 00:00:00,119.93
Montenegro,MNE,2024-08-25 23:00:00,2024-08-26 01:00:00,101.63
Montenegro,MNE,2024-08-26 00:00:00,2024-08-26 02:00:00,91.84
Montenegro,MNE,2024-08-26 01:00:00,2024-08-26 03:00:00,87.29
Montenegro,MNE,2024-08-26 02:00:00,2024-08-26 04:00:00,91.5
Montenegro,MNE,2024-08-26 03:00:00,2024-08-26 05:00:00,103.37
Montenegro,MNE,2024-08-26 04:00:00,2024-08-26 06:00:00,111.42
Montenegro,MNE,2024-08-26 05:00:00,2024-08-26 07:00:00,119.71
Montenegro,MNE,2024-08-26 06:00:00,2024-08-26 08:00:00,107.91
Montenegro,MNE,2024-08-26 07:00:00,2024-08-26 09:00:00,93.46
Montenegro,MNE,2024-08-26 08:00:00,2024-08-26 10:00:00,74.39
Montenegro,MNE,2024-08-26 09:00:00,2024-08-26 11:00:00,83.82
Montenegro,MNE,2024-08-26 10:00:00,2024-08-26 12:00:00,91.53
Montenegro,MNE,2024-08-26 11:00:00,2024-08-26 13:00:00,91.77
Montenegro,MNE,2024-08-26 12:00:00,2024-08-26 14:00:00,99.82
Montenegro,MNE,2024-08-26 13:00:00,2024-08-26 15:00:00,111.91
Montenegro,MNE,2024-08-26 14:00:00,2024-08-26 16:00:00,115.92
Montenegro,MNE,2024-08-26 15:00:00,2024-08-26 17:00:00,171.37
Montenegro,MNE,2024-08-26 16:00:00,2024-08-26 18:00:00,167.67
Montenegro,MNE,2024-08-26 17:00:00,2024-08-26 19:00:00,250.01
Montenegro,MNE,2024-08-26 18:00:00,2024-08-26 20:00:00,250.05
Montenegro,MNE,2024-08-26 19:00:00,2024-08-26 21:00:00,154.88
Montenegro,MNE,2024-08-26 20:00:00,2024-08-26 22:00:00,124.45
Montenegro,MNE,2024-08-26 21:00:00,2024-08-26 23:00:00,115.64
Montenegro,MNE,2024-08-26 22:00:00,2024-08-27 00:00:00,125.25
Montenegro,MNE,2024-08-26 23:00:00,2024-08-27 01:00:00,118.8
Montenegro,MNE,2024-08-27 00:00:00,2024-08-27 02:00:00,111.47
Montenegro,MNE,2024-08-27 01:00:00,2024-08-27 03:00:00,104.39
Montenegro,MNE,2024-08-27 02:00:00,2024-08-27 04:00:00,104.57
Montenegro,MNE,2024-08-27 03:00:00,2024-08-27 05:00:00,111.97
Montenegro,MNE,2024-08-27 04:00:00,2024-08-27 06:00:00,132.71
Montenegro,MNE,2024-08-27 05:00:00,2024-08-27 07:00:00,146.49
Montenegro,MNE,2024-08-27 06:00:00,2024-08-27 08:00:00,137.92
Montenegro,MNE,2024-08-27 07:00:00,2024-08-27 09:00:00,111.1
Montenegro,MNE,2024-08-27 08:00:00,2024-08-27 10:00:00,93.07
Montenegro,MNE,2024-08-27 09:00:00,2024-08-27 11:00:00,93.09
Montenegro,MNE,2024-08-27 10:00:00,2024-08-27 12:00:00,93.09
Montenegro,MNE,2024-08-27 11:00:00,2024-08-27 13:00:00,97.99
Montenegro,MNE,2024-08-27 12:00:00,2024-08-27 14:00:00,116.91
Montenegro,MNE,2024-08-27 13:00:00,2024-08-27 15:00:00,125.06
Montenegro,MNE,2024-08-27 14:00:00,2024-08-27 16:00:00,167.28
Montenegro,MNE,2024-08-27 15:00:00,2024-08-27 17:00:00,162.01
Montenegro,MNE,2024-08-27 16:00:00,2024-08-27 18:00:00,261.11
Montenegro,MNE,2024-08-27 17:00:00,2024-08-27 19:00:00,346.93
Montenegro,MNE,2024-08-27 18:00:00,2024-08-27 20:00:00,311.06
Montenegro,MNE,2024-08-27 19:00:00,2024-08-27 21:00:00,180.55
Montenegro,MNE,2024-08-27 20:00:00,2024-08-27 22:00:00,144.31
Montenegro,MNE,2024-08-27 21:00:00,2024-08-27 23:00:00,125.66
Montenegro,MNE,2024-08-27 22:00:00,2024-08-28 00:00:00,113.92
Montenegro,MNE,2024-08-27 23:00:00,2024-08-28 01:00:00,120.99
Montenegro,MNE,2024-08-28 00:00:00,2024-08-28 02:00:00,104.82
Montenegro,MNE,2024-08-28 01:00:00,2024-08-28 03:00:00,100.6
Montenegro,MNE,2024-08-28 02:00:00,2024-08-28 04:00:00,98.07
Montenegro,MNE,2024-08-28 03:00:00,2024-08-28 05:00:00,106.03
Montenegro,MNE,2024-08-28 04:00:00,2024-08-28 06:00:00,131.96
Montenegro,MNE,2024-08-28 05:00:00,2024-08-28 07:00:00,140.45
Montenegro,MNE,2024-08-28 06:00:00,2024-08-28 08:00:00,130.0
Montenegro,MNE,2024-08-28 07:00:00,2024-08-28 09:00:00,108.09
Montenegro,MNE,2024-08-28 08:00:00,2024-08-28 10:00:00,91.39
Montenegro,MNE,2024-08-28 09:00:00,2024-08-28 11:00:00,110.03
Montenegro,MNE,2024-08-28 10:00:00,2024-08-28 12:00:00,110.09
Montenegro,MNE,2024-08-28 11:00:00,2024-08-28 13:00:00,110.09
Montenegro,MNE,2024-08-28 12:00:00,2024-08-28 14:00:00,122.84
Montenegro,MNE,2024-08-28 13:00:00,2024-08-28 15:00:00,131.97
Montenegro,MNE,2024-08-28 14:00:00,2024-08-28 16:00:00,166.7
Montenegro,MNE,2024-08-28 15:00:00,2024-08-28 17:00:00,203.17
Montenegro,MNE,2024-08-28 16:00:00,2024-08-28 18:00:00,255.99
Montenegro,MNE,2024-08-28 17:00:00,2024-08-28 19:00:00,388.87
Montenegro,MNE,2024-08-28 18:00:00,2024-08-28 20:00:00,400.02
Montenegro,MNE,2024-08-28 19:00:00,2024-08-28 21:00:00,199.07
Montenegro,MNE,2024-08-28 20:00:00,2024-08-28 22:00:00,142.08
Montenegro,MNE,2024-08-28 21:00:00,2024-08-28 23:00:00,132.0
Montenegro,MNE,2024-08-28 22:00:00,2024-08-29 00:00:00,131.24
Montenegro,MNE,2024-08-28 23:00:00,2024-08-29 01:00:00,130.05
Montenegro,MNE,2024-08-29 00:00:00,2024-08-29 02:00:00,118.95
Montenegro,MNE,2024-08-29 01:00:00,2024-08-29 03:00:00,113.5
Montenegro,MNE,2024-08-29 02:00:00,2024-08-29 04:00:00,108.87
Montenegro,MNE,2024-08-29 03:00:00,2024-08-29 05:00:00,113.85
Montenegro,MNE,2024-08-29 04:00:00,2024-08-29 06:00:00,137.35
Montenegro,MNE,2024-08-29 05:00:00,2024-08-29 07:00:00,140.65
Montenegro,MNE,2024-08-29 06:00:00,2024-08-29 08:00:00,135.04
Montenegro,MNE,2024-08-29 07:00:00,2024-08-29 09:00:00,122.02
Montenegro,MNE,2024-08-29 08:00:00,2024-08-29 10:00:00,112.09
Montenegro,MNE,2024-08-29 09:00:00,2024-08-29 11:00:00,106.09
Montenegro,MNE,2024-08-29 10:00:00,2024-08-29 12:00:00,113.97
Montenegro,MNE,2024-08-29 11:00:00,2024-08-29 13:00:00,113.93
Montenegro,MNE,2024-08-29 12:00:00,2024-08-29 14:00:00,122.59
Montenegro,MNE,2024-08-29 13:00:00,2024-08-29 15:00:00,124.08
Montenegro,MNE,2024-08-29 14:00:00,2024-08-29 16:00:00,160.04
Montenegro,MNE,2024-08-29 15:00:00,2024-08-29 17:00:00,238.02
Montenegro,MNE,2024-08-29 16:00:00,2024-08-29 18:00:00,431.15
Montenegro,MNE,2024-08-29 17:00:00,2024-08-29 19:00:00,560.86
Montenegro,MNE,2024-08-29 18:00:00,2024-08-29 20:00:00,490.83
Montenegro,MNE,2024-08-29 19:00:00,2024-08-29 21:00:00,239.2
Montenegro,MNE,2024-08-29 20:00:00,2024-08-29 22:00:00,149.23
Montenegro,MNE,2024-08-29 21:00:00,2024-08-29 23:00:00,131.25
Montenegro,MNE,2024-08-29 22:00:00,2024-08-30 00:00:00,122.99
Montenegro,MNE,2024-08-29 23:00:00,2024-08-30 01:00:00,122.31
Montenegro,MNE,2024-08-30 00:00:00,2024-08-30 02:00:00,113.85
Montenegro,MNE,2024-08-30 01:00:00,2024-08-30 03:00:00,113.22
Montenegro,MNE,2024-08-30 02:00:00,2024-08-30 04:00:00,106.32
Montenegro,MNE,2024-08-30 03:00:00,2024-08-30 05:00:00,113.92
Montenegro,MNE,2024-08-30 04:00:00,2024-08-30 06:00:00,131.81
Montenegro,MNE,2024-08-30 05:00:00,2024-08-30 07:00:00,133.05
Montenegro,MNE,2024-08-30 06:00:00,2024-08-30 08:00:00,128.07
Montenegro,MNE,2024-08-30 07:00:00,2024-08-30 09:00:00,113.98
Montenegro,MNE,2024-08-30 08:00:00,2024-08-30 10:00:00,104.8
Montenegro,MNE,2024-08-30 09:00:00,2024-08-30 11:00:00,104.88
Montenegro,MNE,2024-08-30 10:00:00,2024-08-30 12:00:00,99.31
Montenegro,MNE,2024-08-30 11:00:00,2024-08-30 13:00:00,104.92
Montenegro,MNE,2024-08-30 12:00:00,2024-08-30 14:00:00,104.99
Montenegro,MNE,2024-08-30 13:00:00,2024-08-30 15:00:00,113.4
Montenegro,MNE,2024-08-30 14:00:00,2024-08-30 16:00:00,137.09
Montenegro,MNE,2024-08-30 15:00:00,2024-08-30 17:00:00,194.16
Montenegro,MNE,2024-08-30 16:00:00,2024-08-30 18:00:00,415.08
Montenegro,MNE,2024-08-30 17:00:00,2024-08-30 19:00:00,650.04
Montenegro,MNE,2024-08-30 18:00:00,2024-08-30 20:00:00,540.07
Montenegro,MNE,2024-08-30 19:00:00,2024-08-30 21:00:00,185.85
Montenegro,MNE,2024-08-30 20:00:00,2024-08-30 22:00:00,140.17
Montenegro,MNE,2024-08-30 21:00:00,2024-08-30 23:00:00,128.06
Montenegro,MNE,2024-08-30 22:00:00,2024-08-31 00:00:00,118.87
Montenegro,MNE,2024-08-30 23:00:00,2024-08-31 01:00:00,111.12
Montenegro,MNE,2024-08-31 00:00:00,2024-08-31 02:00:00,104.54
Montenegro,MNE,2024-08-31 01:00:00,2024-08-31 03:00:00,104.06
Montenegro,MNE,2024-08-31 02:00:00,2024-08-31 04:00:00,103.33
Montenegro,MNE,2024-08-31 03:00:00,2024-08-31 05:00:00,104.67
Montenegro,MNE,2024-08-31 04:00:00,2024-08-31 06:00:00,111.25
Montenegro,MNE,2024-08-31 05:00:00,2024-08-31 07:00:00,104.55
Montenegro,MNE,2024-08-31 06:00:00,2024-08-31 08:00:00,93.05
Montenegro,MNE,2024-08-31 07:00:00,2024-08-31 09:00:00,64.07
Montenegro,MNE,2024-08-31 08:00:00,2024-08-31 10:00:00,57.04
Montenegro,MNE,2024-08-31 09:00:00,2024-08-31 11:00:00,57.0
Montenegro,MNE,2024-08-31 10:00:00,2024-08-31 12:00:00,54.1
Montenegro,MNE,2024-08-31 11:00:00,2024-08-31 13:00:00,77.01
Montenegro,MNE,2024-08-31 12:00:00,2024-08-31 14:00:00,74.09
Montenegro,MNE,2024-08-31 13:00:00,2024-08-31 15:00:00,92.05
Montenegro,MNE,2024-08-31 14:00:00,2024-08-31 16:00:00,99.98
Montenegro,MNE,2024-08-31 15:00:00,2024-08-31 17:00:00,146.92
Montenegro,MNE,2024-08-31 16:00:00,2024-08-31 18:00:00,160.76
Montenegro,MNE,2024-08-31 17:00:00,2024-08-31 19:00:00,190.06
Montenegro,MNE,2024-08-31 18:00:00,2024-08-31 20:00:00,182.0
Montenegro,MNE,2024-08-31 19:00:00,2024-08-31 21:00:00,149.99
Montenegro,MNE,2024-08-31 20:00:00,2024-08-31 22:00:00,125.95
Montenegro,MNE,2024-08-31 21:00:00,2024-08-31 23:00:00,118.32
Montenegro,MNE,2024-08-31 22:00:00,2024-09-01 00:00:00,116.41
Montenegro,MNE,2024-08-31 23:00:00,2024-09-01 01:00:00,83.09
Montenegro,MNE,2024-09-01 00:00:00,2024-09-01 02:00:00,101.85
Montenegro,MNE,2024-09-01 01:00:00,2024-09-01 03:00:00,83.02
Montenegro,MNE,2024-09-01 02:00:00,2024-09-01 04:00:00,74.03
Montenegro,MNE,2024-09-01 03:00:00,2024-09-01 05:00:00,75.08
Montenegro,MNE,2024-09-01 04:00:00,2024-09-01 06:00:00,77.08
Montenegro,MNE,2024-09-01 05:00:00,2024-09-01 07:00:00,60.8
Montenegro,MNE,2024-09-01 06:00:00,2024-09-01 08:00:00,94.09
Montenegro,MNE,2024-09-01 07:00:00,2024-09-01 09:00:00,84.8
Montenegro,MNE,2024-09-01 08:00:00,2024-09-01 10:00:00,89.75
Montenegro,MNE,2024-09-01 09:00:00,2024-09-01 11:00:00,99.08
Montenegro,MNE,2024-09-01 10:00:00,2024-09-01 12:00:00,105.01
Montenegro,MNE,2024-09-01 11:00:00,2024-09-01 13:00:00,104.92
Montenegro,MNE,2024-09-01 12:00:00,2024-09-01 14:00:00,105.01
Montenegro,MNE,2024-09-01 13:00:00,2024-09-01 15:00:00,101.2
Montenegro,MNE,2024-09-01 14:00:00,2024-09-01 16:00:00,103.51
Montenegro,MNE,2024-09-01 15:00:00,2024-09-01 17:00:00,121.51
Montenegro,MNE,2024-09-01 16:00:00,2024-09-01 18:00:00,154.92
Montenegro,MNE,2024-09-01 17:00:00,2024-09-01 19:00:00,189.96
Montenegro,MNE,2024-09-01 18:00:00,2024-09-01 20:00:00,194.93
Montenegro,MNE,2024-09-01 19:00:00,2024-09-01 21:00:00,167.83
Montenegro,MNE,2024-09-01 20:00:00,2024-09-01 22:00:00,144.92
Montenegro,MNE,2024-09-01 21:00:00,2024-09-01 23:00:00,124.92
Montenegro,MNE,2024-09-01 22:00:00,2024-09-02 00:00:00,112.02
Montenegro,MNE,2024-09-01 23:00:00,2024-09-02 01:00:00,104.81
Montenegro,MNE,2024-09-02 00:00:00,2024-09-02 02:00:00,106.95
Montenegro,MNE,2024-09-02 01:00:00,2024-09-02 03:00:00,105.65
Montenegro,MNE,2024-09-02 02:00:00,2024-09-02 04:00:00,108.91
Montenegro,MNE,2024-09-02 03:00:00,2024-09-02 05:00:00,122.72
Montenegro,MNE,2024-09-02 04:00:00,2024-09-02 06:00:00,131.93
Montenegro,MNE,2024-09-02 05:00:00,2024-09-02 07:00:00,150.4
Montenegro,MNE,2024-09-02 06:00:00,2024-09-02 08:00:00,134.91
Montenegro,MNE,2024-09-02 07:00:00,2024-09-02 09:00:00,120.97
Montenegro,MNE,2024-09-02 08:00:00,2024-09-02 10:00:00,104.93
Montenegro,MNE,2024-09-02 09:00:00,2024-09-02 11:00:00,104.96
Montenegro,MNE,2024-09-02 10:00:00,2024-09-02 12:00:00,104.96
Montenegro,MNE,2024-09-02 11:00:00,2024-09-02 13:00:00,122.39
Montenegro,MNE,2024-09-02 12:00:00,2024-09-02 14:00:00,122.52
Montenegro,MNE,2024-09-02 13:00:00,2024-09-02 15:00:00,140.95
Montenegro,MNE,2024-09-02 14:00:00,2024-09-02 16:00:00,158.95
Montenegro,MNE,2024-09-02 15:00:00,2024-09-02 17:00:00,239.28
Montenegro,MNE,2024-09-02 16:00:00,2024-09-02 18:00:00,407.97
Montenegro,MNE,2024-09-02 17:00:00,2024-09-02 19:00:00,580.05
Montenegro,MNE,2024-09-02 18:00:00,2024-09-02 20:00:00,524.05
Montenegro,MNE,2024-09-02 19:00:00,2024-09-02 21:00:00,300.05
Montenegro,MNE,2024-09-02 20:00:00,2024-09-02 22:00:00,151.06
Montenegro,MNE,2024-09-02 21:00:00,2024-09-02 23:00:00,136.05
Montenegro,MNE,2024-09-02 22:00:00,2024-09-03 00:00:00,126.07
Montenegro,MNE,2024-09-02 23:00:00,2024-09-03 01:00:00,113.03
Montenegro,MNE,2024-09-03 00:00:00,2024-09-03 02:00:00,111.03
Montenegro,MNE,2024-09-03 01:00:00,2024-09-03 03:00:00,112.1
Montenegro,MNE,2024-09-03 02:00:00,2024-09-03 04:00:00,112.55
Montenegro,MNE,2024-09-03 03:00:00,2024-09-03 05:00:00,127.04
Montenegro,MNE,2024-09-03 04:00:00,2024-09-03 06:00:00,158.27
Montenegro,MNE,2024-09-03 05:00:00,2024-09-03 07:00:00,176.97
Montenegro,MNE,2024-09-03 06:00:00,2024-09-03 08:00:00,151.06
Montenegro,MNE,2024-09-03 07:00:00,2024-09-03 09:00:00,127.04
Montenegro,MNE,2024-09-03 08:00:00,2024-09-03 10:00:00,110.05
Montenegro,MNE,2024-09-03 09:00:00,2024-09-03 11:00:00,102.11
Montenegro,MNE,2024-09-03 10:00:00,2024-09-03 12:00:00,100.09
Montenegro,MNE,2024-09-03 11:00:00,2024-09-03 13:00:00,102.74
Montenegro,MNE,2024-09-03 12:00:00,2024-09-03 14:00:00,113.04
Montenegro,MNE,2024-09-03 13:00:00,2024-09-03 15:00:00,163.05
Montenegro,MNE,2024-09-03 14:00:00,2024-09-03 16:00:00,202.06
Montenegro,MNE,2024-09-03 15:00:00,2024-09-03 17:00:00,407.59
Montenegro,MNE,2024-09-03 16:00:00,2024-09-03 18:00:00,716.44
Montenegro,MNE,2024-09-03 17:00:00,2024-09-03 19:00:00,950.4
Montenegro,MNE,2024-09-03 18:00:00,2024-09-03 20:00:00,734.62
Montenegro,MNE,2024-09-03 19:00:00,2024-09-03 21:00:00,353.15
Montenegro,MNE,2024-09-03 20:00:00,2024-09-03 22:00:00,196.05
Montenegro,MNE,2024-09-03 21:00:00,2024-09-03 23:00:00,150.55
Montenegro,MNE,2024-09-03 22:00:00,2024-09-04 00:00:00,121.65
Montenegro,MNE,2024-09-03 23:00:00,2024-09-04 01:00:00,112.95
Montenegro,MNE,2024-09-04 00:00:00,2024-09-04 02:00:00,110.04
Montenegro,MNE,2024-09-04 01:00:00,2024-09-04 03:00:00,104.57
Montenegro,MNE,2024-09-04 02:00:00,2024-09-04 04:00:00,104.82
Montenegro,MNE,2024-09-04 03:00:00,2024-09-04 05:00:00,122.6
Montenegro,MNE,2024-09-04 04:00:00,2024-09-04 06:00:00,151.97
Montenegro,MNE,2024-09-04 05:00:00,2024-09-04 07:00:00,202.84
Montenegro,MNE,2024-09-04 06:00:00,2024-09-04 08:00:00,167.31
Montenegro,MNE,2024-09-04 07:00:00,2024-09-04 09:00:00,122.69
Montenegro,MNE,2024-09-04 08:00:00,2024-09-04 10:00:00,109.95
Montenegro,MNE,2024-09-04 09:00:00,2024-09-04 11:00:00,104.45
Montenegro,MNE,2024-09-04 10:00:00,2024-09-04 12:00:00,100.02
Montenegro,MNE,2024-09-04 11:00:00,2024-09-04 13:00:00,104.47
Montenegro,MNE,2024-09-04 12:00:00,2024-09-04 14:00:00,104.95
Montenegro,MNE,2024-09-04 13:00:00,2024-09-04 15:00:00,123.37
Montenegro,MNE,2024-09-04 14:00:00,2024-09-04 16:00:00,167.99
Montenegro,MNE,2024-09-04 15:00:00,2024-09-04 17:00:00,290.43
Montenegro,MNE,2024-09-04 16:00:00,2024-09-04 18:00:00,594.98
Montenegro,MNE,2024-09-04 17:00:00,2024-09-04 19:00:00,884.13
Montenegro,MNE,2024-09-04 18:00:00,2024-09-04 20:00:00,615.78
Montenegro,MNE,2024-09-04 19:00:00,2024-09-04 21:00:00,230.67
Montenegro,MNE,2024-09-04 20:00:00,2024-09-04 22:00:00,160.62
Montenegro,MNE,2024-09-04 21:00:00,2024-09-04 23:00:00,131.54
Montenegro,MNE,2024-09-04 22:00:00,2024-09-05 00:00:00,104.93
Montenegro,MNE,2024-09-04 23:00:00,2024-09-05 01:00:00,104.78
Montenegro,MNE,2024-09-05 00:00:00,2024-09-05 02:00:00,95.79
Montenegro,MNE,2024-09-05 01:00:00,2024-09-05 03:00:00,95.65
Montenegro,MNE,2024-09-05 02:00:00,2024-09-05 04:00:00,95.65
Montenegro,MNE,2024-09-05 03:00:00,2024-09-05 05:00:00,104.84
Montenegro,MNE,2024-09-05 04:00:00,2024-09-05 06:00:00,122.77
Montenegro,MNE,2024-09-05 05:00:00,2024-09-05 07:00:00,140.95
Montenegro,MNE,2024-09-05 06:00:00,2024-09-05 08:00:00,122.8
Montenegro,MNE,2024-09-05 07:00:00,2024-09-05 09:00:00,86.93
Montenegro,MNE,2024-09-05 08:00:00,2024-09-05 10:00:00,69.54
Montenegro,MNE,2024-09-05 09:00:00,2024-09-05 11:00:00,68.74
Montenegro,MNE,2024-09-05 10:00:00,2024-09-05 12:00:00,68.4
Montenegro,MNE,2024-09-05 11:00:00,2024-09-05 13:00:00,77.92
Montenegro,MNE,2024-09-05 12:00:00,2024-09-05 14:00:00,86.9
Montenegro,MNE,2024-09-05 13:00:00,2024-09-05 15:00:00,95.92
Montenegro,MNE,2024-09-05 14:00:00,2024-09-05 16:00:00,136.91
Montenegro,MNE,2024-09-05 15:00:00,2024-09-05 17:00:00,166.52
Montenegro,MNE,2024-09-05 16:00:00,2024-09-05 18:00:00,428.51
Montenegro,MNE,2024-09-05 17:00:00,2024-09-05 19:00:00,550.76
Montenegro,MNE,2024-09-05 18:00:00,2024-09-05 20:00:00,360.83
Montenegro,MNE,2024-09-05 19:00:00,2024-09-05 21:00:00,158.98
Montenegro,MNE,2024-09-05 20:00:00,2024-09-05 22:00:00,144.94
Montenegro,MNE,2024-09-05 21:00:00,2024-09-05 23:00:00,124.9
Montenegro,MNE,2024-09-05 22:00:00,2024-09-06 00:00:00,90.12
Montenegro,MNE,2024-09-05 23:00:00,2024-09-06 01:00:00,83.05
Montenegro,MNE,2024-09-06 00:00:00,2024-09-06 02:00:00,78.08
Montenegro,MNE,2024-09-06 01:00:00,2024-09-06 03:00:00,78.04
Montenegro,MNE,2024-09-06 02:00:00,2024-09-06 04:00:00,78.01
Montenegro,MNE,2024-09-06 03:00:00,2024-09-06 05:00:00,90.3
Montenegro,MNE,2024-09-06 04:00:00,2024-09-06 06:00:00,118.37
Montenegro,MNE,2024-09-06 05:00:00,2024-09-06 07:00:00,125.76
Montenegro,MNE,2024-09-06 06:00:00,2024-09-06 08:00:00,111.77
Montenegro,MNE,2024-09-06 07:00:00,2024-09-06 09:00:00,92.26
Montenegro,MNE,2024-09-06 08:00:00,2024-09-06 10:00:00,76.88
Montenegro,MNE,2024-09-06 09:00:00,2024-09-06 11:00:00,62.51
Montenegro,MNE,2024-09-06 10:00:00,2024-09-06 12:00:00,65.07
Montenegro,MNE,2024-09-06 11:00:00,2024-09-06 13:00:00,66.76
Montenegro,MNE,2024-09-06 12:00:00,2024-09-06 14:00:00,76.88
Montenegro,MNE,2024-09-06 13:00:00,2024-09-06 15:00:00,97.04
Montenegro,MNE,2024-09-06 14:00:00,2024-09-06 16:00:00,104.4
Montenegro,MNE,2024-09-06 15:00:00,2024-09-06 17:00:00,145.48
Montenegro,MNE,2024-09-06 16:00:00,2024-09-06 18:00:00,190.07
Montenegro,MNE,2024-09-06 17:00:00,2024-09-06 19:00:00,400.06
Montenegro,MNE,2024-09-06 18:00:00,2024-09-06 20:00:00,175.08
Montenegro,MNE,2024-09-06 19:00:00,2024-09-06 21:00:00,145.9
Montenegro,MNE,2024-09-06 20:00:00,2024-09-06 22:00:00,122.27
Montenegro,MNE,2024-09-06 21:00:00,2024-09-06 23:00:00,104.8
Montenegro,MNE,2024-09-06 22:00:00,2024-09-07 00:00:00,94.92
Montenegro,MNE,2024-09-06 23:00:00,2024-09-07 01:00:00,91.14
Montenegro,MNE,2024-09-07 00:00:00,2024-09-07 02:00:00,89.7
Montenegro,MNE,2024-09-07 01:00:00,2024-09-07 03:00:00,87.43
Montenegro,MNE,2024-09-07 02:00:00,2024-09-07 04:00:00,87.2
Montenegro,MNE,2024-09-07 03:00:00,2024-09-07 05:00:00,91.08
Montenegro,MNE,2024-09-07 04:00:00,2024-09-07 06:00:00,105.33
Montenegro,MNE,2024-09-07 05:00:00,2024-09-07 07:00:00,107.78
Montenegro,MNE,2024-09-07 06:00:00,2024-09-07 08:00:00,104.0
Montenegro,MNE,2024-09-07 07:00:00,2024-09-07 09:00:00,83.01
Montenegro,MNE,2024-09-07 08:00:00,2024-09-07 10:00:00,55.9
Montenegro,MNE,2024-09-07 09:00:00,2024-09-07 11:00:00,33.79
Montenegro,MNE,2024-09-07 10:00:00,2024-09-07 12:00:00,38.07
Montenegro,MNE,2024-09-07 11:00:00,2024-09-07 13:00:00,39.62
Montenegro,MNE,2024-09-07 12:00:00,2024-09-07 14:00:00,43.72
Montenegro,MNE,2024-09-07 13:00:00,2024-09-07 15:00:00,73.9
Montenegro,MNE,2024-09-07 14:00:00,2024-09-07 16:00:00,99.6
Montenegro,MNE,2024-09-07 15:00:00,2024-09-07 17:00:00,114.07
Montenegro,MNE,2024-09-07 16:00:00,2024-09-07 18:00:00,144.84
Montenegro,MNE,2024-09-07 17:00:00,2024-09-07 19:00:00,181.09
Montenegro,MNE,2024-09-07 18:00:00,2024-09-07 20:00:00,181.05
Montenegro,MNE,2024-09-07 19:00:00,2024-09-07 21:00:00,137.25
Montenegro,MNE,2024-09-07 20:00:00,2024-09-07 22:00:00,113.7
Montenegro,MNE,2024-09-07 21:00:00,2024-09-07 23:00:00,98.3
Montenegro,MNE,2024-09-07 22:00:00,2024-09-08 00:00:00,95.5
Montenegro,MNE,2024-09-07 23:00:00,2024-09-08 01:00:00,92.93
Montenegro,MNE,2024-09-08 00:00:00,2024-09-08 02:00:00,83.6
Montenegro,MNE,2024-09-08 01:00:00,2024-09-08 03:00:00,77.37
Montenegro,MNE,2024-09-08 02:00:00,2024-09-08 04:00:00,75.6
Montenegro,MNE,2024-09-08 03:00:00,2024-09-08 05:00:00,79.25
Montenegro,MNE,2024-09-08 04:00:00,2024-09-08 06:00:00,81.79
Montenegro,MNE,2024-09-08 05:00:00,2024-09-08 07:00:00,83.93
Montenegro,MNE,2024-09-08 06:00:00,2024-09-08 08:00:00,72.5
Montenegro,MNE,2024-09-08 07:00:00,2024-09-08 09:00:00,53.82
Montenegro,MNE,2024-09-08 08:00:00,2024-09-08 10:00:00,17.86
Montenegro,MNE,2024-09-08 09:00:00,2024-09-08 11:00:00,5.09
Montenegro,MNE,2024-09-08 10:00:00,2024-09-08 12:00:00,5.09
Montenegro,MNE,2024-09-08 11:00:00,2024-09-08 13:00:00,5.09
Montenegro,MNE,2024-09-08 12:00:00,2024-09-08 14:00:00,5.1
Montenegro,MNE,2024-09-08 13:00:00,2024-09-08 15:00:00,33.13
Montenegro,MNE,2024-09-08 14:00:00,2024-09-08 16:00:00,60.75
Montenegro,MNE,2024-09-08 15:00:00,2024-09-08 17:00:00,97.62
Montenegro,MNE,2024-09-08 16:00:00,2024-09-08 18:00:00,139.08
Montenegro,MNE,2024-09-08 17:00:00,2024-09-08 19:00:00,180.25
Montenegro,MNE,2024-09-08 18:00:00,2024-09-08 20:00:00,163.45
Montenegro,MNE,2024-09-08 19:00:00,2024-09-08 21:00:00,133.71
Montenegro,MNE,2024-09-08 20:00:00,2024-09-08 22:00:00,115.5
Montenegro,MNE,2024-09-08 21:00:00,2024-09-08 23:00:00,98.5
Montenegro,MNE,2024-09-08 22:00:00,2024-09-09 00:00:00,86.27
Montenegro,MNE,2024-09-08 23:00:00,2024-09-09 01:00:00,83.79
Montenegro,MNE,2024-09-09 00:00:00,2024-09-09 02:00:00,76.64
Montenegro,MNE,2024-09-09 01:00:00,2024-09-09 03:00:00,76.03
Montenegro,MNE,2024-09-09 02:00:00,2024-09-09 04:00:00,72.18
Montenegro,MNE,2024-09-09 03:00:00,2024-09-09 05:00:00,78.75
Montenegro,MNE,2024-09-09 04:00:00,2024-09-09 06:00:00,118.77
Montenegro,MNE,2024-09-09 05:00:00,2024-09-09 07:00:00,153.83
Montenegro,MNE,2024-09-09 06:00:00,2024-09-09 08:00:00,146.6
Montenegro,MNE,2024-09-09 07:00:00,2024-09-09 09:00:00,129.55
Montenegro,MNE,2024-09-09 08:00:00,2024-09-09 10:00:00,111.58
Montenegro,MNE,2024-09-09 09:00:00,2024-09-09 11:00:00,107.5
Montenegro,MNE,2024-09-09 10:00:00,2024-09-09 12:00:00,97.83
Montenegro,MNE,2024-09-09 11:00:00,2024-09-09 13:00:00,97.24
Montenegro,MNE,2024-09-09 12:00:00,2024-09-09 14:00:00,104.3
Montenegro,MNE,2024-09-09 13:00:00,2024-09-09 15:00:00,106.08
Montenegro,MNE,2024-09-09 14:00:00,2024-09-09 16:00:00,139.02
Montenegro,MNE,2024-09-09 15:00:00,2024-09-09 17:00:00,155.45
Montenegro,MNE,2024-09-09 16:00:00,2024-09-09 18:00:00,160.25
Montenegro,MNE,2024-09-09 17:00:00,2024-09-09 19:00:00,190.83
Montenegro,MNE,2024-09-09 18:00:00,2024-09-09 20:00:00,149.92
Montenegro,MNE,2024-09-09 19:00:00,2024-09-09 21:00:00,134.58
Montenegro,MNE,2024-09-09 20:00:00,2024-09-09 22:00:00,90.97
Montenegro,MNE,2024-09-09 21:00:00,2024-09-09 23:00:00,76.33
Montenegro,MNE,2024-09-09 22:00:00,2024-09-10 00:00:00,83.27
Montenegro,MNE,2024-09-09 23:00:00,2024-09-10 01:00:00,75.02
Montenegro,MNE,2024-09-10 00:00:00,2024-09-10 02:00:00,67.26
Montenegro,MNE,2024-09-10 01:00:00,2024-09-10 03:00:00,67.57
Montenegro,MNE,2024-09-10 02:00:00,2024-09-10 04:00:00,81.98
Montenegro,MNE,2024-09-10 03:00:00,2024-09-10 05:00:00,91.96
Montenegro,MNE,2024-09-10 04:00:00,2024-09-10 06:00:00,123.02
Montenegro,MNE,2024-09-10 05:00:00,2024-09-10 07:00:00,133.01
Montenegro,MNE,2024-09-10 06:00:00,2024-09-10 08:00:00,115.92
Montenegro,MNE,2024-09-10 07:00:00,2024-09-10 09:00:00,100.04
Montenegro,MNE,2024-09-10 08:00:00,2024-09-10 10:00:00,78.09
Montenegro,MNE,2024-09-10 09:00:00,2024-09-10 11:00:00,77.04
Montenegro,MNE,2024-09-10 10:00:00,2024-09-10 12:00:00,67.07
Montenegro,MNE,2024-09-10 11:00:00,2024-09-10 13:00:00,75.79
Montenegro,MNE,2024-09-10 12:00:00,2024-09-10 14:00:00,80.0
Montenegro,MNE,2024-09-10 13:00:00,2024-09-10 15:00:00,95.06
Montenegro,MNE,2024-09-10 14:00:00,2024-09-10 16:00:00,119.86
Montenegro,MNE,2024-09-10 15:00:00,2024-09-10 17:00:00,160.06
Montenegro,MNE,2024-09-10 16:00:00,2024-09-10 18:00:00,159.36
Montenegro,MNE,2024-09-10 17:00:00,2024-09-10 19:00:00,251.74
Montenegro,MNE,2024-09-10 18:00:00,2024-09-10 20:00:00,147.71
Montenegro,MNE,2024-09-10 19:00:00,2024-09-10 21:00:00,115.65
Montenegro,MNE,2024-09-10 20:00:00,2024-09-10 22:00:00,111.19
Montenegro,MNE,2024-09-10 21:00:00,2024-09-10 23:00:00,90.89
Montenegro,MNE,2024-09-10 22:00:00,2024-09-11 00:00:00,86.33
Montenegro,MNE,2024-09-10 23:00:00,2024-09-11 01:00:00,67.21
Montenegro,MNE,2024-09-11 00:00:00,2024-09-11 02:00:00,59.21
Montenegro,MNE,2024-09-11 01:00:00,2024-09-11 03:00:00,63.83
Montenegro,MNE,2024-09-11 02:00:00,2024-09-11 04:00:00,82.06
Montenegro,MNE,2024-09-11 03:00:00,2024-09-11 05:00:00,87.82
Montenegro,MNE,2024-09-11 04:00:00,2024-09-11 06:00:00,135.11
Montenegro,MNE,2024-09-11 05:00:00,2024-09-11 07:00:00,143.35
Montenegro,MNE,2024-09-11 06:00:00,2024-09-11 08:00:00,126.9
Montenegro,MNE,2024-09-11 07:00:00,2024-09-11 09:00:00,127.87
Montenegro,MNE,2024-09-11 08:00:00,2024-09-11 10:00:00,99.89
Montenegro,MNE,2024-09-11 09:00:00,2024-09-11 11:00:00,95.44
Montenegro,MNE,2024-09-11 10:00:00,2024-09-11 12:00:00,87.88
Montenegro,MNE,2024-09-11 11:00:00,2024-09-11 13:00:00,89.79
Montenegro,MNE,2024-09-11 12:00:00,2024-09-11 14:00:00,92.03
Montenegro,MNE,2024-09-11 13:00:00,2024-09-11 15:00:00,109.34
Montenegro,MNE,2024-09-11 14:00:00,2024-09-11 16:00:00,131.15
Montenegro,MNE,2024-09-11 15:00:00,2024-09-11 17:00:00,149.97
Montenegro,MNE,2024-09-11 16:00:00,2024-09-11 18:00:00,149.92
Montenegro,MNE,2024-09-11 17:00:00,2024-09-11 19:00:00,159.25
Montenegro,MNE,2024-09-11 18:00:00,2024-09-11 20:00:00,151.6
Montenegro,MNE,2024-09-11 19:00:00,2024-09-11 21:00:00,123.54
Montenegro,MNE,2024-09-11 20:00:00,2024-09-11 22:00:00,119.98
Montenegro,MNE,2024-09-11 21:00:00,2024-09-11 23:00:00,112.94
Montenegro,MNE,2024-09-11 22:00:00,2024-09-12 00:00:00,100.15
Montenegro,MNE,2024-09-11 23:00:00,2024-09-12 01:00:00,90.71
Montenegro,MNE,2024-09-12 00:00:00,2024-09-12 02:00:00,86.97
Montenegro,MNE,2024-09-12 01:00:00,2024-09-12 03:00:00,90.04
Montenegro,MNE,2024-09-12 02:00:00,2024-09-12 04:00:00,90.5
Montenegro,MNE,2024-09-12 03:00:00,2024-09-12 05:00:00,97.59
Montenegro,MNE,2024-09-12 04:00:00,2024-09-12 06:00:00,120.85
Montenegro,MNE,2024-09-12 05:00:00,2024-09-12 07:00:00,146.5
Montenegro,MNE,2024-09-12 06:00:00,2024-09-12 08:00:00,140.09
Montenegro,MNE,2024-09-12 07:00:00,2024-09-12 09:00:00,126.59
Montenegro,MNE,2024-09-12 08:00:00,2024-09-12 10:00:00,110.07
Montenegro,MNE,2024-09-12 09:00:00,2024-09-12 11:00:00,110.02
Montenegro,MNE,2024-09-12 10:00:00,2024-09-12 12:00:00,98.03
Montenegro,MNE,2024-09-12 11:00:00,2024-09-12 13:00:00,89.99
Montenegro,MNE,2024-09-12 12:00:00,2024-09-12 14:00:00,99.79
Montenegro,MNE,2024-09-12 13:00:00,2024-09-12 15:00:00,95.08
Montenegro,MNE,2024-09-12 14:00:00,2024-09-12 16:00:00,118.94
Montenegro,MNE,2024-09-12 15:00:00,2024-09-12 17:00:00,139.33
Montenegro,MNE,2024-09-12 16:00:00,2024-09-12 18:00:00,149.93
Montenegro,MNE,2024-09-12 17:00:00,2024-09-12 19:00:00,179.9
Montenegro,MNE,2024-09-12 18:00:00,2024-09-12 20:00:00,151.05
Montenegro,MNE,2024-09-12 19:00:00,2024-09-12 21:00:00,139.42
Montenegro,MNE,2024-09-12 20:00:00,2024-09-12 22:00:00,125.14
Montenegro,MNE,2024-09-12 21:00:00,2024-09-12 23:00:00,115.07
Montenegro,MNE,2024-09-12 22:00:00,2024-09-13 00:00:00,90.82
Montenegro,MNE,2024-09-12 23:00:00,2024-09-13 01:00:00,88.3
Montenegro,MNE,2024-09-13 00:00:00,2024-09-13 02:00:00,87.06
Montenegro,MNE,2024-09-13 01:00:00,2024-09-13 03:00:00,83.71
Montenegro,MNE,2024-09-13 02:00:00,2024-09-13 04:00:00,83.79
Montenegro,MNE,2024-09-13 03:00:00,2024-09-13 05:00:00,89.05
Montenegro,MNE,2024-09-13 04:00:00,2024-09-13 06:00:00,111.28
Montenegro,MNE,2024-09-13 05:00:00,2024-09-13 07:00:00,113.05
Montenegro,MNE,2024-09-13 06:00:00,2024-09-13 08:00:00,118.03
Montenegro,MNE,2024-09-13 07:00:00,2024-09-13 09:00:00,93.59
Montenegro,MNE,2024-09-13 08:00:00,2024-09-13 10:00:00,76.98
Montenegro,MNE,2024-09-13 09:00:00,2024-09-13 11:00:00,76.91
Montenegro,MNE,2024-09-13 10:00:00,2024-09-13 12:00:00,76.0
Montenegro,MNE,2024-09-13 11:00:00,2024-09-13 13:00:00,69.73
Montenegro,MNE,2024-09-13 12:00:00,2024-09-13 14:00:00,68.04
Montenegro,MNE,2024-09-13 13:00:00,2024-09-13 15:00:00,77.57
Montenegro,MNE,2024-09-13 14:00:00,2024-09-13 16:00:00,93.08
Montenegro,MNE,2024-09-13 15:00:00,2024-09-13 17:00:00,108.08
Montenegro,MNE,2024-09-13 16:00:00,2024-09-13 18:00:00,139.91
Montenegro,MNE,2024-09-13 17:00:00,2024-09-13 19:00:00,139.94
Montenegro,MNE,2024-09-13 18:00:00,2024-09-13 20:00:00,139.21
Montenegro,MNE,2024-09-13 19:00:00,2024-09-13 21:00:00,112.53
Montenegro,MNE,2024-09-13 20:00:00,2024-09-13 22:00:00,97.23
Montenegro,MNE,2024-09-13 21:00:00,2024-09-13 23:00:00,83.04
Montenegro,MNE,2024-09-13 22:00:00,2024-09-14 00:00:00,76.0
Montenegro,MNE,2024-09-13 23:00:00,2024-09-14 01:00:00,71.18
Montenegro,MNE,2024-09-14 00:00:00,2024-09-14 02:00:00,59.59
Montenegro,MNE,2024-09-14 01:00:00,2024-09-14 03:00:00,59.58
Montenegro,MNE,2024-09-14 02:00:00,2024-09-14 04:00:00,59.56
Montenegro,MNE,2024-09-14 03:00:00,2024-09-14 05:00:00,64.43
Montenegro,MNE,2024-09-14 04:00:00,2024-09-14 06:00:00,75.06
Montenegro,MNE,2024-09-14 05:00:00,2024-09-14 07:00:00,83.04
Montenegro,MNE,2024-09-14 06:00:00,2024-09-14 08:00:00,85.1
Montenegro,MNE,2024-09-14 07:00:00,2024-09-14 09:00:00,77.01
Montenegro,MNE,2024-09-14 08:00:00,2024-09-14 10:00:00,73.5
Montenegro,MNE,2024-09-14 09:00:00,2024-09-14 11:00:00,67.84
Montenegro,MNE,2024-09-14 10:00:00,2024-09-14 12:00:00,65.33
Montenegro,MNE,2024-09-14 11:00:00,2024-09-14 13:00:00,59.53
Montenegro,MNE,2024-09-14 12:00:00,2024-09-14 14:00:00,62.59
Montenegro,MNE,2024-09-14 13:00:00,2024-09-14 15:00:00,65.01
Montenegro,MNE,2024-09-14 14:00:00,2024-09-14 16:00:00,85.02
Montenegro,MNE,2024-09-14 15:00:00,2024-09-14 17:00:00,97.03
Montenegro,MNE,2024-09-14 16:00:00,2024-09-14 18:00:00,115.39
Montenegro,MNE,2024-09-14 17:00:00,2024-09-14 19:00:00,119.08
Montenegro,MNE,2024-09-14 18:00:00,2024-09-14 20:00:00,126.05
Montenegro,MNE,2024-09-14 19:00:00,2024-09-14 21:00:00,107.06
Montenegro,MNE,2024-09-14 20:00:00,2024-09-14 22:00:00,93.05
Montenegro,MNE,2024-09-14 21:00:00,2024-09-14 23:00:00,86.05
Montenegro,MNE,2024-09-14 22:00:00,2024-09-15 00:00:00,85.07
Montenegro,MNE,2024-09-14 23:00:00,2024-09-15 01:00:00,70.07
Montenegro,MNE,2024-09-15 00:00:00,2024-09-15 02:00:00,65.04
Montenegro,MNE,2024-09-15 01:00:00,2024-09-15 03:00:00,65.05
Montenegro,MNE,2024-09-15 02:00:00,2024-09-15 04:00:00,65.05
Montenegro,MNE,2024-09-15 03:00:00,2024-09-15 05:00:00,70.02
Montenegro,MNE,2024-09-15 04:00:00,2024-09-15 06:00:00,70.03
Montenegro,MNE,2024-09-15 05:00:00,2024-09-15 07:00:00,76.01
Montenegro,MNE,2024-09-15 06:00:00,2024-09-15 08:00:00,75.09
Montenegro,MNE,2024-09-15 07:00:00,2024-09-15 09:00:00,55.34
Montenegro,MNE,2024-09-15 08:00:00,2024-09-15 10:00:00,25.04
Montenegro,MNE,2024-09-15 09:00:00,2024-09-15 11:00:00,25.01
Montenegro,MNE,2024-09-15 10:00:00,2024-09-15 12:00:00,30.07
Montenegro,MNE,2024-09-15 11:00:00,2024-09-15 13:00:00,27.02
Montenegro,MNE,2024-09-15 12:00:00,2024-09-15 14:00:00,25.0
Montenegro,MNE,2024-09-15 13:00:00,2024-09-15 15:00:00,25.01
Montenegro,MNE,2024-09-15 14:00:00,2024-09-15 16:00:00,51.08
Montenegro,MNE,2024-09-15 15:00:00,2024-09-15 17:00:00,78.03
Montenegro,MNE,2024-09-15 16:00:00,2024-09-15 18:00:00,109.02
Montenegro,MNE,2024-09-15 17:00:00,2024-09-15 19:00:00,144.02
Montenegro,MNE,2024-09-15 18:00:00,2024-09-15 20:00:00,134.08
Montenegro,MNE,2024-09-15 19:00:00,2024-09-15 21:00:00,117.02
Montenegro,MNE,2024-09-15 20:00:00,2024-09-15 22:00:00,106.52
Montenegro,MNE,2024-09-15 21:00:00,2024-09-15 23:00:00,92.34
Montenegro,MNE,2024-09-15 22:00:00,2024-09-16 00:00:00,87.6
Montenegro,MNE,2024-09-15 23:00:00,2024-09-16 01:00:00,83.51
Montenegro,MNE,2024-09-16 00:00:00,2024-09-16 02:00:00,81.07
Montenegro,MNE,2024-09-16 01:00:00,2024-09-16 03:00:00,82.54
Montenegro,MNE,2024-09-16 02:00:00,2024-09-16 04:00:00,82.02
Montenegro,MNE,2024-09-16 03:00:00,2024-09-16 05:00:00,86.06
Montenegro,MNE,2024-09-16 04:00:00,2024-09-16 06:00:00,111.69
Montenegro,MNE,2024-09-16 05:00:00,2024-09-16 07:00:00,133.27
Montenegro,MNE,2024-09-16 06:00:00,2024-09-16 08:00:00,143.14
Montenegro,MNE,2024-09-16 07:00:00,2024-09-16 09:00:00,125.17
Montenegro,MNE,2024-09-16 08:00:00,2024-09-16 10:00:00,111.88
Montenegro,MNE,2024-09-16 09:00:00,2024-09-16 11:00:00,104.25
Montenegro,MNE,2024-09-16 10:00:00,2024-09-16 12:00:00,96.23
Montenegro,MNE,2024-09-16 11:00:00,2024-09-16 13:00:00,96.21
Montenegro,MNE,2024-09-16 12:00:00,2024-09-16 14:00:00,96.73
Montenegro,MNE,2024-09-16 13:00:00,2024-09-16 15:00:00,92.83
Montenegro,MNE,2024-09-16 14:00:00,2024-09-16 16:00:00,104.21
Montenegro,MNE,2024-09-16 15:00:00,2024-09-16 17:00:00,125.69
Montenegro,MNE,2024-09-16 16:00:00,2024-09-16 18:00:00,158.1
Montenegro,MNE,2024-09-16 17:00:00,2024-09-16 19:00:00,168.0
Montenegro,MNE,2024-09-16 18:00:00,2024-09-16 20:00:00,167.24
Montenegro,MNE,2024-09-16 19:00:00,2024-09-16 21:00:00,142.9
Montenegro,MNE,2024-09-16 20:00:00,2024-09-16 22:00:00,100.01
Montenegro,MNE,2024-09-16 21:00:00,2024-09-16 23:00:00,86.1
Montenegro,MNE,2024-09-16 22:00:00,2024-09-17 00:00:00,90.86
Montenegro,MNE,2024-09-16 23:00:00,2024-09-17 01:00:00,97.54
Montenegro,MNE,2024-09-17 00:00:00,2024-09-17 02:00:00,87.05
Montenegro,MNE,2024-09-17 01:00:00,2024-09-17 03:00:00,90.92
Montenegro,MNE,2024-09-17 02:00:00,2024-09-17 04:00:00,85.04
Montenegro,MNE,2024-09-17 03:00:00,2024-09-17 05:00:00,104.22
Montenegro,MNE,2024-09-17 04:00:00,2024-09-17 06:00:00,139.52
Montenegro,MNE,2024-09-17 05:00:00,2024-09-17 07:00:00,153.54
Montenegro,MNE,2024-09-17 06:00:00,2024-09-17 08:00:00,146.92
Montenegro,MNE,2024-09-17 07:00:00,2024-09-17 09:00:00,118.86
Montenegro,MNE,2024-09-17 08:00:00,2024-09-17 10:00:00,104.76
Montenegro,MNE,2024-09-17 09:00:00,2024-09-17 11:00:00,97.8
Montenegro,MNE,2024-09-17 10:00:00,2024-09-17 12:00:00,90.59
Montenegro,MNE,2024-09-17 11:00:00,2024-09-17 13:00:00,86.08
Montenegro,MNE,2024-09-17 12:00:00,2024-09-17 14:00:00,90.88
Montenegro,MNE,2024-09-17 13:00:00,2024-09-17 15:00:00,104.48
Montenegro,MNE,2024-09-17 14:00:00,2024-09-17 16:00:00,111.8
Montenegro,MNE,2024-09-17 15:00:00,2024-09-17 17:00:00,125.16
Montenegro,MNE,2024-09-17 16:00:00,2024-09-17 18:00:00,139.91
Montenegro,MNE,2024-09-17 17:00:00,2024-09-17 19:00:00,174.69
Montenegro,MNE,2024-09-17 18:00:00,2024-09-17 20:00:00,167.27
Montenegro,MNE,2024-09-17 19:00:00,2024-09-17 21:00:00,132.42
Montenegro,MNE,2024-09-17 20:00:00,2024-09-17 22:00:00,104.66
Montenegro,MNE,2024-09-17 21:00:00,2024-09-17 23:00:00,97.96
Montenegro,MNE,2024-09-17 22:00:00,2024-09-18 00:00:00,97.78
Montenegro,MNE,2024-09-17 23:00:00,2024-09-18 01:00:00,90.88
Montenegro,MNE,2024-09-18 00:00:00,2024-09-18 02:00:00,97.29
Montenegro,MNE,2024-09-18 01:00:00,2024-09-18 03:00:00,85.01
Montenegro,MNE,2024-09-18 02:00:00,2024-09-18 04:00:00,97.23
Montenegro,MNE,2024-09-18 03:00:00,2024-09-18 05:00:00,104.05
Montenegro,MNE,2024-09-18 04:00:00,2024-09-18 06:00:00,119.01
Montenegro,MNE,2024-09-18 05:00:00,2024-09-18 07:00:00,139.03
Montenegro,MNE,2024-09-18 06:00:00,2024-09-18 08:00:00,139.62
Montenegro,MNE,2024-09-18 07:00:00,2024-09-18 09:00:00,118.12
Montenegro,MNE,2024-09-18 08:00:00,2024-09-18 10:00:00,111.94
Montenegro,MNE,2024-09-18 09:00:00,2024-09-18 11:00:00,111.58
Montenegro,MNE,2024-09-18 10:00:00,2024-09-18 12:00:00,104.3
Montenegro,MNE,2024-09-18 11:00:00,2024-09-18 13:00:00,108.62
Montenegro,MNE,2024-09-18 12:00:00,2024-09-18 14:00:00,111.59
Montenegro,MNE,2024-09-18 13:00:00,2024-09-18 15:00:00,109.83
Montenegro,MNE,2024-09-18 14:00:00,2024-09-18 16:00:00,111.58
Montenegro,MNE,2024-09-18 15:00:00,2024-09-18 17:00:00,150.02
Montenegro,MNE,2024-09-18 16:00:00,2024-09-18 18:00:00,139.93
Montenegro,MNE,2024-09-18 17:00:00,2024-09-18 19:00:00,193.29
Montenegro,MNE,2024-09-18 18:00:00,2024-09-18 20:00:00,180.03
Montenegro,MNE,2024-09-18 19:00:00,2024-09-18 21:00:00,132.25
Montenegro,MNE,2024-09-18 20:00:00,2024-09-18 22:00:00,105.09
Montenegro,MNE,2024-09-18 21:00:00,2024-09-18 23:00:00,104.7
Montenegro,MNE,2024-09-18 22:00:00,2024-09-19 00:00:00,84.65
Montenegro,MNE,2024-09-18 23:00:00,2024-09-19 01:00:00,77.05
Montenegro,MNE,2024-09-19 00:00:00,2024-09-19 02:00:00,77.06
Montenegro,MNE,2024-09-19 01:00:00,2024-09-19 03:00:00,75.76
Montenegro,MNE,2024-09-19 02:00:00,2024-09-19 04:00:00,75.75
Montenegro,MNE,2024-09-19 03:00:00,2024-09-19 05:00:00,87.45
Montenegro,MNE,2024-09-19 04:00:00,2024-09-19 06:00:00,107.26
Montenegro,MNE,2024-09-19 05:00:00,2024-09-19 07:00:00,125.04
Montenegro,MNE,2024-09-19 06:00:00,2024-09-19 08:00:00,119.96
Montenegro,MNE,2024-09-19 07:00:00,2024-09-19 09:00:00,117.29
Montenegro,MNE,2024-09-19 08:00:00,2024-09-19 10:00:00,105.02
Montenegro,MNE,2024-09-19 09:00:00,2024-09-19 11:00:00,90.59
Montenegro,MNE,2024-09-19 10:00:00,2024-09-19 12:00:00,94.05
Montenegro,MNE,2024-09-19 11:00:00,2024-09-19 13:00:00,90.03
Montenegro,MNE,2024-09-19 12:00:00,2024-09-19 14:00:00,91.16
Montenegro,MNE,2024-09-19 13:00:00,2024-09-19 15:00:00,82.01
Montenegro,MNE,2024-09-19 14:00:00,2024-09-19 16:00:00,100.09
Montenegro,MNE,2024-09-19 15:00:00,2024-09-19 17:00:00,119.19
Montenegro,MNE,2024-09-19 16:00:00,2024-09-19 18:00:00,130.08
Montenegro,MNE,2024-09-19 17:00:00,2024-09-19 19:00:00,160.09
Montenegro,MNE,2024-09-19 18:00:00,2024-09-19 20:00:00,143.47
Montenegro,MNE,2024-09-19 19:00:00,2024-09-19 21:00:00,107.46
Montenegro,MNE,2024-09-19 20:00:00,2024-09-19 22:00:00,104.29
Montenegro,MNE,2024-09-19 21:00:00,2024-09-19 23:00:00,101.79
Montenegro,MNE,2024-09-19 22:00:00,2024-09-20 00:00:00,87.71
Montenegro,MNE,2024-09-19 23:00:00,2024-09-20 01:00:00,84.09
Montenegro,MNE,2024-09-20 00:00:00,2024-09-20 02:00:00,87.02
Montenegro,MNE,2024-09-20 01:00:00,2024-09-20 03:00:00,83.27
Montenegro,MNE,2024-09-20 02:00:00,2024-09-20 04:00:00,83.21
Montenegro,MNE,2024-09-20 03:00:00,2024-09-20 05:00:00,87.0
Montenegro,MNE,2024-09-20 04:00:00,2024-09-20 06:00:00,99.98
Montenegro,MNE,2024-09-20 05:00:00,2024-09-20 07:00:00,127.22
Montenegro,MNE,2024-09-20 06:00:00,2024-09-20 08:00:00,119.99
Montenegro,MNE,2024-09-20 07:00:00,2024-09-20 09:00:00,90.09
Montenegro,MNE,2024-09-20 08:00:00,2024-09-20 10:00:00,72.06
Montenegro,MNE,2024-09-20 09:00:00,2024-09-20 11:00:00,90.05
Montenegro,MNE,2024-09-20 10:00:00,2024-09-20 12:00:00,90.07
Montenegro,MNE,2024-09-20 11:00:00,2024-09-20 13:00:00,90.06
Montenegro,MNE,2024-09-20 12:00:00,2024-09-20 14:00:00,87.01
Montenegro,MNE,2024-09-20 13:00:00,2024-09-20 15:00:00,87.08
Montenegro,MNE,2024-09-20 14:00:00,2024-09-20 16:00:00,91.09
Montenegro,MNE,2024-09-20 15:00:00,2024-09-20 17:00:00,99.98
Montenegro,MNE,2024-09-20 16:00:00,2024-09-20 18:00:00,111.97
Montenegro,MNE,2024-09-20 17:00:00,2024-09-20 19:00:00,139.19
Montenegro,MNE,2024-09-20 18:00:00,2024-09-20 20:00:00,121.09
Montenegro,MNE,2024-09-20 19:00:00,2024-09-20 21:00:00,120.97
Montenegro,MNE,2024-09-20 20:00:00,2024-09-20 22:00:00,95.8
Montenegro,MNE,2024-09-20 21:00:00,2024-09-20 23:00:00,90.07
Montenegro,MNE,2024-09-20 22:00:00,2024-09-21 00:00:00,100.05
Montenegro,MNE,2024-09-20 23:00:00,2024-09-21 01:00:00,95.07
Montenegro,MNE,2024-09-21 00:00:00,2024-09-21 02:00:00,93.05
Montenegro,MNE,2024-09-21 01:00:00,2024-09-21 03:00:00,90.15
Montenegro,MNE,2024-09-21 02:00:00,2024-09-21 04:00:00,89.68
Montenegro,MNE,2024-09-21 03:00:00,2024-09-21 05:00:00,94.06
Montenegro,MNE,2024-09-21 04:00:00,2024-09-21 06:00:00,100.0
Montenegro,MNE,2024-09-21 05:00:00,2024-09-21 07:00:00,112.08
Montenegro,MNE,2024-09-21 06:00:00,2024-09-21 08:00:00,123.16
Montenegro,MNE,2024-09-21 07:00:00,2024-09-21 09:00:00,103.99
Montenegro,MNE,2024-09-21 08:00:00,2024-09-21 10:00:00,95.59
Montenegro,MNE,2024-09-21 09:00:00,2024-09-21 11:00:00,85.03
Montenegro,MNE,2024-09-21 10:00:00,2024-09-21 12:00:00,85.05
Montenegro,MNE,2024-09-21 11:00:00,2024-09-21 13:00:00,83.02
Montenegro,MNE,2024-09-21 12:00:00,2024-09-21 14:00:00,80.08
Montenegro,MNE,2024-09-21 13:00:00,2024-09-21 15:00:00,83.15
Montenegro,MNE,2024-09-21 14:00:00,2024-09-21 16:00:00,96.38
Montenegro,MNE,2024-09-21 15:00:00,2024-09-21 17:00:00,99.8
Montenegro,MNE,2024-09-21 16:00:00,2024-09-21 18:00:00,138.89
Montenegro,MNE,2024-09-21 17:00:00,2024-09-21 19:00:00,179.28
Montenegro,MNE,2024-09-21 18:00:00,2024-09-21 20:00:00,151.58
Montenegro,MNE,2024-09-21 19:00:00,2024-09-21 21:00:00,144.65
Montenegro,MNE,2024-09-21 20:00:00,2024-09-21 22:00:00,122.89
Montenegro,MNE,2024-09-21 21:00:00,2024-09-21 23:00:00,107.21
Montenegro,MNE,2024-09-21 22:00:00,2024-09-22 00:00:00,107.41
Montenegro,MNE,2024-09-21 23:00:00,2024-09-22 01:00:00,87.06
Montenegro,MNE,2024-09-22 00:00:00,2024-09-22 02:00:00,79.2
Montenegro,MNE,2024-09-22 01:00:00,2024-09-22 03:00:00,75.85
Montenegro,MNE,2024-09-22 02:00:00,2024-09-22 04:00:00,75.08
Montenegro,MNE,2024-09-22 03:00:00,2024-09-22 05:00:00,78.12
Montenegro,MNE,2024-09-22 04:00:00,2024-09-22 06:00:00,87.97
Montenegro,MNE,2024-09-22 05:00:00,2024-09-22 07:00:00,103.4
Montenegro,MNE,2024-09-22 06:00:00,2024-09-22 08:00:00,103.13
Montenegro,MNE,2024-09-22 07:00:00,2024-09-22 09:00:00,103.23
Montenegro,MNE,2024-09-22 08:00:00,2024-09-22 10:00:00,96.92
Montenegro,MNE,2024-09-22 09:00:00,2024-09-22 11:00:00,88.92
Montenegro,MNE,2024-09-22 10:00:00,2024-09-22 12:00:00,85.05
Montenegro,MNE,2024-09-22 11:00:00,2024-09-22 13:00:00,77.68
Montenegro,MNE,2024-09-22 12:00:00,2024-09-22 14:00:00,79.4
Montenegro,MNE,2024-09-22 13:00:00,2024-09-22 15:00:00,83.28
Montenegro,MNE,2024-09-22 14:00:00,2024-09-22 16:00:00,88.05
Montenegro,MNE,2024-09-22 15:00:00,2024-09-22 17:00:00,99.5
Montenegro,MNE,2024-09-22 16:00:00,2024-09-22 18:00:00,121.65
Montenegro,MNE,2024-09-22 17:00:00,2024-09-22 19:00:00,129.97
Montenegro,MNE,2024-09-22 18:00:00,2024-09-22 20:00:00,131.3
Montenegro,MNE,2024-09-22 19:00:00,2024-09-22 21:00:00,121.55
Montenegro,MNE,2024-09-22 20:00:00,2024-09-22 22:00:00,112.55
Montenegro,MNE,2024-09-22 21:00:00,2024-09-22 23:00:00,101.0
Montenegro,MNE,2024-09-22 22:00:00,2024-09-23 00:00:00,104.19
Montenegro,MNE,2024-09-22 23:00:00,2024-09-23 01:00:00,90.66
Montenegro,MNE,2024-09-23 00:00:00,2024-09-23 02:00:00,86.69
Montenegro,MNE,2024-09-23 01:00:00,2024-09-23 03:00:00,83.84
Montenegro,MNE,2024-09-23 02:00:00,2024-09-23 04:00:00,83.88
Montenegro,MNE,2024-09-23 03:00:00,2024-09-23 05:00:00,93.06
Montenegro,MNE,2024-09-23 04:00:00,2024-09-23 06:00:00,125.96
Montenegro,MNE,2024-09-23 05:00:00,2024-09-23 07:00:00,147.07
Montenegro,MNE,2024-09-23 06:00:00,2024-09-23 08:00:00,139.91
Montenegro,MNE,2024-09-23 07:00:00,2024-09-23 09:00:00,114.17
Montenegro,MNE,2024-09-23 08:00:00,2024-09-23 10:00:00,104.17
Montenegro,MNE,2024-09-23 09:00:00,2024-09-23 11:00:00,100.87
Montenegro,MNE,2024-09-23 10:00:00,2024-09-23 12:00:00,97.83
Montenegro,MNE,2024-09-23 11:00:00,2024-09-23 13:00:00,97.85
Montenegro,MNE,2024-09-23 12:00:00,2024-09-23 14:00:00,97.77
Montenegro,MNE,2024-09-23 13:00:00,2024-09-23 15:00:00,103.17
Montenegro,MNE,2024-09-23 14:00:00,2024-09-23 16:00:00,108.05
Montenegro,MNE,2024-09-23 15:00:00,2024-09-23 17:00:00,129.15
Montenegro,MNE,2024-09-23 16:00:00,2024-09-23 18:00:00,144.02
Montenegro,MNE,2024-09-23 17:00:00,2024-09-23 19:00:00,186.02
Montenegro,MNE,2024-09-23 18:00:00,2024-09-23 20:00:00,139.78
Montenegro,MNE,2024-09-23 19:00:00,2024-09-23 21:00:00,122.55
Montenegro,MNE,2024-09-23 20:00:00,2024-09-23 22:00:00,108.0
Montenegro,MNE,2024-09-23 21:00:00,2024-09-23 23:00:00,97.83
Montenegro,MNE,2024-09-23 22:00:00,2024-09-24 00:00:00,107.85
Montenegro,MNE,2024-09-23 23:00:00,2024-09-24 01:00:00,102.04
Montenegro,MNE,2024-09-24 00:00:00,2024-09-24 02:00:00,99.04
Montenegro,MNE,2024-09-24 01:00:00,2024-09-24 03:00:00,85.07
Montenegro,MNE,2024-09-24 02:00:00,2024-09-24 04:00:00,88.77
Montenegro,MNE,2024-09-24 03:00:00,2024-09-24 05:00:00,94.59
Montenegro,MNE,2024-09-24 04:00:00,2024-09-24 06:00:00,125.01
Montenegro,MNE,2024-09-24 05:00:00,2024-09-24 07:00:00,162.62
Montenegro,MNE,2024-09-24 06:00:00,2024-09-24 08:00:00,155.05
Montenegro,MNE,2024-09-24 07:00:00,2024-09-24 09:00:00,125.11
Montenegro,MNE,2024-09-24 08:00:00,2024-09-24 10:00:00,108.09
Montenegro,MNE,2024-09-24 09:00:00,2024-09-24 11:00:00,99.0
Montenegro,MNE,2024-09-24 10:00:00,2024-09-24 12:00:00,90.62
Montenegro,MNE,2024-09-24 11:00:00,2024-09-24 13:00:00,83.71
Montenegro,MNE,2024-09-24 12:00:00,2024-09-24 14:00:00,90.04
Montenegro,MNE,2024-09-24 13:00:00,2024-09-24 15:00:00,104.09
Montenegro,MNE,2024-09-24 14:00:00,2024-09-24 16:00:00,110.8
Montenegro,MNE,2024-09-24 15:00:00,2024-09-24 17:00:00,129.97
Montenegro,MNE,2024-09-24 16:00:00,2024-09-24 18:00:00,157.06
Montenegro,MNE,2024-09-24 17:00:00,2024-09-24 19:00:00,221.0
Montenegro,MNE,2024-09-24 18:00:00,2024-09-24 20:00:00,163.05
Montenegro,MNE,2024-09-24 19:00:00,2024-09-24 21:00:00,125.39
Montenegro,MNE,2024-09-24 20:00:00,2024-09-24 22:00:00,109.55
Montenegro,MNE,2024-09-24 21:00:00,2024-09-24 23:00:00,103.25
Montenegro,MNE,2024-09-24 22:00:00,2024-09-25 00:00:00,97.95
Montenegro,MNE,2024-09-24 23:00:00,2024-09-25 01:00:00,90.62
Montenegro,MNE,2024-09-25 00:00:00,2024-09-25 02:00:00,85.29
Montenegro,MNE,2024-09-25 01:00:00,2024-09-25 03:00:00,83.99
Montenegro,MNE,2024-09-25 02:00:00,2024-09-25 04:00:00,86.12
Montenegro,MNE,2024-09-25 03:00:00,2024-09-25 05:00:00,90.18
Montenegro,MNE,2024-09-25 04:00:00,2024-09-25 06:00:00,111.81
Montenegro,MNE,2024-09-25 05:00:00,2024-09-25 07:00:00,139.24
Montenegro,MNE,2024-09-25 06:00:00,2024-09-25 08:00:00,143.86
Montenegro,MNE,2024-09-25 07:00:00,2024-09-25 09:00:00,128.54
Montenegro,MNE,2024-09-25 08:00:00,2024-09-25 10:00:00,116.01
Montenegro,MNE,2024-09-25 09:00:00,2024-09-25 11:00:00,104.75
Montenegro,MNE,2024-09-25 10:00:00,2024-09-25 12:00:00,96.56
Montenegro,MNE,2024-09-25 11:00:00,2024-09-25 13:00:00,93.21
Montenegro,MNE,2024-09-25 12:00:00,2024-09-25 14:00:00,98.53
Montenegro,MNE,2024-09-25 13:00:00,2024-09-25 15:00:00,104.74
Montenegro,MNE,2024-09-25 14:00:00,2024-09-25 16:00:00,108.03
Montenegro,MNE,2024-09-25 15:00:00,2024-09-25 17:00:00,113.04
Montenegro,MNE,2024-09-25 16:00:00,2024-09-25 18:00:00,132.4
Montenegro,MNE,2024-09-25 17:00:00,2024-09-25 19:00:00,160.5
Montenegro,MNE,2024-09-25 18:00:00,2024-09-25 20:00:00,132.84
Montenegro,MNE,2024-09-25 19:00:00,2024-09-25 21:00:00,112.75
Montenegro,MNE,2024-09-25 20:00:00,2024-09-25 22:00:00,102.92
Montenegro,MNE,2024-09-25 21:00:00,2024-09-25 23:00:00,95.07
Montenegro,MNE,2024-09-25 22:00:00,2024-09-26 00:00:00,103.68
Montenegro,MNE,2024-09-25 23:00:00,2024-09-26 01:00:00,100.92
Montenegro,MNE,2024-09-26 00:00:00,2024-09-26 02:00:00,98.25
Montenegro,MNE,2024-09-26 01:00:00,2024-09-26 03:00:00,89.04
Montenegro,MNE,2024-09-26 02:00:00,2024-09-26 04:00:00,86.02
Montenegro,MNE,2024-09-26 03:00:00,2024-09-26 05:00:00,104.26
Montenegro,MNE,2024-09-26 04:00:00,2024-09-26 06:00:00,113.14
Montenegro,MNE,2024-09-26 05:00:00,2024-09-26 07:00:00,126.99
Montenegro,MNE,2024-09-26 06:00:00,2024-09-26 08:00:00,151.63
Montenegro,MNE,2024-09-26 07:00:00,2024-09-26 09:00:00,123.19
Montenegro,MNE,2024-09-26 08:00:00,2024-09-26 10:00:00,107.42
Montenegro,MNE,2024-09-26 09:00:00,2024-09-26 11:00:00,104.06
Montenegro,MNE,2024-09-26 10:00:00,2024-09-26 12:00:00,97.86
Montenegro,MNE,2024-09-26 11:00:00,2024-09-26 13:00:00,90.49
Montenegro,MNE,2024-09-26 12:00:00,2024-09-26 14:00:00,97.12
Montenegro,MNE,2024-09-26 13:00:00,2024-09-26 15:00:00,103.51
Montenegro,MNE,2024-09-26 14:00:00,2024-09-26 16:00:00,108.01
Montenegro,MNE,2024-09-26 15:00:00,2024-09-26 17:00:00,108.1
Montenegro,MNE,2024-09-26 16:00:00,2024-09-26 18:00:00,129.96
Montenegro,MNE,2024-09-26 17:00:00,2024-09-26 19:00:00,139.18
Montenegro,MNE,2024-09-26 18:00:00,2024-09-26 20:00:00,122.92
Montenegro,MNE,2024-09-26 19:00:00,2024-09-26 21:00:00,98.09
Montenegro,MNE,2024-09-26 20:00:00,2024-09-26 22:00:00,100.09
Montenegro,MNE,2024-09-26 21:00:00,2024-09-26 23:00:00,97.8
Montenegro,MNE,2024-09-26 22:00:00,2024-09-27 00:00:00,97.1
Montenegro,MNE,2024-09-26 23:00:00,2024-09-27 01:00:00,90.69
Montenegro,MNE,2024-09-27 00:00:00,2024-09-27 02:00:00,84.02
Montenegro,MNE,2024-09-27 01:00:00,2024-09-27 03:00:00,81.01
Montenegro,MNE,2024-09-27 02:00:00,2024-09-27 04:00:00,83.34
Montenegro,MNE,2024-09-27 03:00:00,2024-09-27 05:00:00,91.0
Montenegro,MNE,2024-09-27 04:00:00,2024-09-27 06:00:00,111.96
Montenegro,MNE,2024-09-27 05:00:00,2024-09-27 07:00:00,125.98
Montenegro,MNE,2024-09-27 06:00:00,2024-09-27 08:00:00,132.26
Montenegro,MNE,2024-09-27 07:00:00,2024-09-27 09:00:00,105.08
Montenegro,MNE,2024-09-27 08:00:00,2024-09-27 10:00:00,112.03
Montenegro,MNE,2024-09-27 09:00:00,2024-09-27 11:00:00,107.06
Montenegro,MNE,2024-09-27 10:00:00,2024-09-27 12:00:00,97.06
Montenegro,MNE,2024-09-27 11:00:00,2024-09-27 13:00:00,90.2
Montenegro,MNE,2024-09-27 12:00:00,2024-09-27 14:00:00,90.37
Montenegro,MNE,2024-09-27 13:00:00,2024-09-27 15:00:00,97.05
Montenegro,MNE,2024-09-27 14:00:00,2024-09-27 16:00:00,104.02
Montenegro,MNE,2024-09-27 15:00:00,2024-09-27 17:00:00,121.1
Montenegro,MNE,2024-09-27 16:00:00,2024-09-27 18:00:00,129.96
Montenegro,MNE,2024-09-27 17:00:00,2024-09-27 19:00:00,141.09
Montenegro,MNE,2024-09-27 18:00:00,2024-09-27 20:00:00,129.94
Montenegro,MNE,2024-09-27 19:00:00,2024-09-27 21:00:00,111.99
Montenegro,MNE,2024-09-27 20:00:00,2024-09-27 22:00:00,104.89
Montenegro,MNE,2024-09-27 21:00:00,2024-09-27 23:00:00,104.84
Montenegro,MNE,2024-09-27 22:00:00,2024-09-28 00:00:00,110.01
Montenegro,MNE,2024-09-27 23:00:00,2024-09-28 01:00:00,96.05
Montenegro,MNE,2024-09-28 00:00:00,2024-09-28 02:00:00,88.02
Montenegro,MNE,2024-09-28 01:00:00,2024-09-28 03:00:00,88.03
Montenegro,MNE,2024-09-28 02:00:00,2024-09-28 04:00:00,88.01
Montenegro,MNE,2024-09-28 03:00:00,2024-09-28 05:00:00,97.37
Montenegro,MNE,2024-09-28 04:00:00,2024-09-28 06:00:00,108.01
Montenegro,MNE,2024-09-28 05:00:00,2024-09-28 07:00:00,115.05
Montenegro,MNE,2024-09-28 06:00:00,2024-09-28 08:00:00,109.0
Montenegro,MNE,2024-09-28 07:00:00,2024-09-28 09:00:00,110.05
Montenegro,MNE,2024-09-28 08:00:00,2024-09-28 10:00:00,92.08
Montenegro,MNE,2024-09-28 09:00:00,2024-09-28 11:00:00,75.08
Montenegro,MNE,2024-09-28 10:00:00,2024-09-28 12:00:00,73.05
Montenegro,MNE,2024-09-28 11:00:00,2024-09-28 13:00:00,71.05
Montenegro,MNE,2024-09-28 12:00:00,2024-09-28 14:00:00,74.05
Montenegro,MNE,2024-09-28 13:00:00,2024-09-28 15:00:00,71.03
Montenegro,MNE,2024-09-28 14:00:00,2024-09-28 16:00:00,76.48
Montenegro,MNE,2024-09-28 15:00:00,2024-09-28 17:00:00,104.06
Montenegro,MNE,2024-09-28 16:00:00,2024-09-28 18:00:00,118.57
Montenegro,MNE,2024-09-28 17:00:00,2024-09-28 19:00:00,125.94
Montenegro,MNE,2024-09-28 18:00:00,2024-09-28 20:00:00,117.3
Montenegro,MNE,2024-09-28 19:00:00,2024-09-28 21:00:00,109.05
Montenegro,MNE,2024-09-28 20:00:00,2024-09-28 22:00:00,103.2
Montenegro,MNE,2024-09-28 21:00:00,2024-09-28 23:00:00,102.13
Montenegro,MNE,2024-09-28 22:00:00,2024-09-29 00:00:00,85.7
Montenegro,MNE,2024-09-28 23:00:00,2024-09-29 01:00:00,69.75
Montenegro,MNE,2024-09-29 00:00:00,2024-09-29 02:00:00,65.29
Montenegro,MNE,2024-09-29 01:00:00,2024-09-29 03:00:00,51.82
Montenegro,MNE,2024-09-29 02:00:00,2024-09-29 04:00:00,55.75
Montenegro,MNE,2024-09-29 03:00:00,2024-09-29 05:00:00,51.69
Montenegro,MNE,2024-09-29 04:00:00,2024-09-29 06:00:00,57.85
Montenegro,MNE,2024-09-29 05:00:00,2024-09-29 07:00:00,67.07
Montenegro,MNE,2024-09-29 06:00:00,2024-09-29 08:00:00,68.04
Montenegro,MNE,2024-09-29 07:00:00,2024-09-29 09:00:00,59.35
Montenegro,MNE,2024-09-29 08:00:00,2024-09-29 10:00:00,5.07
Montenegro,MNE,2024-09-29 09:00:00,2024-09-29 11:00:00,17.91
Montenegro,MNE,2024-09-29 10:00:00,2024-09-29 12:00:00,9.85
Montenegro,MNE,2024-09-29 11:00:00,2024-09-29 13:00:00,5.07
Montenegro,MNE,2024-09-29 12:00:00,2024-09-29 14:00:00,5.02
Montenegro,MNE,2024-09-29 13:00:00,2024-09-29 15:00:00,5.03
Montenegro,MNE,2024-09-29 14:00:00,2024-09-29 16:00:00,37.38
Montenegro,MNE,2024-09-29 15:00:00,2024-09-29 17:00:00,81.46
Montenegro,MNE,2024-09-29 16:00:00,2024-09-29 18:00:00,111.83
Montenegro,MNE,2024-09-29 17:00:00,2024-09-29 19:00:00,129.05
Montenegro,MNE,2024-09-29 18:00:00,2024-09-29 20:00:00,109.97
Montenegro,MNE,2024-09-29 19:00:00,2024-09-29 21:00:00,96.0
Montenegro,MNE,2024-09-29 20:00:00,2024-09-29 22:00:00,84.0
Montenegro,MNE,2024-09-29 21:00:00,2024-09-29 23:00:00,69.97
Montenegro,MNE,2024-09-29 22:00:00,2024-09-30 00:00:00,19.44
Montenegro,MNE,2024-09-29 23:00:00,2024-09-30 01:00:00,11.48
Montenegro,MNE,2024-09-30 00:00:00,2024-09-30 02:00:00,7.27
Montenegro,MNE,2024-09-30 01:00:00,2024-09-30 03:00:00,3.77
Montenegro,MNE,2024-09-30 02:00:00,2024-09-30 04:00:00,7.45
Montenegro,MNE,2024-09-30 03:00:00,2024-09-30 05:00:00,35.91
Montenegro,MNE,2024-09-30 04:00:00,2024-09-30 06:00:00,73.33
Montenegro,MNE,2024-09-30 05:00:00,2024-09-30 07:00:00,109.91
Montenegro,MNE,2024-09-30 06:00:00,2024-09-30 08:00:00,79.98
Montenegro,MNE,2024-09-30 07:00:00,2024-09-30 09:00:00,100.1
Montenegro,MNE,2024-09-30 08:00:00,2024-09-30 10:00:00,103.82
Montenegro,MNE,2024-09-30 09:00:00,2024-09-30 11:00:00,95.97
Montenegro,MNE,2024-09-30 10:00:00,2024-09-30 12:00:00,85.05
Montenegro,MNE,2024-09-30 11:00:00,2024-09-30 13:00:00,85.05
Montenegro,MNE,2024-09-30 12:00:00,2024-09-30 14:00:00,85.05
Montenegro,MNE,2024-09-30 13:00:00,2024-09-30 15:00:00,99.19
Montenegro,MNE,2024-09-30 14:00:00,2024-09-30 16:00:00,95.94
Montenegro,MNE,2024-09-30 15:00:00,2024-09-30 17:00:00,106.4
Montenegro,MNE,2024-09-30 16:00:00,2024-09-30 18:00:00,131.08
Montenegro,MNE,2024-09-30 17:00:00,2024-09-30 19:00:00,146.64
Montenegro,MNE,2024-09-30 18:00:00,2024-09-30 20:00:00,120.07
Montenegro,MNE,2024-09-30 19:00:00,2024-09-30 21:00:00,95.1
Montenegro,MNE,2024-09-30 20:00:00,2024-09-30 22:00:00,99.98
Montenegro,MNE,2024-09-30 21:00:00,2024-09-30 23:00:00,91.1
Montenegro,MNE,2024-09-30 22:00:00,2024-10-01 00:00:00,36.1
Montenegro,MNE,2024-09-30 23:00:00,2024-10-01 01:00:00,34.06
Montenegro,MNE,2024-10-01 00:00:00,2024-10-01 02:00:00,27.3
Montenegro,MNE,2024-10-01 01:00:00,2024-10-01 03:00:00,27.57
Montenegro,MNE,2024-10-01 02:00:00,2024-10-01 04:00:00,35.03
Montenegro,MNE,2024-10-01 03:00:00,2024-10-01 05:00:00,69.19
Montenegro,MNE,2024-10-01 04:00:00,2024-10-01 06:00:00,108.92
Montenegro,MNE,2024-10-01 05:00:00,2024-10-01 07:00:00,125.38
Montenegro,MNE,2024-10-01 06:00:00,2024-10-01 08:00:00,97.78
Montenegro,MNE,2024-10-01 07:00:00,2024-10-01 09:00:00,76.33
Montenegro,MNE,2024-10-01 08:00:00,2024-10-01 10:00:00,80.02
Montenegro,MNE,2024-10-01 09:00:00,2024-10-01 11:00:00,80.0
Montenegro,MNE,2024-10-01 10:00:00,2024-10-01 12:00:00,39.71
Montenegro,MNE,2024-10-01 11:00:00,2024-10-01 13:00:00,38.6
Montenegro,MNE,2024-10-01 12:00:00,2024-10-01 14:00:00,48.84
Montenegro,MNE,2024-10-01 13:00:00,2024-10-01 15:00:00,76.02
Montenegro,MNE,2024-10-01 14:00:00,2024-10-01 16:00:00,90.85
Montenegro,MNE,2024-10-01 15:00:00,2024-10-01 17:00:00,124.37
Montenegro,MNE,2024-10-01 16:00:00,2024-10-01 18:00:00,153.7
Montenegro,MNE,2024-10-01 17:00:00,2024-10-01 19:00:00,181.94
Montenegro,MNE,2024-10-01 18:00:00,2024-10-01 20:00:00,139.95
Montenegro,MNE,2024-10-01 19:00:00,2024-10-01 21:00:00,115.58
Montenegro,MNE,2024-10-01 20:00:00,2024-10-01 22:00:00,110.38
Montenegro,MNE,2024-10-01 21:00:00,2024-10-01 23:00:00,105.99
Montenegro,MNE,2024-10-01 22:00:00,2024-10-02 00:00:00,104.06
Montenegro,MNE,2024-10-01 23:00:00,2024-10-02 01:00:00,97.43
Montenegro,MNE,2024-10-02 00:00:00,2024-10-02 02:00:00,97.02
Montenegro,MNE,2024-10-02 01:00:00,2024-10-02 03:00:00,97.42
Montenegro,MNE,2024-10-02 02:00:00,2024-10-02 04:00:00,97.26
Montenegro,MNE,2024-10-02 03:00:00,2024-10-02 05:00:00,97.83
Montenegro,MNE,2024-10-02 04:00:00,2024-10-02 06:00:00,123.03
Montenegro,MNE,2024-10-02 05:00:00,2024-10-02 07:00:00,139.27
Montenegro,MNE,2024-10-02 06:00:00,2024-10-02 08:00:00,130.0
Montenegro,MNE,2024-10-02 07:00:00,2024-10-02 09:00:00,104.87
Montenegro,MNE,2024-10-02 08:00:00,2024-10-02 10:00:00,94.61
Montenegro,MNE,2024-10-02 09:00:00,2024-10-02 11:00:00,85.08
Montenegro,MNE,2024-10-02 10:00:00,2024-10-02 12:00:00,85.03
Montenegro,MNE,2024-10-02 11:00:00,2024-10-02 13:00:00,76.0
Montenegro,MNE,2024-10-02 12:00:00,2024-10-02 14:00:00,81.68
Montenegro,MNE,2024-10-02 13:00:00,2024-10-02 15:00:00,92.0
Montenegro,MNE,2024-10-02 14:00:00,2024-10-02 16:00:00,111.04
Montenegro,MNE,2024-10-02 15:00:00,2024-10-02 17:00:00,125.75
Montenegro,MNE,2024-10-02 16:00:00,2024-10-02 18:00:00,160.58
Montenegro,MNE,2024-10-02 17:00:00,2024-10-02 19:00:00,188.18
Montenegro,MNE,2024-10-02 18:00:00,2024-10-02 20:00:00,146.14
Montenegro,MNE,2024-10-02 19:00:00,2024-10-02 21:00:00,111.91
Montenegro,MNE,2024-10-02 20:00:00,2024-10-02 22:00:00,97.57
Montenegro,MNE,2024-10-02 21:00:00,2024-10-02 23:00:00,90.58
Montenegro,MNE,2024-10-02 22:00:00,2024-10-03 00:00:00,84.64
Montenegro,MNE,2024-10-02 23:00:00,2024-10-03 01:00:00,83.45
Montenegro,MNE,2024-10-03 00:00:00,2024-10-03 02:00:00,76.09
Montenegro,MNE,2024-10-03 01:00:00,2024-10-03 03:00:00,70.06
Montenegro,MNE,2024-10-03 02:00:00,2024-10-03 04:00:00,72.02
Montenegro,MNE,2024-10-03 03:00:00,2024-10-03 05:00:00,83.21
Montenegro,MNE,2024-10-03 04:00:00,2024-10-03 06:00:00,118.06
Montenegro,MNE,2024-10-03 05:00:00,2024-10-03 07:00:00,139.55
Montenegro,MNE,2024-10-03 06:00:00,2024-10-03 08:00:00,122.07
Montenegro,MNE,2024-10-03 07:00:00,2024-10-03 09:00:00,98.29
Montenegro,MNE,2024-10-03 08:00:00,2024-10-03 10:00:00,84.02
Montenegro,MNE,2024-10-03 09:00:00,2024-10-03 11:00:00,76.02
Montenegro,MNE,2024-10-03 10:00:00,2024-10-03 12:00:00,71.03
Montenegro,MNE,2024-10-03 11:00:00,2024-10-03 13:00:00,62.07
Montenegro,MNE,2024-10-03 12:00:00,2024-10-03 14:00:00,80.02
Montenegro,MNE,2024-10-03 13:00:00,2024-10-03 15:00:00,86.1
Montenegro,MNE,2024-10-03 14:00:00,2024-10-03 16:00:00,111.19
Montenegro,MNE,2024-10-03 15:00:00,2024-10-03 17:00:00,125.91
Montenegro,MNE,2024-10-03 16:00:00,2024-10-03 18:00:00,146.85
Montenegro,MNE,2024-10-03 17:00:00,2024-10-03 19:00:00,181.82
Montenegro,MNE,2024-10-03 18:00:00,2024-10-03 20:00:00,137.02
Montenegro,MNE,2024-10-03 19:00:00,2024-10-03 21:00:00,105.07
Montenegro,MNE,2024-10-03 20:00:00,2024-10-03 22:00:00,96.08
Montenegro,MNE,2024-10-03 21:00:00,2024-10-03 23:00:00,87.1
Montenegro,MNE,2024-10-03 22:00:00,2024-10-04 00:00:00,73.23
Montenegro,MNE,2024-10-03 23:00:00,2024-10-04 01:00:00,69.58
Montenegro,MNE,2024-10-04 00:00:00,2024-10-04 02:00:00,67.15
Montenegro,MNE,2024-10-04 01:00:00,2024-10-04 03:00:00,65.95
Montenegro,MNE,2024-10-04 02:00:00,2024-10-04 04:00:00,67.77
Montenegro,MNE,2024-10-04 03:00:00,2024-10-04 05:00:00,75.66
Montenegro,MNE,2024-10-04 04:00:00,2024-10-04 06:00:00,99.16
Montenegro,MNE,2024-10-04 05:00:00,2024-10-04 07:00:00,119.05
Montenegro,MNE,2024-10-04 06:00:00,2024-10-04 08:00:00,117.06
Montenegro,MNE,2024-10-04 07:00:00,2024-10-04 09:00:00,96.26
Montenegro,MNE,2024-10-04 08:00:00,2024-10-04 10:00:00,80.41
Montenegro,MNE,2024-10-04 09:00:00,2024-10-04 11:00:00,71.91
Montenegro,MNE,2024-10-04 10:00:00,2024-10-04 12:00:00,71.62
Montenegro,MNE,2024-10-04 11:00:00,2024-10-04 13:00:00,67.13
Montenegro,MNE,2024-10-04 12:00:00,2024-10-04 14:00:00,75.16
Montenegro,MNE,2024-10-04 13:00:00,2024-10-04 15:00:00,86.04
Montenegro,MNE,2024-10-04 14:00:00,2024-10-04 16:00:00,110.03
Montenegro,MNE,2024-10-04 15:00:00,2024-10-04 17:00:00,116.17
Montenegro,MNE,2024-10-04 16:00:00,2024-10-04 18:00:00,137.08
Montenegro,MNE,2024-10-04 17:00:00,2024-10-04 19:00:00,155.09
Montenegro,MNE,2024-10-04 18:00:00,2024-10-04 20:00:00,131.11
Montenegro,MNE,2024-10-04 19:00:00,2024-10-04 21:00:00,107.26
Montenegro,MNE,2024-10-04 20:00:00,2024-10-04 22:00:00,94.89
Montenegro,MNE,2024-10-04 21:00:00,2024-10-04 23:00:00,87.42
Montenegro,MNE,2024-10-04 22:00:00,2024-10-05 00:00:00,90.57
Montenegro,MNE,2024-10-04 23:00:00,2024-10-05 01:00:00,87.3
Montenegro,MNE,2024-10-05 00:00:00,2024-10-05 02:00:00,82.04
Montenegro,MNE,2024-10-05 01:00:00,2024-10-05 03:00:00,78.51
Montenegro,MNE,2024-10-05 02:00:00,2024-10-05 04:00:00,79.15
Montenegro,MNE,2024-10-05 03:00:00,2024-10-05 05:00:00,84.51
Montenegro,MNE,2024-10-05 04:00:00,2024-10-05 06:00:00,93.04
Montenegro,MNE,2024-10-05 05:00:00,2024-10-05 07:00:00,107.94
Montenegro,MNE,2024-10-05 06:00:00,2024-10-05 08:00:00,110.0
Montenegro,MNE,2024-10-05 07:00:00,2024-10-05 09:00:00,99.09
Montenegro,MNE,2024-10-05 08:00:00,2024-10-05 10:00:00,78.08
Montenegro,MNE,2024-10-05 09:00:00,2024-10-05 11:00:00,63.6
Montenegro,MNE,2024-10-05 10:00:00,2024-10-05 12:00:00,52.09
Montenegro,MNE,2024-10-05 11:00:00,2024-10-05 13:00:00,48.09
Montenegro,MNE,2024-10-05 12:00:00,2024-10-05 14:00:00,51.24
Montenegro,MNE,2024-10-05 13:00:00,2024-10-05 15:00:00,71.09
Montenegro,MNE,2024-10-05 14:00:00,2024-10-05 16:00:00,90.01
Montenegro,MNE,2024-10-05 15:00:00,2024-10-05 17:00:00,101.06
Montenegro,MNE,2024-10-05 16:00:00,2024-10-05 18:00:00,123.05
Montenegro,MNE,2024-10-05 17:00:00,2024-10-05 19:00:00,140.41
Montenegro,MNE,2024-10-05 18:00:00,2024-10-05 20:00:00,115.06
Montenegro,MNE,2024-10-05 19:00:00,2024-10-05 21:00:00,106.03
Montenegro,MNE,2024-10-05 20:00:00,2024-10-05 22:00:00,96.07
Montenegro,MNE,2024-10-05 21:00:00,2024-10-05 23:00:00,86.01
Montenegro,MNE,2024-10-05 22:00:00,2024-10-06 00:00:00,67.95
Montenegro,MNE,2024-10-05 23:00:00,2024-10-06 01:00:00,63.71
Montenegro,MNE,2024-10-06 00:00:00,2024-10-06 02:00:00,59.08
Montenegro,MNE,2024-10-06 01:00:00,2024-10-06 03:00:00,56.69
Montenegro,MNE,2024-10-06 02:00:00,2024-10-06 04:00:00,55.94
Montenegro,MNE,2024-10-06 03:00:00,2024-10-06 05:00:00,63.32
Montenegro,MNE,2024-10-06 04:00:00,2024-10-06 06:00:00,63.52
Montenegro,MNE,2024-10-06 05:00:00,2024-10-06 07:00:00,71.81
Montenegro,MNE,2024-10-06 06:00:00,2024-10-06 08:00:00,71.4
Montenegro,MNE,2024-10-06 07:00:00,2024-10-06 09:00:00,47.87
Montenegro,MNE,2024-10-06 08:00:00,2024-10-06 10:00:00,24.97
Montenegro,MNE,2024-10-06 09:00:00,2024-10-06 11:00:00,17.09
Montenegro,MNE,2024-10-06 10:00:00,2024-10-06 12:00:00,7.1
Montenegro,MNE,2024-10-06 11:00:00,2024-10-06 13:00:00,4.91
Montenegro,MNE,2024-10-06 12:00:00,2024-10-06 14:00:00,3.88
Montenegro,MNE,2024-10-06 13:00:00,2024-10-06 15:00:00,8.04
Montenegro,MNE,2024-10-06 14:00:00,2024-10-06 16:00:00,43.91
Montenegro,MNE,2024-10-06 15:00:00,2024-10-06 17:00:00,87.98
Montenegro,MNE,2024-10-06 16:00:00,2024-10-06 18:00:00,115.06
Montenegro,MNE,2024-10-06 17:00:00,2024-10-06 19:00:00,119.05
Montenegro,MNE,2024-10-06 18:00:00,2024-10-06 20:00:00,99.28
Montenegro,MNE,2024-10-06 19:00:00,2024-10-06 21:00:00,80.03
Montenegro,MNE,2024-10-06 20:00:00,2024-10-06 22:00:00,75.09
Montenegro,MNE,2024-10-06 21:00:00,2024-10-06 23:00:00,59.05
Montenegro,MNE,2024-10-06 22:00:00,2024-10-07 00:00:00,55.02
Montenegro,MNE,2024-10-06 23:00:00,2024-10-07 01:00:00,50.01
Montenegro,MNE,2024-10-07 00:00:00,2024-10-07 02:00:00,45.05
Montenegro,MNE,2024-10-07 01:00:00,2024-10-07 03:00:00,47.07
Montenegro,MNE,2024-10-07 02:00:00,2024-10-07 04:00:00,50.01
Montenegro,MNE,2024-10-07 03:00:00,2024-10-07 05:00:00,67.37
Montenegro,MNE,2024-10-07 04:00:00,2024-10-07 06:00:00,97.05
Montenegro,MNE,2024-10-07 05:00:00,2024-10-07 07:00:00,114.0
Montenegro,MNE,2024-10-07 06:00:00,2024-10-07 08:00:00,121.02
Montenegro,MNE,2024-10-07 07:00:00,2024-10-07 09:00:00,85.05
Montenegro,MNE,2024-10-07 08:00:00,2024-10-07 10:00:00,82.01
Montenegro,MNE,2024-10-07 09:00:00,2024-10-07 11:00:00,65.01
Montenegro,MNE,2024-10-07 10:00:00,2024-10-07 12:00:00,53.07
Montenegro,MNE,2024-10-07 11:00:00,2024-10-07 13:00:00,50.0
Montenegro,MNE,2024-10-07 12:00:00,2024-10-07 14:00:00,57.06
Montenegro,MNE,2024-10-07 13:00:00,2024-10-07 15:00:00,67.06
Montenegro,MNE,2024-10-07 14:00:00,2024-10-07 16:00:00,104.54
Montenegro,MNE,2024-10-07 15:00:00,2024-10-07 17:00:00,139.43
Montenegro,MNE,2024-10-07 16:00:00,2024-10-07 18:00:00,167.55
Montenegro,MNE,2024-10-07 17:00:00,2024-10-07 19:00:00,198.57
Montenegro,MNE,2024-10-07 18:00:00,2024-10-07 20:00:00,122.06
Montenegro,MNE,2024-10-07 19:00:00,2024-10-07 21:00:00,104.91
Montenegro,MNE,2024-10-07 20:00:00,2024-10-07 22:00:00,98.01
Montenegro,MNE,2024-10-07 21:00:00,2024-10-07 23:00:00,90.58
Montenegro,MNE,2024-10-07 22:00:00,2024-10-08 00:00:00,70.35
Montenegro,MNE,2024-10-07 23:00:00,2024-10-08 01:00:00,81.15
Montenegro,MNE,2024-10-08 00:00:00,2024-10-08 02:00:00,70.04
Montenegro,MNE,2024-10-08 01:00:00,2024-10-08 03:00:00,56.94
Montenegro,MNE,2024-10-08 02:00:00,2024-10-08 04:00:00,68.07
Montenegro,MNE,2024-10-08 03:00:00,2024-10-08 05:00:00,91.24
Montenegro,MNE,2024-10-08 04:00:00,2024-10-08 06:00:00,111.64
Montenegro,MNE,2024-10-08 05:00:00,2024-10-08 07:00:00,142.37
Montenegro,MNE,2024-10-08 06:00:00,2024-10-08 08:00:00,125.34
Montenegro,MNE,2024-10-08 07:00:00,2024-10-08 09:00:00,93.04
Montenegro,MNE,2024-10-08 08:00:00,2024-10-08 10:00:00,76.03
Montenegro,MNE,2024-10-08 09:00:00,2024-10-08 11:00:00,59.94
Montenegro,MNE,2024-10-08 10:00:00,2024-10-08 12:00:00,48.6
Montenegro,MNE,2024-10-08 11:00:00,2024-10-08 13:00:00,56.06
Montenegro,MNE,2024-10-08 12:00:00,2024-10-08 14:00:00,66.1
Montenegro,MNE,2024-10-08 13:00:00,2024-10-08 15:00:00,83.86
Montenegro,MNE,2024-10-08 14:00:00,2024-10-08 16:00:00,104.42
Montenegro,MNE,2024-10-08 15:00:00,2024-10-08 17:00:00,118.96
Montenegro,MNE,2024-10-08 16:00:00,2024-10-08 18:00:00,167.31
Montenegro,MNE,2024-10-08 17:00:00,2024-10-08 19:00:00,193.32
Montenegro,MNE,2024-10-08 18:00:00,2024-10-08 20:00:00,139.51
Montenegro,MNE,2024-10-08 19:00:00,2024-10-08 21:00:00,99.99
Montenegro,MNE,2024-10-08 20:00:00,2024-10-08 22:00:00,92.06
Montenegro,MNE,2024-10-08 21:00:00,2024-10-08 23:00:00,79.1
Montenegro,MNE,2024-10-08 22:00:00,2024-10-09 00:00:00,68.91
Montenegro,MNE,2024-10-08 23:00:00,2024-10-09 01:00:00,61.03
Montenegro,MNE,2024-10-09 00:00:00,2024-10-09 02:00:00,57.3
Montenegro,MNE,2024-10-09 01:00:00,2024-10-09 03:00:00,55.46
Montenegro,MNE,2024-10-09 02:00:00,2024-10-09 04:00:00,56.02
Montenegro,MNE,2024-10-09 03:00:00,2024-10-09 05:00:00,70.04
Montenegro,MNE,2024-10-09 04:00:00,2024-10-09 06:00:00,90.8
Montenegro,MNE,2024-10-09 05:00:00,2024-10-09 07:00:00,111.63
Montenegro,MNE,2024-10-09 06:00:00,2024-10-09 08:00:00,99.99
Montenegro,MNE,2024-10-09 07:00:00,2024-10-09 09:00:00,84.1
Montenegro,MNE,2024-10-09 08:00:00,2024-10-09 10:00:00,72.69
Montenegro,MNE,2024-10-09 09:00:00,2024-10-09 11:00:00,55.81
Montenegro,MNE,2024-10-09 10:00:00,2024-10-09 12:00:00,46.07
Montenegro,MNE,2024-10-09 11:00:00,2024-10-09 13:00:00,49.02
Montenegro,MNE,2024-10-09 12:00:00,2024-10-09 14:00:00,56.95
Montenegro,MNE,2024-10-09 13:00:00,2024-10-09 15:00:00,74.9
Montenegro,MNE,2024-10-09 14:00:00,2024-10-09 16:00:00,83.23
Montenegro,MNE,2024-10-09 15:00:00,2024-10-09 17:00:00,101.01
Montenegro,MNE,2024-10-09 16:00:00,2024-10-09 18:00:00,130.31
Montenegro,MNE,2024-10-09 17:00:00,2024-10-09 19:00:00,146.99
Montenegro,MNE,2024-10-09 18:00:00,2024-10-09 20:00:00,118.32
Montenegro,MNE,2024-10-09 19:00:00,2024-10-09 21:00:00,97.08
Montenegro,MNE,2024-10-09 20:00:00,2024-10-09 22:00:00,85.85
Montenegro,MNE,2024-10-09 21:00:00,2024-10-09 23:00:00,76.77
Montenegro,MNE,2024-10-09 22:00:00,2024-10-10 00:00:00,55.78
Montenegro,MNE,2024-10-09 23:00:00,2024-10-10 01:00:00,48.01
Montenegro,MNE,2024-10-10 00:00:00,2024-10-10 02:00:00,34.69
Montenegro,MNE,2024-10-10 01:00:00,2024-10-10 03:00:00,29.06
Montenegro,MNE,2024-10-10 02:00:00,2024-10-10 04:00:00,28.89
Montenegro,MNE,2024-10-10 03:00:00,2024-10-10 05:00:00,41.8
Montenegro,MNE,2024-10-10 04:00:00,2024-10-10 06:00:00,70.03
Montenegro,MNE,2024-10-10 05:00:00,2024-10-10 07:00:00,104.02
Montenegro,MNE,2024-10-10 06:00:00,2024-10-10 08:00:00,90.9
Montenegro,MNE,2024-10-10 07:00:00,2024-10-10 09:00:00,69.36
Montenegro,MNE,2024-10-10 08:00:00,2024-10-10 10:00:00,48.82
Montenegro,MNE,2024-10-10 09:00:00,2024-10-10 11:00:00,34.56
Montenegro,MNE,2024-10-10 10:00:00,2024-10-10 12:00:00,34.53
Montenegro,MNE,2024-10-10 11:00:00,2024-10-10 13:00:00,26.68
Montenegro,MNE,2024-10-10 12:00:00,2024-10-10 14:00:00,34.71
Montenegro,MNE,2024-10-10 13:00:00,2024-10-10 15:00:00,55.08
Montenegro,MNE,2024-10-10 14:00:00,2024-10-10 16:00:00,76.73
Montenegro,MNE,2024-10-10 15:00:00,2024-10-10 17:00:00,99.05
Montenegro,MNE,2024-10-10 16:00:00,2024-10-10 18:00:00,125.27
Montenegro,MNE,2024-10-10 17:00:00,2024-10-10 19:00:00,146.03
Montenegro,MNE,2024-10-10 18:00:00,2024-10-10 20:00:00,97.44
Montenegro,MNE,2024-10-10 19:00:00,2024-10-10 21:00:00,88.05
Montenegro,MNE,2024-10-10 20:00:00,2024-10-10 22:00:00,78.04
Montenegro,MNE,2024-10-10 21:00:00,2024-10-10 23:00:00,70.07
Montenegro,MNE,2024-10-10 22:00:00,2024-10-11 00:00:00,62.23
Montenegro,MNE,2024-10-10 23:00:00,2024-10-11 01:00:00,57.66
Montenegro,MNE,2024-10-11 00:00:00,2024-10-11 02:00:00,55.37
Montenegro,MNE,2024-10-11 01:00:00,2024-10-11 03:00:00,55.04
Montenegro,MNE,2024-10-11 02:00:00,2024-10-11 04:00:00,55.2
Montenegro,MNE,2024-10-11 03:00:00,2024-10-11 05:00:00,63.55
Montenegro,MNE,2024-10-11 04:00:00,2024-10-11 06:00:00,90.44
Montenegro,MNE,2024-10-11 05:00:00,2024-10-11 07:00:00,111.93
Montenegro,MNE,2024-10-11 06:00:00,2024-10-11 08:00:00,118.47
Montenegro,MNE,2024-10-11 07:00:00,2024-10-11 09:00:00,97.73
Montenegro,MNE,2024-10-11 08:00:00,2024-10-11 10:00:00,76.97
Montenegro,MNE,2024-10-11 09:00:00,2024-10-11 11:00:00,62.74
Montenegro,MNE,2024-10-11 10:00:00,2024-10-11 12:00:00,59.14
Montenegro,MNE,2024-10-11 11:00:00,2024-10-11 13:00:00,55.28
Montenegro,MNE,2024-10-11 12:00:00,2024-10-11 14:00:00,58.06
Montenegro,MNE,2024-10-11 13:00:00,2024-10-11 15:00:00,68.5
Montenegro,MNE,2024-10-11 14:00:00,2024-10-11 16:00:00,87.07
Montenegro,MNE,2024-10-11 15:00:00,2024-10-11 17:00:00,115.01
Montenegro,MNE,2024-10-11 16:00:00,2024-10-11 18:00:00,139.57
Montenegro,MNE,2024-10-11 17:00:00,2024-10-11 19:00:00,153.22
Montenegro,MNE,2024-10-11 18:00:00,2024-10-11 20:00:00,132.62
Montenegro,MNE,2024-10-11 19:00:00,2024-10-11 21:00:00,105.05
Montenegro,MNE,2024-10-11 20:00:00,2024-10-11 22:00:00,101.4
Montenegro,MNE,2024-10-11 21:00:00,2024-10-11 23:00:00,85.65
Montenegro,MNE,2024-10-11 22:00:00,2024-10-12 00:00:00,77.03
Montenegro,MNE,2024-10-11 23:00:00,2024-10-12 01:00:00,69.83
Montenegro,MNE,2024-10-12 00:00:00,2024-10-12 02:00:00,62.92
Montenegro,MNE,2024-10-12 01:00:00,2024-10-12 03:00:00,62.8
Montenegro,MNE,2024-10-12 02:00:00,2024-10-12 04:00:00,62.75
Montenegro,MNE,2024-10-12 03:00:00,2024-10-12 05:00:00,62.83
Montenegro,MNE,2024-10-12 04:00:00,2024-10-12 06:00:00,76.48
Montenegro,MNE,2024-10-12 05:00:00,2024-10-12 07:00:00,97.99
Montenegro,MNE,2024-10-12 06:00:00,2024-10-12 08:00:00,94.97
Montenegro,MNE,2024-10-12 07:00:00,2024-10-12 09:00:00,63.02
Montenegro,MNE,2024-10-12 08:00:00,2024-10-12 10:00:00,42.93
Montenegro,MNE,2024-10-12 09:00:00,2024-10-12 11:00:00,34.89
Montenegro,MNE,2024-10-12 10:00:00,2024-10-12 12:00:00,34.2
Montenegro,MNE,2024-10-12 11:00:00,2024-10-12 13:00:00,27.74
Montenegro,MNE,2024-10-12 12:00:00,2024-10-12 14:00:00,34.33
Montenegro,MNE,2024-10-12 13:00:00,2024-10-12 15:00:00,48.04
Montenegro,MNE,2024-10-12 14:00:00,2024-10-12 16:00:00,69.4
Montenegro,MNE,2024-10-12 15:00:00,2024-10-12 17:00:00,104.92
Montenegro,MNE,2024-10-12 16:00:00,2024-10-12 18:00:00,111.39
Montenegro,MNE,2024-10-12 17:00:00,2024-10-12 19:00:00,113.43
Montenegro,MNE,2024-10-12 18:00:00,2024-10-12 20:00:00,90.8
Montenegro,MNE,2024-10-12 19:00:00,2024-10-12 21:00:00,70.01
Montenegro,MNE,2024-10-12 20:00:00,2024-10-12 22:00:00,76.63
Montenegro,MNE,2024-10-12 21:00:00,2024-10-12 23:00:00,52.08
Montenegro,MNE,2024-10-12 22:00:00,2024-10-13 00:00:00,31.93
Montenegro,MNE,2024-10-12 23:00:00,2024-10-13 01:00:00,15.07
Montenegro,MNE,2024-10-13 00:00:00,2024-10-13 02:00:00,8.2
Montenegro,MNE,2024-10-13 01:00:00,2024-10-13 03:00:00,7.54
Montenegro,MNE,2024-10-13 02:00:00,2024-10-13 04:00:00,14.18
Montenegro,MNE,2024-10-13 03:00:00,2024-10-13 05:00:00,18.28
Montenegro,MNE,2024-10-13 04:00:00,2024-10-13 06:00:00,16.42
Montenegro,MNE,2024-10-13 05:00:00,2024-10-13 07:00:00,59.63
Montenegro,MNE,2024-10-13 06:00:00,2024-10-13 08:00:00,31.02
Montenegro,MNE,2024-10-13 07:00:00,2024-10-13 09:00:00,19.91
Montenegro,MNE,2024-10-13 08:00:00,2024-10-13 10:00:00,4.0
Montenegro,MNE,2024-10-13 09:00:00,2024-10-13 11:00:00,3.83
Montenegro,MNE,2024-10-13 10:00:00,2024-10-13 12:00:00,3.74
Montenegro,MNE,2024-10-13 11:00:00,2024-10-13 13:00:00,3.77
Montenegro,MNE,2024-10-13 12:00:00,2024-10-13 14:00:00,3.78
Montenegro,MNE,2024-10-13 13:00:00,2024-10-13 15:00:00,7.64
Montenegro,MNE,2024-10-13 14:00:00,2024-10-13 16:00:00,47.8
Montenegro,MNE,2024-10-13 15:00:00,2024-10-13 17:00:00,43.88
Montenegro,MNE,2024-10-13 16:00:00,2024-10-13 18:00:00,99.93
Montenegro,MNE,2024-10-13 17:00:00,2024-10-13 19:00:00,99.95
Montenegro,MNE,2024-10-13 18:00:00,2024-10-13 20:00:00,87.46
Montenegro,MNE,2024-10-13 19:00:00,2024-10-13 21:00:00,91.3
Montenegro,MNE,2024-10-13 20:00:00,2024-10-13 22:00:00,79.45
Montenegro,MNE,2024-10-13 21:00:00,2024-10-13 23:00:00,75.0
Montenegro,MNE,2024-10-13 22:00:00,2024-10-14 00:00:00,51.63
Montenegro,MNE,2024-10-13 23:00:00,2024-10-14 01:00:00,45.46
Montenegro,MNE,2024-10-14 00:00:00,2024-10-14 02:00:00,39.98
Montenegro,MNE,2024-10-14 01:00:00,2024-10-14 03:00:00,41.11
Montenegro,MNE,2024-10-14 02:00:00,2024-10-14 04:00:00,51.54
Montenegro,MNE,2024-10-14 03:00:00,2024-10-14 05:00:00,67.85
Montenegro,MNE,2024-10-14 04:00:00,2024-10-14 06:00:00,99.38
Montenegro,MNE,2024-10-14 05:00:00,2024-10-14 07:00:00,145.07
Montenegro,MNE,2024-10-14 06:00:00,2024-10-14 08:00:00,138.28
Montenegro,MNE,2024-10-14 07:00:00,2024-10-14 09:00:00,99.96
Montenegro,MNE,2024-10-14 08:00:00,2024-10-14 10:00:00,90.48
Montenegro,MNE,2024-10-14 09:00:00,2024-10-14 11:00:00,80.1
Montenegro,MNE,2024-10-14 10:00:00,2024-10-14 12:00:00,70.96
Montenegro,MNE,2024-10-14 11:00:00,2024-10-14 13:00:00,63.92
Montenegro,MNE,2024-10-14 12:00:00,2024-10-14 14:00:00,75.37
Montenegro,MNE,2024-10-14 13:00:00,2024-10-14 15:00:00,79.94
Montenegro,MNE,2024-10-14 14:00:00,2024-10-14 16:00:00,107.09
Montenegro,MNE,2024-10-14 15:00:00,2024-10-14 17:00:00,143.03
Montenegro,MNE,2024-10-14 16:00:00,2024-10-14 18:00:00,149.95
Montenegro,MNE,2024-10-14 17:00:00,2024-10-14 19:00:00,149.97
Montenegro,MNE,2024-10-14 18:00:00,2024-10-14 20:00:00,134.37
Montenegro,MNE,2024-10-14 19:00:00,2024-10-14 21:00:00,108.59
Montenegro,MNE,2024-10-14 20:00:00,2024-10-14 22:00:00,100.85
Montenegro,MNE,2024-10-14 21:00:00,2024-10-14 23:00:00,100.88
Montenegro,MNE,2024-10-14 22:00:00,2024-10-15 00:00:00,90.16
Montenegro,MNE,2024-10-14 23:00:00,2024-10-15 01:00:00,80.07
Montenegro,MNE,2024-10-15 00:00:00,2024-10-15 02:00:00,76.48
Montenegro,MNE,2024-10-15 01:00:00,2024-10-15 03:00:00,70.77
Montenegro,MNE,2024-10-15 02:00:00,2024-10-15 04:00:00,72.08
Montenegro,MNE,2024-10-15 03:00:00,2024-10-15 05:00:00,84.34
Montenegro,MNE,2024-10-15 04:00:00,2024-10-15 06:00:00,125.19
Montenegro,MNE,2024-10-15 05:00:00,2024-10-15 07:00:00,155.09
Montenegro,MNE,2024-10-15 06:00:00,2024-10-15 08:00:00,160.08
Montenegro,MNE,2024-10-15 07:00:00,2024-10-15 09:00:00,101.06
Montenegro,MNE,2024-10-15 08:00:00,2024-10-15 10:00:00,83.22
Montenegro,MNE,2024-10-15 09:00:00,2024-10-15 11:00:00,73.65
Montenegro,MNE,2024-10-15 10:00:00,2024-10-15 12:00:00,69.82
Montenegro,MNE,2024-10-15 11:00:00,2024-10-15 13:00:00,64.05
Montenegro,MNE,2024-10-15 12:00:00,2024-10-15 14:00:00,64.09
Montenegro,MNE,2024-10-15 13:00:00,2024-10-15 15:00:00,73.59
Montenegro,MNE,2024-10-15 14:00:00,2024-10-15 16:00:00,92.22
Montenegro,MNE,2024-10-15 15:00:00,2024-10-15 17:00:00,125.19
Montenegro,MNE,2024-10-15 16:00:00,2024-10-15 18:00:00,177.39
Montenegro,MNE,2024-10-15 17:00:00,2024-10-15 19:00:00,195.02
Montenegro,MNE,2024-10-15 18:00:00,2024-10-15 20:00:00,139.13
Montenegro,MNE,2024-10-15 19:00:00,2024-10-15 21:00:00,99.91
Montenegro,MNE,2024-10-15 20:00:00,2024-10-15 22:00:00,88.0
Montenegro,MNE,2024-10-15 21:00:00,2024-10-15 23:00:00,87.08
Montenegro,MNE,2024-10-15 22:00:00,2024-10-16 00:00:00,39.77
Montenegro,MNE,2024-10-15 23:00:00,2024-10-16 01:00:00,27.61
Montenegro,MNE,2024-10-16 00:00:00,2024-10-16 02:00:00,22.05
Montenegro,MNE,2024-10-16 01:00:00,2024-10-16 03:00:00,19.78
Montenegro,MNE,2024-10-16 02:00:00,2024-10-16 04:00:00,20.42
Montenegro,MNE,2024-10-16 03:00:00,2024-10-16 05:00:00,35.3
Montenegro,MNE,2024-10-16 04:00:00,2024-10-16 06:00:00,71.05
Montenegro,MNE,2024-10-16 05:00:00,2024-10-16 07:00:00,95.62
Montenegro,MNE,2024-10-16 06:00:00,2024-10-16 08:00:00,79.26
Montenegro,MNE,2024-10-16 07:00:00,2024-10-16 09:00:00,43.65
Montenegro,MNE,2024-10-16 08:00:00,2024-10-16 10:00:00,30.16
Montenegro,MNE,2024-10-16 09:00:00,2024-10-16 11:00:00,19.03
Montenegro,MNE,2024-10-16 10:00:00,2024-10-16 12:00:00,15.01
Montenegro,MNE,2024-10-16 11:00:00,2024-10-16 13:00:00,13.56
Montenegro,MNE,2024-10-16 12:00:00,2024-10-16 14:00:00,19.01
Montenegro,MNE,2024-10-16 13:00:00,2024-10-16 15:00:00,27.17
Montenegro,MNE,2024-10-16 14:00:00,2024-10-16 16:00:00,59.49
Montenegro,MNE,2024-10-16 15:00:00,2024-10-16 17:00:00,99.91
Montenegro,MNE,2024-10-16 16:00:00,2024-10-16 18:00:00,135.07
Montenegro,MNE,2024-10-16 17:00:00,2024-10-16 19:00:00,139.11
Montenegro,MNE,2024-10-16 18:00:00,2024-10-16 20:00:00,95.41
Montenegro,MNE,2024-10-16 19:00:00,2024-10-16 21:00:00,71.24
Montenegro,MNE,2024-10-16 20:00:00,2024-10-16 22:00:00,63.3
Montenegro,MNE,2024-10-16 21:00:00,2024-10-16 23:00:00,51.42
Montenegro,MNE,2024-10-16 22:00:00,2024-10-17 00:00:00,34.06
Montenegro,MNE,2024-10-16 23:00:00,2024-10-17 01:00:00,20.07
Montenegro,MNE,2024-10-17 00:00:00,2024-10-17 02:00:00,13.05
Montenegro,MNE,2024-10-17 01:00:00,2024-10-17 03:00:00,11.09
Montenegro,MNE,2024-10-17 02:00:00,2024-10-17 04:00:00,11.06
Montenegro,MNE,2024-10-17 03:00:00,2024-10-17 05:00:00,34.51
Montenegro,MNE,2024-10-17 04:00:00,2024-10-17 06:00:00,76.69
Montenegro,MNE,2024-10-17 05:00:00,2024-10-17 07:00:00,99.99
Montenegro,MNE,2024-10-17 06:00:00,2024-10-17 08:00:00,90.85
Montenegro,MNE,2024-10-17 07:00:00,2024-10-17 09:00:00,68.0
Montenegro,MNE,2024-10-17 08:00:00,2024-10-17 10:00:00,52.02
Montenegro,MNE,2024-10-17 09:00:00,2024-10-17 11:00:00,41.12
Montenegro,MNE,2024-10-17 10:00:00,2024-10-17 12:00:00,34.0
Montenegro,MNE,2024-10-17 11:00:00,2024-10-17 13:00:00,34.04
Montenegro,MNE,2024-10-17 12:00:00,2024-10-17 14:00:00,48.88
Montenegro,MNE,2024-10-17 13:00:00,2024-10-17 15:00:00,72.03
Montenegro,MNE,2024-10-17 14:00:00,2024-10-17 16:00:00,83.99
Montenegro,MNE,2024-10-17 15:00:00,2024-10-17 17:00:00,117.14
Montenegro,MNE,2024-10-17 16:00:00,2024-10-17 18:00:00,146.96
Montenegro,MNE,2024-10-17 17:00:00,2024-10-17 19:00:00,153.66
Montenegro,MNE,2024-10-17 18:00:00,2024-10-17 20:00:00,110.27
Montenegro,MNE,2024-10-17 19:00:00,2024-10-17 21:00:00,90.68
Montenegro,MNE,2024-10-17 20:00:00,2024-10-17 22:00:00,78.68
Montenegro,MNE,2024-10-17 21:00:00,2024-10-17 23:00:00,74.05
Montenegro,MNE,2024-10-17 22:00:00,2024-10-18 00:00:00,76.27
Montenegro,MNE,2024-10-17 23:00:00,2024-10-18 01:00:00,63.8
Montenegro,MNE,2024-10-18 00:00:00,2024-10-18 02:00:00,62.86
Montenegro,MNE,2024-10-18 01:00:00,2024-10-18 03:00:00,62.87
Montenegro,MNE,2024-10-18 02:00:00,2024-10-18 04:00:00,63.05
Montenegro,MNE,2024-10-18 03:00:00,2024-10-18 05:00:00,76.14
Montenegro,MNE,2024-10-18 04:00:00,2024-10-18 06:00:00,99.99
Montenegro,MNE,2024-10-18 05:00:00,2024-10-18 07:00:00,146.13
Montenegro,MNE,2024-10-18 06:00:00,2024-10-18 08:00:00,121.62
Montenegro,MNE,2024-10-18 07:00:00,2024-10-18 09:00:00,97.65
Montenegro,MNE,2024-10-18 08:00:00,2024-10-18 10:00:00,69.75
Montenegro,MNE,2024-10-18 09:00:00,2024-10-18 11:00:00,62.65
Montenegro,MNE,2024-10-18 10:00:00,2024-10-18 12:00:00,56.06
Montenegro,MNE,2024-10-18 11:00:00,2024-10-18 13:00:00,55.56
Montenegro,MNE,2024-10-18 12:00:00,2024-10-18 14:00:00,55.77
Montenegro,MNE,2024-10-18 13:00:00,2024-10-18 15:00:00,69.95
Montenegro,MNE,2024-10-18 14:00:00,2024-10-18 16:00:00,97.42
Montenegro,MNE,2024-10-18 15:00:00,2024-10-18 17:00:00,111.91
Montenegro,MNE,2024-10-18 16:00:00,2024-10-18 18:00:00,152.7
Montenegro,MNE,2024-10-18 17:00:00,2024-10-18 19:00:00,159.02
Montenegro,MNE,2024-10-18 18:00:00,2024-10-18 20:00:00,109.17
Montenegro,MNE,2024-10-18 19:00:00,2024-10-18 21:00:00,97.06
Montenegro,MNE,2024-10-18 20:00:00,2024-10-18 22:00:00,85.02
Montenegro,MNE,2024-10-18 21:00:00,2024-10-18 23:00:00,77.02
Montenegro,MNE,2024-10-18 22:00:00,2024-10-19 00:00:00,83.84
Montenegro,MNE,2024-10-18 23:00:00,2024-10-19 01:00:00,76.59
Montenegro,MNE,2024-10-19 00:00:00,2024-10-19 02:00:00,70.73
Montenegro,MNE,2024-10-19 01:00:00,2024-10-19 03:00:00,68.03
Montenegro,MNE,2024-10-19 02:00:00,2024-10-19 04:00:00,66.23
Montenegro,MNE,2024-10-19 03:00:00,2024-10-19 05:00:00,69.51
Montenegro,MNE,2024-10-19 04:00:00,2024-10-19 06:00:00,76.74
Montenegro,MNE,2024-10-19 05:00:00,2024-10-19 07:00:00,92.03
Montenegro,MNE,2024-10-19 06:00:00,2024-10-19 08:00:00,90.46
Montenegro,MNE,2024-10-19 07:00:00,2024-10-19 09:00:00,76.9
Montenegro,MNE,2024-10-19 08:00:00,2024-10-19 10:00:00,55.4
Montenegro,MNE,2024-10-19 09:00:00,2024-10-19 11:00:00,48.5
Montenegro,MNE,2024-10-19 10:00:00,2024-10-19 12:00:00,34.91
Montenegro,MNE,2024-10-19 11:00:00,2024-10-19 13:00:00,32.08
Montenegro,MNE,2024-10-19 12:00:00,2024-10-19 14:00:00,37.86
Montenegro,MNE,2024-10-19 13:00:00,2024-10-19 15:00:00,68.03
Montenegro,MNE,2024-10-19 14:00:00,2024-10-19 16:00:00,93.02
Montenegro,MNE,2024-10-19 15:00:00,2024-10-19 17:00:00,105.01
Montenegro,MNE,2024-10-19 16:00:00,2024-10-19 18:00:00,132.48
Montenegro,MNE,2024-10-19 17:00:00,2024-10-19 19:00:00,125.25
Montenegro,MNE,2024-10-19 18:00:00,2024-10-19 20:00:00,100.0
Montenegro,MNE,2024-10-19 19:00:00,2024-10-19 21:00:00,83.63
Montenegro,MNE,2024-10-19 20:00:00,2024-10-19 22:00:00,73.43
Montenegro,MNE,2024-10-19 21:00:00,2024-10-19 23:00:00,62.59
Montenegro,MNE,2024-10-19 22:00:00,2024-10-20 00:00:00,63.76
Montenegro,MNE,2024-10-19 23:00:00,2024-10-20 01:00:00,51.65
Montenegro,MNE,2024-10-20 00:00:00,2024-10-20 02:00:00,43.44
Montenegro,MNE,2024-10-20 01:00:00,2024-10-20 03:00:00,43.57
Montenegro,MNE,2024-10-20 02:00:00,2024-10-20 04:00:00,55.04
Montenegro,MNE,2024-10-20 03:00:00,2024-10-20 05:00:00,55.08
Montenegro,MNE,2024-10-20 04:00:00,2024-10-20 06:00:00,61.92
Montenegro,MNE,2024-10-20 05:00:00,2024-10-20 07:00:00,68.92
Montenegro,MNE,2024-10-20 06:00:00,2024-10-20 08:00:00,65.91
Montenegro,MNE,2024-10-20 07:00:00,2024-10-20 09:00:00,39.75
Montenegro,MNE,2024-10-20 08:00:00,2024-10-20 10:00:00,23.11
Montenegro,MNE,2024-10-20 09:00:00,2024-10-20 11:00:00,17.91
Montenegro,MNE,2024-10-20 10:00:00,2024-10-20 12:00:00,14.9
Montenegro,MNE,2024-10-20 11:00:00,2024-10-20 13:00:00,7.1
Montenegro,MNE,2024-10-20 12:00:00,2024-10-20 14:00:00,4.92
Montenegro,MNE,2024-10-20 13:00:00,2024-10-20 15:00:00,11.7
Montenegro,MNE,2024-10-20 14:00:00,2024-10-20 16:00:00,50.06
Montenegro,MNE,2024-10-20 15:00:00,2024-10-20 17:00:00,90.07
Montenegro,MNE,2024-10-20 16:00:00,2024-10-20 18:00:00,100.0
Montenegro,MNE,2024-10-20 17:00:00,2024-10-20 19:00:00,102.06
Montenegro,MNE,2024-10-20 18:00:00,2024-10-20 20:00:00,80.08
Montenegro,MNE,2024-10-20 19:00:00,2024-10-20 21:00:00,65.08
Montenegro,MNE,2024-10-20 20:00:00,2024-10-20 22:00:00,55.08
Montenegro,MNE,2024-10-20 21:00:00,2024-10-20 23:00:00,43.1
Montenegro,MNE,2024-10-20 22:00:00,2024-10-21 00:00:00,27.07
Montenegro,MNE,2024-10-20 23:00:00,2024-10-21 01:00:00,20.94
Montenegro,MNE,2024-10-21 00:00:00,2024-10-21 02:00:00,20.8
Montenegro,MNE,2024-10-21 01:00:00,2024-10-21 03:00:00,20.31
Montenegro,MNE,2024-10-21 02:00:00,2024-10-21 04:00:00,27.01
Montenegro,MNE,2024-10-21 03:00:00,2024-10-21 05:00:00,41.47
Montenegro,MNE,2024-10-21 04:00:00,2024-10-21 06:00:00,90.24
Montenegro,MNE,2024-10-21 05:00:00,2024-10-21 07:00:00,115.02
Montenegro,MNE,2024-10-21 06:00:00,2024-10-21 08:00:00,100.82
Montenegro,MNE,2024-10-21 07:00:00,2024-10-21 09:00:00,77.25
Montenegro,MNE,2024-10-21 08:00:00,2024-10-21 10:00:00,76.66
Montenegro,MNE,2024-10-21 09:00:00,2024-10-21 11:00:00,69.1
Montenegro,MNE,2024-10-21 10:00:00,2024-10-21 12:00:00,55.65
Montenegro,MNE,2024-10-21 11:00:00,2024-10-21 13:00:00,55.97
Montenegro,MNE,2024-10-21 12:00:00,2024-10-21 14:00:00,62.5
Montenegro,MNE,2024-10-21 13:00:00,2024-10-21 15:00:00,83.98
Montenegro,MNE,2024-10-21 14:00:00,2024-10-21 16:00:00,99.99
Montenegro,MNE,2024-10-21 15:00:00,2024-10-21 17:00:00,123.09
Montenegro,MNE,2024-10-21 16:00:00,2024-10-21 18:00:00,151.87
Montenegro,MNE,2024-10-21 17:00:00,2024-10-21 19:00:00,160.73
Montenegro,MNE,2024-10-21 18:00:00,2024-10-21 20:00:00,139.29
Montenegro,MNE,2024-10-21 19:00:00,2024-10-21 21:00:00,104.42
Montenegro,MNE,2024-10-21 20:00:00,2024-10-21 22:00:00,98.76
Montenegro,MNE,2024-10-21 21:00:00,2024-10-21 23:00:00,90.11
Montenegro,MNE,2024-10-21 22:00:00,2024-10-22 00:00:00,92.04
Montenegro,MNE,2024-10-21 23:00:00,2024-10-22 01:00:00,86.0
Montenegro,MNE,2024-10-22 00:00:00,2024-10-22 02:00:00,83.07
Montenegro,MNE,2024-10-22 01:00:00,2024-10-22 03:00:00,76.96
Montenegro,MNE,2024-10-22 02:00:00,2024-10-22 04:00:00,80.04
Montenegro,MNE,2024-10-22 03:00:00,2024-10-22 05:00:00,90.98
Montenegro,MNE,2024-10-22 04:00:00,2024-10-22 06:00:00,118.84
Montenegro,MNE,2024-10-22 05:00:00,2024-10-22 07:00:00,154.8
Montenegro,MNE,2024-10-22 06:00:00,2024-10-22 08:00:00,140.01
Montenegro,MNE,2024-10-22 07:00:00,2024-10-22 09:00:00,111.29
Montenegro,MNE,2024-10-22 08:00:00,2024-10-22 10:00:00,89.04
Montenegro,MNE,2024-10-22 09:00:00,2024-10-22 11:00:00,65.01
Montenegro,MNE,2024-10-22 10:00:00,2024-10-22 12:00:00,62.8
Montenegro,MNE,2024-10-22 11:00:00,2024-10-22 13:00:00,62.51
Montenegro,MNE,2024-10-22 12:00:00,2024-10-22 14:00:00,63.11
Montenegro,MNE,2024-10-22 13:00:00,2024-10-22 15:00:00,83.13
Montenegro,MNE,2024-10-22 14:00:00,2024-10-22 16:00:00,115.0
Montenegro,MNE,2024-10-22 15:00:00,2024-10-22 17:00:00,160.35
Montenegro,MNE,2024-10-22 16:00:00,2024-10-22 18:00:00,174.48
Montenegro,MNE,2024-10-22 17:00:00,2024-10-22 19:00:00,174.43
Montenegro,MNE,2024-10-22 18:00:00,2024-10-22 20:00:00,148.34
Montenegro,MNE,2024-10-22 19:00:00,2024-10-22 21:00:00,107.29
Montenegro,MNE,2024-10-22 20:00:00,2024-10-22 22:00:00,99.63
Montenegro,MNE,2024-10-22 21:00:00,2024-10-22 23:00:00,94.01
Montenegro,MNE,2024-10-22 22:00:00,2024-10-23 00:00:00,96.53
Montenegro,MNE,2024-10-22 23:00:00,2024-10-23 01:00:00,90.42
Montenegro,MNE,2024-10-23 00:00:00,2024-10-23 02:00:00,90.07
Montenegro,MNE,2024-10-23 01:00:00,2024-10-23 03:00:00,90.33
Montenegro,MNE,2024-10-23 02:00:00,2024-10-23 04:00:00,90.27
Montenegro,MNE,2024-10-23 03:00:00,2024-10-23 05:00:00,97.41
Montenegro,MNE,2024-10-23 04:00:00,2024-10-23 06:00:00,111.87
Montenegro,MNE,2024-10-23 05:00:00,2024-10-23 07:00:00,155.04
Montenegro,MNE,2024-10-23 06:00:00,2024-10-23 08:00:00,165.03
Montenegro,MNE,2024-10-23 07:00:00,2024-10-23 09:00:00,111.06
Montenegro,MNE,2024-10-23 08:00:00,2024-10-23 10:00:00,85.01
Montenegro,MNE,2024-10-23 09:00:00,2024-10-23 11:00:00,69.87
Montenegro,MNE,2024-10-23 10:00:00,2024-10-23 12:00:00,69.46
Montenegro,MNE,2024-10-23 11:00:00,2024-10-23 13:00:00,76.67
Montenegro,MNE,2024-10-23 12:00:00,2024-10-23 14:00:00,80.01
Montenegro,MNE,2024-10-23 13:00:00,2024-10-23 15:00:00,91.05
Montenegro,MNE,2024-10-23 14:00:00,2024-10-23 16:00:00,111.84
Montenegro,MNE,2024-10-23 15:00:00,2024-10-23 17:00:00,157.25
Montenegro,MNE,2024-10-23 16:00:00,2024-10-23 18:00:00,188.69
Montenegro,MNE,2024-10-23 17:00:00,2024-10-23 19:00:00,190.04
Montenegro,MNE,2024-10-23 18:00:00,2024-10-23 20:00:00,139.68
Montenegro,MNE,2024-10-23 19:00:00,2024-10-23 21:00:00,104.27
Montenegro,MNE,2024-10-23 20:00:00,2024-10-23 22:00:00,100.0
Montenegro,MNE,2024-10-23 21:00:00,2024-10-23 23:00:00,97.05
Montenegro,MNE,2024-10-23 22:00:00,2024-10-24 00:00:00,90.41
Montenegro,MNE,2024-10-23 23:00:00,2024-10-24 01:00:00,85.94
Montenegro,MNE,2024-10-24 00:00:00,2024-10-24 02:00:00,83.95
Montenegro,MNE,2024-10-24 01:00:00,2024-10-24 03:00:00,83.1
Montenegro,MNE,2024-10-24 02:00:00,2024-10-24 04:00:00,84.08
Montenegro,MNE,2024-10-24 03:00:00,2024-10-24 05:00:00,91.99
Montenegro,MNE,2024-10-24 04:00:00,2024-10-24 06:00:00,104.96
Montenegro,MNE,2024-10-24 05:00:00,2024-10-24 07:00:00,153.11
Montenegro,MNE,2024-10-24 06:00:00,2024-10-24 08:00:00,160.6
Montenegro,MNE,2024-10-24 07:00:00,2024-10-24 09:00:00,110.08
Montenegro,MNE,2024-10-24 08:00:00,2024-10-24 10:00:00,95.06
Montenegro,MNE,2024-10-24 09:00:00,2024-10-24 11:00:00,80.01
Montenegro,MNE,2024-10-24 10:00:00,2024-10-24 12:00:00,80.0
Montenegro,MNE,2024-10-24 11:00:00,2024-10-24 13:00:00,80.0
Montenegro,MNE,2024-10-24 12:00:00,2024-10-24 14:00:00,80.0
Montenegro,MNE,2024-10-24 13:00:00,2024-10-24 15:00:00,94.1
Montenegro,MNE,2024-10-24 14:00:00,2024-10-24 16:00:00,109.99
Montenegro,MNE,2024-10-24 15:00:00,2024-10-24 17:00:00,137.6
Montenegro,MNE,2024-10-24 16:00:00,2024-10-24 18:00:00,158.14
Montenegro,MNE,2024-10-24 17:00:00,2024-10-24 19:00:00,160.65
Montenegro,MNE,2024-10-24 18:00:00,2024-10-24 20:00:00,132.06
Montenegro,MNE,2024-10-24 19:00:00,2024-10-24 21:00:00,104.65
Montenegro,MNE,2024-10-24 20:00:00,2024-10-24 22:00:00,99.99
Montenegro,MNE,2024-10-24 21:00:00,2024-10-24 23:00:00,96.06
Montenegro,MNE,2024-10-24 22:00:00,2024-10-25 00:00:00,93.54
Montenegro,MNE,2024-10-24 23:00:00,2024-10-25 01:00:00,88.05
Montenegro,MNE,2024-10-25 00:00:00,2024-10-25 02:00:00,85.03
Montenegro,MNE,2024-10-25 01:00:00,2024-10-25 03:00:00,85.05
Montenegro,MNE,2024-10-25 02:00:00,2024-10-25 04:00:00,86.74
Montenegro,MNE,2024-10-25 03:00:00,2024-10-25 05:00:00,96.0
Montenegro,MNE,2024-10-25 04:00:00,2024-10-25 06:00:00,115.83
Montenegro,MNE,2024-10-25 05:00:00,2024-10-25 07:00:00,143.24
Montenegro,MNE,2024-10-25 06:00:00,2024-10-25 08:00:00,155.95
Montenegro,MNE,2024-10-25 07:00:00,2024-10-25 09:00:00,115.76
Montenegro,MNE,2024-10-25 08:00:00,2024-10-25 10:00:00,126.43
Montenegro,MNE,2024-10-25 09:00:00,2024-10-25 11:00:00,111.04
Montenegro,MNE,2024-10-25 10:00:00,2024-10-25 12:00:00,102.83
Montenegro,MNE,2024-10-25 11:00:00,2024-10-25 13:00:00,85.39
Montenegro,MNE,2024-10-25 12:00:00,2024-10-25 14:00:00,95.83
Montenegro,MNE,2024-10-25 13:00:00,2024-10-25 15:00:00,111.97
Montenegro,MNE,2024-10-25 14:00:00,2024-10-25 16:00:00,111.81
Montenegro,MNE,2024-10-25 15:00:00,2024-10-25 17:00:00,129.42
Montenegro,MNE,2024-10-25 16:00:00,2024-10-25 18:00:00,163.65
Montenegro,MNE,2024-10-25 17:00:00,2024-10-25 19:00:00,167.87
Montenegro,MNE,2024-10-25 18:00:00,2024-10-25 20:00:00,140.03
Montenegro,MNE,2024-10-25 19:00:00,2024-10-25 21:00:00,111.05
Montenegro,MNE,2024-10-25 20:00:00,2024-10-25 22:00:00,99.99
Montenegro,MNE,2024-10-25 21:00:00,2024-10-25 23:00:00,103.62
Montenegro,MNE,2024-10-25 22:00:00,2024-10-26 00:00:00,105.0
Montenegro,MNE,2024-10-25 23:00:00,2024-10-26 01:00:00,97.23
Montenegro,MNE,2024-10-26 00:00:00,2024-10-26 02:00:00,91.25
Montenegro,MNE,2024-10-26 01:00:00,2024-10-26 03:00:00,90.33
Montenegro,MNE,2024-10-26 02:00:00,2024-10-26 04:00:00,90.11
Montenegro,MNE,2024-10-26 03:00:00,2024-10-26 05:00:00,92.48
Montenegro,MNE,2024-10-26 04:00:00,2024-10-26 06:00:00,104.36
Montenegro,MNE,2024-10-26 05:00:00,2024-10-26 07:00:00,116.79
Montenegro,MNE,2024-10-26 06:00:00,2024-10-26 08:00:00,117.92
Montenegro,MNE,2024-10-26 07:00:00,2024-10-26 09:00:00,76.72
Montenegro,MNE,2024-10-26 08:00:00,2024-10-26 10:00:00,111.93
Montenegro,MNE,2024-10-26 09:00:00,2024-10-26 11:00:00,96.38
Montenegro,MNE,2024-10-26 10:00:00,2024-10-26 12:00:00,90.57
Montenegro,MNE,2024-10-26 11:00:00,2024-10-26 13:00:00,44.08
Montenegro,MNE,2024-10-26 12:00:00,2024-10-26 14:00:00,47.28
Montenegro,MNE,2024-10-26 13:00:00,2024-10-26 15:00:00,97.02
Montenegro,MNE,2024-10-26 14:00:00,2024-10-26 16:00:00,97.07
Montenegro,MNE,2024-10-26 15:00:00,2024-10-26 17:00:00,125.09
Montenegro,MNE,2024-10-26 16:00:00,2024-10-26 18:00:00,154.49
Montenegro,MNE,2024-10-26 17:00:00,2024-10-26 19:00:00,153.97
Montenegro,MNE,2024-10-26 18:00:00,2024-10-26 20:00:00,125.6
Montenegro,MNE,2024-10-26 19:00:00,2024-10-26 21:00:00,104.69
Montenegro,MNE,2024-10-26 20:00:00,2024-10-26 22:00:00,96.77
Montenegro,MNE,2024-10-26 21:00:00,2024-10-26 23:00:00,87.08
Montenegro,MNE,2024-10-26 22:00:00,2024-10-27 00:00:00,79.04
Montenegro,MNE,2024-10-26 23:00:00,2024-10-27 01:00:00,75.11
Montenegro,MNE,2024-10-27 00:00:00,2024-10-27 02:00:00,71.07
Montenegro,MNE,2024-10-27 01:00:00,2024-10-27 02:00:00,71.06
Montenegro,MNE,2024-10-27 02:00:00,2024-10-27 03:00:00,71.67
Montenegro,MNE,2024-10-27 03:00:00,2024-10-27 04:00:00,74.04
Montenegro,MNE,2024-10-27 04:00:00,2024-10-27 05:00:00,75.75
Montenegro,MNE,2024-10-27 05:00:00,2024-10-27 06:00:00,76.04
Montenegro,MNE,2024-10-27 06:00:00,2024-10-27 07:00:00,79.4
Montenegro,MNE,2024-10-27 07:00:00,2024-10-27 08:00:00,67.8
Montenegro,MNE,2024-10-27 08:00:00,2024-10-27 09:00:00,59.48
Montenegro,MNE,2024-10-27 09:00:00,2024-10-27 10:00:00,99.91
Montenegro,MNE,2024-10-27 10:00:00,2024-10-27 11:00:00,99.9
Montenegro,MNE,2024-10-27 11:00:00,2024-10-27 12:00:00,99.83
Montenegro,MNE,2024-10-27 12:00:00,2024-10-27 13:00:00,35.1
Montenegro,MNE,2024-10-27 13:00:00,2024-10-27 14:00:00,95.04
Montenegro,MNE,2024-10-27 14:00:00,2024-10-27 15:00:00,115.22
Montenegro,MNE,2024-10-27 15:00:00,2024-10-27 16:00:00,135.15
Montenegro,MNE,2024-10-27 16:00:00,2024-10-27 17:00:00,132.06
Montenegro,MNE,2024-10-27 17:00:00,2024-10-27 18:00:00,147.73
Montenegro,MNE,2024-10-27 18:00:00,2024-10-27 19:00:00,151.66
Montenegro,MNE,2024-10-27 19:00:00,2024-10-27 20:00:00,139.69
Montenegro,MNE,2024-10-27 20:00:00,2024-10-27 21:00:00,135.17
Montenegro,MNE,2024-10-27 21:00:00,2024-10-27 22:00:00,99.97
Montenegro,MNE,2024-10-27 22:00:00,2024-10-27 23:00:00,87.74
Montenegro,MNE,2024-10-27 23:00:00,2024-10-28 00:00:00,105.74
Montenegro,MNE,2024-10-28 00:00:00,2024-10-28 01:00:00,98.96
Montenegro,MNE,2024-10-28 01:00:00,2024-10-28 02:00:00,90.1
Montenegro,MNE,2024-10-28 02:00:00,2024-10-28 03:00:00,90.09
Montenegro,MNE,2024-10-28 03:00:00,2024-10-28 04:00:00,90.1
Montenegro,MNE,2024-10-28 04:00:00,2024-10-28 05:00:00,97.4
Montenegro,MNE,2024-10-28 05:00:00,2024-10-28 06:00:00,111.53
Montenegro,MNE,2024-10-28 06:00:00,2024-10-28 07:00:00,128.26
Montenegro,MNE,2024-10-28 07:00:00,2024-10-28 08:00:00,125.79
Montenegro,MNE,2024-10-28 08:00:00,2024-10-28 09:00:00,111.28
Montenegro,MNE,2024-10-28 09:00:00,2024-10-28 10:00:00,116.96
Montenegro,MNE,2024-10-28 10:00:00,2024-10-28 11:00:00,111.58
Montenegro,MNE,2024-10-28 11:00:00,2024-10-28 12:00:00,104.59
Montenegro,MNE,2024-10-28 12:00:00,2024-10-28 13:00:00,104.63
Montenegro,MNE,2024-10-28 13:00:00,2024-10-28 14:00:00,111.7
Montenegro,MNE,2024-10-28 14:00:00,2024-10-28 15:00:00,132.02
Montenegro,MNE,2024-10-28 15:00:00,2024-10-28 16:00:00,132.37
Montenegro,MNE,2024-10-28 16:00:00,2024-10-28 17:00:00,161.83
Montenegro,MNE,2024-10-28 17:00:00,2024-10-28 18:00:00,167.59
Montenegro,MNE,2024-10-28 18:00:00,2024-10-28 19:00:00,160.32
Montenegro,MNE,2024-10-28 19:00:00,2024-10-28 20:00:00,132.83
Montenegro,MNE,2024-10-28 20:00:00,2024-10-28 21:00:00,118.39
Montenegro,MNE,2024-10-28 21:00:00,2024-10-28 22:00:00,111.89
Montenegro,MNE,2024-10-28 22:00:00,2024-10-28 23:00:00,101.3
Montenegro,MNE,2024-10-28 23:00:00,2024-10-29 00:00:00,112.81
Montenegro,MNE,2024-10-29 00:00:00,2024-10-29 01:00:00,104.9
Montenegro,MNE,2024-10-29 01:00:00,2024-10-29 02:00:00,98.33
Montenegro,MNE,2024-10-29 02:00:00,2024-10-29 03:00:00,98.01
Montenegro,MNE,2024-10-29 03:00:00,2024-10-29 04:00:00,101.01
Montenegro,MNE,2024-10-29 04:00:00,2024-10-29 05:00:00,117.58
Montenegro,MNE,2024-10-29 05:00:00,2024-10-29 06:00:00,134.02
Montenegro,MNE,2024-10-29 06:00:00,2024-10-29 07:00:00,149.01
Montenegro,MNE,2024-10-29 07:00:00,2024-10-29 08:00:00,139.65
Montenegro,MNE,2024-10-29 08:00:00,2024-10-29 09:00:00,126.96
Montenegro,MNE,2024-10-29 09:00:00,2024-10-29 10:00:00,118.72
Montenegro,MNE,2024-10-29 10:00:00,2024-10-29 11:00:00,124.04
Montenegro,MNE,2024-10-29 11:00:00,2024-10-29 12:00:00,118.16
Montenegro,MNE,2024-10-29 12:00:00,2024-10-29 13:00:00,124.93
Montenegro,MNE,2024-10-29 13:00:00,2024-10-29 14:00:00,136.31
Montenegro,MNE,2024-10-29 14:00:00,2024-10-29 15:00:00,125.8
Montenegro,MNE,2024-10-29 15:00:00,2024-10-29 16:00:00,146.82
Montenegro,MNE,2024-10-29 16:00:00,2024-10-29 17:00:00,165.02
Montenegro,MNE,2024-10-29 17:00:00,2024-10-29 18:00:00,175.05
Montenegro,MNE,2024-10-29 18:00:00,2024-10-29 19:00:00,164.64
Montenegro,MNE,2024-10-29 19:00:00,2024-10-29 20:00:00,153.07
Montenegro,MNE,2024-10-29 20:00:00,2024-10-29 21:00:00,130.04
Montenegro,MNE,2024-10-29 21:00:00,2024-10-29 22:00:00,125.11
Montenegro,MNE,2024-10-29 22:00:00,2024-10-29 23:00:00,118.54
Montenegro,MNE,2024-10-29 23:00:00,2024-10-30 00:00:00,111.08
Montenegro,MNE,2024-10-30 00:00:00,2024-10-30 01:00:00,109.09
Montenegro,MNE,2024-10-30 01:00:00,2024-10-30 02:00:00,104.05
Montenegro,MNE,2024-10-30 02:00:00,2024-10-30 03:00:00,104.1
Montenegro,MNE,2024-10-30 03:00:00,2024-10-30 04:00:00,104.63
Montenegro,MNE,2024-10-30 04:00:00,2024-10-30 05:00:00,118.19
Montenegro,MNE,2024-10-30 05:00:00,2024-10-30 06:00:00,132.19
Montenegro,MNE,2024-10-30 06:00:00,2024-10-30 07:00:00,153.04
Montenegro,MNE,2024-10-30 07:00:00,2024-10-30 08:00:00,160.05
Montenegro,MNE,2024-10-30 08:00:00,2024-10-30 09:00:00,139.92
Montenegro,MNE,2024-10-30 09:00:00,2024-10-30 10:00:00,125.32
Montenegro,MNE,2024-10-30 10:00:00,2024-10-30 11:00:00,118.6
Montenegro,MNE,2024-10-30 11:00:00,2024-10-30 12:00:00,111.3
Montenegro,MNE,2024-10-30 12:00:00,2024-10-30 13:00:00,115.06
Montenegro,MNE,2024-10-30 13:00:00,2024-10-30 14:00:00,132.31
Montenegro,MNE,2024-10-30 14:00:00,2024-10-30 15:00:00,160.05
Montenegro,MNE,2024-10-30 15:00:00,2024-10-30 16:00:00,167.05
Montenegro,MNE,2024-10-30 16:00:00,2024-10-30 17:00:00,165.05
Montenegro,MNE,2024-10-30 17:00:00,2024-10-30 18:00:00,160.66
Montenegro,MNE,2024-10-30 18:00:00,2024-10-30 19:00:00,159.99
Montenegro,MNE,2024-10-30 19:00:00,2024-10-30 20:00:00,145.04
Montenegro,MNE,2024-10-30 20:00:00,2024-10-30 21:00:00,125.07
Montenegro,MNE,2024-10-30 21:00:00,2024-10-30 22:00:00,125.02
Montenegro,MNE,2024-10-30 22:00:00,2024-10-30 23:00:00,111.33
Montenegro,MNE,2024-10-30 23:00:00,2024-10-31 00:00:00,97.97
Montenegro,MNE,2024-10-31 00:00:00,2024-10-31 01:00:00,97.33
Montenegro,MNE,2024-10-31 01:00:00,2024-10-31 02:00:00,90.7
Montenegro,MNE,2024-10-31 02:00:00,2024-10-31 03:00:00,90.48
Montenegro,MNE,2024-10-31 03:00:00,2024-10-31 04:00:00,90.4
Montenegro,MNE,2024-10-31 04:00:00,2024-10-31 05:00:00,97.67
Montenegro,MNE,2024-10-31 05:00:00,2024-10-31 06:00:00,114.6
Montenegro,MNE,2024-10-31 06:00:00,2024-10-31 07:00:00,129.04
Montenegro,MNE,2024-10-31 07:00:00,2024-10-31 08:00:00,119.08
Montenegro,MNE,2024-10-31 08:00:00,2024-10-31 09:00:00,104.13
Montenegro,MNE,2024-10-31 09:00:00,2024-10-31 10:00:00,97.9
Montenegro,MNE,2024-10-31 10:00:00,2024-10-31 11:00:00,100.01
Montenegro,MNE,2024-10-31 11:00:00,2024-10-31 12:00:00,97.03
Montenegro,MNE,2024-10-31 12:00:00,2024-10-31 13:00:00,100.0
Montenegro,MNE,2024-10-31 13:00:00,2024-10-31 14:00:00,104.34
Montenegro,MNE,2024-10-31 14:00:00,2024-10-31 15:00:00,125.61
Montenegro,MNE,2024-10-31 15:00:00,2024-10-31 16:00:00,145.1
Montenegro,MNE,2024-10-31 16:00:00,2024-10-31 17:00:00,150.0
Montenegro,MNE,2024-10-31 17:00:00,2024-10-31 18:00:00,167.29
Montenegro,MNE,2024-10-31 18:00:00,2024-10-31 19:00:00,174.16
Montenegro,MNE,2024-10-31 19:00:00,2024-10-31 20:00:00,133.05
Montenegro,MNE,2024-10-31 20:00:00,2024-10-31 21:00:00,126.76
Montenegro,MNE,2024-10-31 21:00:00,2024-10-31 22:00:00,118.08
Montenegro,MNE,2024-10-31 22:00:00,2024-10-31 23:00:00,104.95
Montenegro,MNE,2024-10-31 23:00:00,2024-11-01 00:00:00,75.82
Montenegro,MNE,2024-11-01 00:00:00,2024-11-01 01:00:00,67.96
Montenegro,MNE,2024-11-01 01:00:00,2024-11-01 02:00:00,64.93
Montenegro,MNE,2024-11-01 02:00:00,2024-11-01 03:00:00,64.92
Montenegro,MNE,2024-11-01 03:00:00,2024-11-01 04:00:00,64.92
Montenegro,MNE,2024-11-01 04:00:00,2024-11-01 05:00:00,76.1
Montenegro,MNE,2024-11-01 05:00:00,2024-11-01 06:00:00,99.26
Montenegro,MNE,2024-11-01 06:00:00,2024-11-01 07:00:00,102.49
Montenegro,MNE,2024-11-01 07:00:00,2024-11-01 08:00:00,95.05
Montenegro,MNE,2024-11-01 08:00:00,2024-11-01 09:00:00,59.37
Montenegro,MNE,2024-11-01 09:00:00,2024-11-01 10:00:00,39.84
Montenegro,MNE,2024-11-01 10:00:00,2024-11-01 11:00:00,31.93
Montenegro,MNE,2024-11-01 11:00:00,2024-11-01 12:00:00,31.91
Montenegro,MNE,2024-11-01 12:00:00,2024-11-01 13:00:00,35.3
Montenegro,MNE,2024-11-01 13:00:00,2024-11-01 14:00:00,50.91
Montenegro,MNE,2024-11-01 14:00:00,2024-11-01 15:00:00,89.92
Montenegro,MNE,2024-11-01 15:00:00,2024-11-01 16:00:00,130.0
Montenegro,MNE,2024-11-01 16:00:00,2024-11-01 17:00:00,154.92
Montenegro,MNE,2024-11-01 17:00:00,2024-11-01 18:00:00,159.58
Montenegro,MNE,2024-11-01 18:00:00,2024-11-01 19:00:00,139.34
Montenegro,MNE,2024-11-01 19:00:00,2024-11-01 20:00:00,121.05
Montenegro,MNE,2024-11-01 20:00:00,2024-11-01 21:00:00,104.45
Montenegro,MNE,2024-11-01 21:00:00,2024-11-01 22:00:00,96.32
Montenegro,MNE,2024-11-01 22:00:00,2024-11-01 23:00:00,85.58
Montenegro,MNE,2024-11-01 23:00:00,2024-11-02 00:00:00,90.7
Montenegro,MNE,2024-11-02 00:00:00,2024-11-02 01:00:00,85.6
Montenegro,MNE,2024-11-02 01:00:00,2024-11-02 02:00:00,83.54
Montenegro,MNE,2024-11-02 02:00:00,2024-11-02 03:00:00,83.16
Montenegro,MNE,2024-11-02 03:00:00,2024-11-02 04:00:00,83.71
Montenegro,MNE,2024-11-02 04:00:00,2024-11-02 05:00:00,90.61
Montenegro,MNE,2024-11-02 05:00:00,2024-11-02 06:00:00,98.05
Montenegro,MNE,2024-11-02 06:00:00,2024-11-02 07:00:00,104.76
Montenegro,MNE,2024-11-02 07:00:00,2024-11-02 08:00:00,106.03
Montenegro,MNE,2024-11-02 08:00:00,2024-11-02 09:00:00,97.07
Montenegro,MNE,2024-11-02 09:00:00,2024-11-02 10:00:00,86.01
Montenegro,MNE,2024-11-02 10:00:00,2024-11-02 11:00:00,83.01
Montenegro,MNE,2024-11-02 11:00:00,2024-11-02 12:00:00,76.53
Montenegro,MNE,2024-11-02 12:00:00,2024-11-02 13:00:00,83.01
Montenegro,MNE,2024-11-02 13:00:00,2024-11-02 14:00:00,90.99
Montenegro,MNE,2024-11-02 14:00:00,2024-11-02 15:00:00,118.04
Montenegro,MNE,2024-11-02 15:00:00,2024-11-02 16:00:00,120.0
Montenegro,MNE,2024-11-02 16:00:00,2024-11-02 17:00:00,150.02
Montenegro,MNE,2024-11-02 17:00:00,2024-11-02 18:00:00,140.0
Montenegro,MNE,2024-11-02 18:00:00,2024-11-02 19:00:00,155.03
Montenegro,MNE,2024-11-02 19:00:00,2024-11-02 20:00:00,125.69
Montenegro,MNE,2024-11-02 20:00:00,2024-11-02 21:00:00,120.05
Montenegro,MNE,2024-11-02 21:00:00,2024-11-02 22:00:00,111.19
Montenegro,MNE,2024-11-02 22:00:00,2024-11-02 23:00:00,103.04
Montenegro,MNE,2024-11-02 23:00:00,2024-11-03 00:00:00,97.95
Montenegro,MNE,2024-11-03 00:00:00,2024-11-03 01:00:00,90.9
Montenegro,MNE,2024-11-03 01:00:00,2024-11-03 02:00:00,83.94
Montenegro,MNE,2024-11-03 02:00:00,2024-11-03 03:00:00,83.93
Montenegro,MNE,2024-11-03 03:00:00,2024-11-03 04:00:00,83.94
Montenegro,MNE,2024-11-03 04:00:00,2024-11-03 05:00:00,83.94
Montenegro,MNE,2024-11-03 05:00:00,2024-11-03 06:00:00,90.74
Montenegro,MNE,2024-11-03 06:00:00,2024-11-03 07:00:00,90.89
Montenegro,MNE,2024-11-03 07:00:00,2024-11-03 08:00:00,90.85
Montenegro,MNE,2024-11-03 08:00:00,2024-11-03 09:00:00,76.72
Montenegro,MNE,2024-11-03 09:00:00,2024-11-03 10:00:00,61.01
Montenegro,MNE,2024-11-03 10:00:00,2024-11-03 11:00:00,48.03
Montenegro,MNE,2024-11-03 11:00:00,2024-11-03 12:00:00,48.01
Montenegro,MNE,2024-11-03 12:00:00,2024-11-03 13:00:00,52.01
Montenegro,MNE,2024-11-03 13:00:00,2024-11-03 14:00:00,66.63
Montenegro,MNE,2024-11-03 14:00:00,2024-11-03 15:00:00,104.8
Montenegro,MNE,2024-11-03 15:00:00,2024-11-03 16:00:00,131.42
Montenegro,MNE,2024-11-03 16:00:00,2024-11-03 17:00:00,132.18
Montenegro,MNE,2024-11-03 17:00:00,2024-11-03 18:00:00,125.8
Montenegro,MNE,2024-11-03 18:00:00,2024-11-03 19:00:00,120.0
Montenegro,MNE,2024-11-03 19:00:00,2024-11-03 20:00:00,115.3
Montenegro,MNE,2024-11-03 20:00:00,2024-11-03 21:00:00,104.84
Montenegro,MNE,2024-11-03 21:00:00,2024-11-03 22:00:00,104.79
Montenegro,MNE,2024-11-03 22:00:00,2024-11-03 23:00:00,97.63
Montenegro,MNE,2024-11-03 23:00:00,2024-11-04 00:00:00,104.5
Montenegro,MNE,2024-11-04 00:00:00,2024-11-04 01:00:00,100.05
Montenegro,MNE,2024-11-04 01:00:00,2024-11-04 02:00:00,98.05
Montenegro,MNE,2024-11-04 02:00:00,2024-11-04 03:00:00,98.05
Montenegro,MNE,2024-11-04 03:00:00,2024-11-04 04:00:00,104.17
Montenegro,MNE,2024-11-04 04:00:00,2024-11-04 05:00:00,113.83
Montenegro,MNE,2024-11-04 05:00:00,2024-11-04 06:00:00,125.07
Montenegro,MNE,2024-11-04 06:00:00,2024-11-04 07:00:00,151.22
Montenegro,MNE,2024-11-04 07:00:00,2024-11-04 08:00:00,140.03
Montenegro,MNE,2024-11-04 08:00:00,2024-11-04 09:00:00,124.84
Montenegro,MNE,2024-11-04 09:00:00,2024-11-04 10:00:00,115.05
Montenegro,MNE,2024-11-04 10:00:00,2024-11-04 11:00:00,105.05
Montenegro,MNE,2024-11-04 11:00:00,2024-11-04 12:00:00,104.63
Montenegro,MNE,2024-11-04 12:00:00,2024-11-04 13:00:00,104.59
Montenegro,MNE,2024-11-04 13:00:00,2024-11-04 14:00:00,113.69
Montenegro,MNE,2024-11-04 14:00:00,2024-11-04 15:00:00,131.8
Montenegro,MNE,2024-11-04 15:00:00,2024-11-04 16:00:00,149.77
Montenegro,MNE,2024-11-04 16:00:00,2024-11-04 17:00:00,159.99
Montenegro,MNE,2024-11-04 17:00:00,2024-11-04 18:00:00,159.99
Montenegro,MNE,2024-11-04 18:00:00,2024-11-04 19:00:00,176.01
Montenegro,MNE,2024-11-04 19:00:00,2024-11-04 20:00:00,140.47
Montenegro,MNE,2024-11-04 20:00:00,2024-11-04 21:00:00,125.08
Montenegro,MNE,2024-11-04 21:00:00,2024-11-04 22:00:00,122.3
Montenegro,MNE,2024-11-04 22:00:00,2024-11-04 23:00:00,113.12
Montenegro,MNE,2024-11-04 23:00:00,2024-11-05 00:00:00,125.09
Montenegro,MNE,2024-11-05 00:00:00,2024-11-05 01:00:00,122.0
Montenegro,MNE,2024-11-05 01:00:00,2024-11-05 02:00:00,118.26
Montenegro,MNE,2024-11-05 02:00:00,2024-11-05 03:00:00,118.4
Montenegro,MNE,2024-11-05 03:00:00,2024-11-05 04:00:00,118.65
Montenegro,MNE,2024-11-05 04:00:00,2024-11-05 05:00:00,125.33
Montenegro,MNE,2024-11-05 05:00:00,2024-11-05 06:00:00,146.3
Montenegro,MNE,2024-11-05 06:00:00,2024-11-05 07:00:00,146.14
Montenegro,MNE,2024-11-05 07:00:00,2024-11-05 08:00:00,139.72
Montenegro,MNE,2024-11-05 08:00:00,2024-11-05 09:00:00,139.67
Montenegro,MNE,2024-11-05 09:00:00,2024-11-05 10:00:00,125.7
Montenegro,MNE,2024-11-05 10:00:00,2024-11-05 11:00:00,118.82
Montenegro,MNE,2024-11-05 11:00:00,2024-11-05 12:00:00,118.57
Montenegro,MNE,2024-11-05 12:00:00,2024-11-05 13:00:00,118.92
Montenegro,MNE,2024-11-05 13:00:00,2024-11-05 14:00:00,139.35
Montenegro,MNE,2024-11-05 14:00:00,2024-11-05 15:00:00,145.1
Montenegro,MNE,2024-11-05 15:00:00,2024-11-05 16:00:00,160.59
Montenegro,MNE,2024-11-05 16:00:00,2024-11-05 17:00:00,160.98
Montenegro,MNE,2024-11-05 17:00:00,2024-11-05 18:00:00,181.08
Montenegro,MNE,2024-11-05 18:00:00,2024-11-05 19:00:00,181.52
Montenegro,MNE,2024-11-05 19:00:00,2024-11-05 20:00:00,146.35
Montenegro,MNE,2024-11-05 20:00:00,2024-11-05 21:00:00,125.64
Montenegro,MNE,2024-11-05 21:00:00,2024-11-05 22:00:00,146.11
Montenegro,MNE,2024-11-05 22:00:00,2024-11-05 23:00:00,130.07
Montenegro,MNE,2024-11-05 23:00:00,2024-11-06 00:00:00,108.09
Montenegro,MNE,2024-11-06 00:00:00,2024-11-06 01:00:00,104.97
Montenegro,MNE,2024-11-06 01:00:00,2024-11-06 02:00:00,104.82
Montenegro,MNE,2024-11-06 02:00:00,2024-11-06 03:00:00,104.8
Montenegro,MNE,2024-11-06 03:00:00,2024-11-06 04:00:00,104.97
Montenegro,MNE,2024-11-06 04:00:00,2024-11-06 05:00:00,115.05
Montenegro,MNE,2024-11-06 05:00:00,2024-11-06 06:00:00,139.32
Montenegro,MNE,2024-11-06 06:00:00,2024-11-06 07:00:00,150.0
Montenegro,MNE,2024-11-06 07:00:00,2024-11-06 08:00:00,150.0
Montenegro,MNE,2024-11-06 08:00:00,2024-11-06 09:00:00,135.07
Montenegro,MNE,2024-11-06 09:00:00,2024-11-06 10:00:00,122.91
Montenegro,MNE,2024-11-06 10:00:00,2024-11-06 11:00:00,116.05
Montenegro,MNE,2024-11-06 11:00:00,2024-11-06 12:00:00,113.9
Montenegro,MNE,2024-11-06 12:00:00,2024-11-06 13:00:00,122.02
Montenegro,MNE,2024-11-06 13:00:00,2024-11-06 14:00:00,125.6
Montenegro,MNE,2024-11-06 14:00:00,2024-11-06 15:00:00,149.99
Montenegro,MNE,2024-11-06 15:00:00,2024-11-06 16:00:00,176.84
Montenegro,MNE,2024-11-06 16:00:00,2024-11-06 17:00:00,199.99
Montenegro,MNE,2024-11-06 17:00:00,2024-11-06 18:00:00,200.72
Montenegro,MNE,2024-11-06 18:00:00,2024-11-06 19:00:00,182.95
Montenegro,MNE,2024-11-06 19:00:00,2024-11-06 20:00:00,150.0
Montenegro,MNE,2024-11-06 20:00:00,2024-11-06 21:00:00,140.97
Montenegro,MNE,2024-11-06 21:00:00,2024-11-06 22:00:00,122.96
Montenegro,MNE,2024-11-06 22:00:00,2024-11-06 23:00:00,113.95
Montenegro,MNE,2024-11-06 23:00:00,2024-11-07 00:00:00,113.67
Montenegro,MNE,2024-11-07 00:00:00,2024-11-07 01:00:00,110.4
Montenegro,MNE,2024-11-07 01:00:00,2024-11-07 02:00:00,104.94
Montenegro,MNE,2024-11-07 02:00:00,2024-11-07 03:00:00,104.94
Montenegro,MNE,2024-11-07 03:00:00,2024-11-07 04:00:00,104.95
Montenegro,MNE,2024-11-07 04:00:00,2024-11-07 05:00:00,113.65
Montenegro,MNE,2024-11-07 05:00:00,2024-11-07 06:00:00,131.35
Montenegro,MNE,2024-11-07 06:00:00,2024-11-07 07:00:00,151.03
Montenegro,MNE,2024-11-07 07:00:00,2024-11-07 08:00:00,150.0
Montenegro,MNE,2024-11-07 08:00:00,2024-11-07 09:00:00,135.07
Montenegro,MNE,2024-11-07 09:00:00,2024-11-07 10:00:00,120.06
Montenegro,MNE,2024-11-07 10:00:00,2024-11-07 11:00:00,113.84
Montenegro,MNE,2024-11-07 11:00:00,2024-11-07 12:00:00,113.31
Montenegro,MNE,2024-11-07 12:00:00,2024-11-07 13:00:00,115.06
Montenegro,MNE,2024-11-07 13:00:00,2024-11-07 14:00:00,120.08
Montenegro,MNE,2024-11-07 14:00:00,2024-11-07 15:00:00,149.99
Montenegro,MNE,2024-11-07 15:00:00,2024-11-07 16:00:00,199.99
Montenegro,MNE,2024-11-07 16:00:00,2024-11-07 17:00:00,173.04
Montenegro,MNE,2024-11-07 17:00:00,2024-11-07 18:00:00,185.97
Montenegro,MNE,2024-11-07 18:00:00,2024-11-07 19:00:00,200.0
Montenegro,MNE,2024-11-07 19:00:00,2024-11-07 20:00:00,164.18
Montenegro,MNE,2024-11-07 20:00:00,2024-11-07 21:00:00,124.08
Montenegro,MNE,2024-11-07 21:00:00,2024-11-07 22:00:00,113.97
Montenegro,MNE,2024-11-07 22:00:00,2024-11-07 23:00:00,108.08
Montenegro,MNE,2024-11-07 23:00:00,2024-11-08 00:00:00,104.98
Montenegro,MNE,2024-11-08 00:00:00,2024-11-08 01:00:00,104.95
Montenegro,MNE,2024-11-08 01:00:00,2024-11-08 02:00:00,97.96
Montenegro,MNE,2024-11-08 02:00:00,2024-11-08 03:00:00,97.93
Montenegro,MNE,2024-11-08 03:00:00,2024-11-08 04:00:00,97.96
Montenegro,MNE,2024-11-08 04:00:00,2024-11-08 05:00:00,104.92
Montenegro,MNE,2024-11-08 05:00:00,2024-11-08 06:00:00,133.96
Montenegro,MNE,2024-11-08 06:00:00,2024-11-08 07:00:00,146.73
Montenegro,MNE,2024-11-08 07:00:00,2024-11-08 08:00:00,140.0
Montenegro,MNE,2024-11-08 08:00:00,2024-11-08 09:00:00,125.95
Montenegro,MNE,2024-11-08 09:00:00,2024-11-08 10:00:00,111.93
Montenegro,MNE,2024-11-08 10:00:00,2024-11-08 11:00:00,104.76
Montenegro,MNE,2024-11-08 11:00:00,2024-11-08 12:00:00,97.92
Montenegro,MNE,2024-11-08 12:00:00,2024-11-08 13:00:00,104.67
Montenegro,MNE,2024-11-08 13:00:00,2024-11-08 14:00:00,111.89
Montenegro,MNE,2024-11-08 14:00:00,2024-11-08 15:00:00,140.0
Montenegro,MNE,2024-11-08 15:00:00,2024-11-08 16:00:00,153.69
Montenegro,MNE,2024-11-08 16:00:00,2024-11-08 17:00:00,146.72
Montenegro,MNE,2024-11-08 17:00:00,2024-11-08 18:00:00,160.37
Montenegro,MNE,2024-11-08 18:00:00,2024-11-08 19:00:00,160.21
Montenegro,MNE,2024-11-08 19:00:00,2024-11-08 20:00:00,132.97
Montenegro,MNE,2024-11-08 20:00:00,2024-11-08 21:00:00,118.9
Montenegro,MNE,2024-11-08 21:00:00,2024-11-08 22:00:00,111.96
Montenegro,MNE,2024-11-08 22:00:00,2024-11-08 23:00:00,104.64
Montenegro,MNE,2024-11-08 23:00:00,2024-11-09 00:00:00,118.55
Montenegro,MNE,2024-11-09 00:00:00,2024-11-09 01:00:00,111.81
Montenegro,MNE,2024-11-09 01:00:00,2024-11-09 02:00:00,104.96
Montenegro,MNE,2024-11-09 02:00:00,2024-11-09 03:00:00,97.98
Montenegro,MNE,2024-11-09 03:00:00,2024-11-09 04:00:00,97.99
Montenegro,MNE,2024-11-09 04:00:00,2024-11-09 05:00:00,104.95
Montenegro,MNE,2024-11-09 05:00:00,2024-11-09 06:00:00,124.7
Montenegro,MNE,2024-11-09 06:00:00,2024-11-09 07:00:00,125.66
Montenegro,MNE,2024-11-09 07:00:00,2024-11-09 08:00:00,137.81
Montenegro,MNE,2024-11-09 08:00:00,2024-11-09 09:00:00,105.0
Montenegro,MNE,2024-11-09 09:00:00,2024-11-09 10:00:00,101.29
Montenegro,MNE,2024-11-09 10:00:00,2024-11-09 11:00:00,95.27
Montenegro,MNE,2024-11-09 11:00:00,2024-11-09 12:00:00,93.27
Montenegro,MNE,2024-11-09 12:00:00,2024-11-09 13:00:00,93.39
Montenegro,MNE,2024-11-09 13:00:00,2024-11-09 14:00:00,100.08
Montenegro,MNE,2024-11-09 14:00:00,2024-11-09 15:00:00,125.7
Montenegro,MNE,2024-11-09 15:00:00,2024-11-09 16:00:00,140.0
Montenegro,MNE,2024-11-09 16:00:00,2024-11-09 17:00:00,153.03
Montenegro,MNE,2024-11-09 17:00:00,2024-11-09 18:00:00,160.63
Montenegro,MNE,2024-11-09 18:00:00,2024-11-09 19:00:00,149.99
Montenegro,MNE,2024-11-09 19:00:00,2024-11-09 20:00:00,132.44
Montenegro,MNE,2024-11-09 20:00:00,2024-11-09 21:00:00,120.06
Montenegro,MNE,2024-11-09 21:00:00,2024-11-09 22:00:00,117.05
Montenegro,MNE,2024-11-09 22:00:00,2024-11-09 23:00:00,109.08
Montenegro,MNE,2024-11-09 23:00:00,2024-11-10 00:00:00,107.07
Montenegro,MNE,2024-11-10 00:00:00,2024-11-10 01:00:00,104.91
Montenegro,MNE,2024-11-10 01:00:00,2024-11-10 02:00:00,99.07
Montenegro,MNE,2024-11-10 02:00:00,2024-11-10 03:00:00,98.07
Montenegro,MNE,2024-11-10 03:00:00,2024-11-10 04:00:00,97.98
Montenegro,MNE,2024-11-10 04:00:00,2024-11-10 05:00:00,104.93
Montenegro,MNE,2024-11-10 05:00:00,2024-11-10 06:00:00,104.97
Montenegro,MNE,2024-11-10 06:00:00,2024-11-10 07:00:00,104.97
Montenegro,MNE,2024-11-10 07:00:00,2024-11-10 08:00:00,108.05
Montenegro,MNE,2024-11-10 08:00:00,2024-11-10 09:00:00,108.05
Montenegro,MNE,2024-11-10 09:00:00,2024-11-10 10:00:00,104.75
Montenegro,MNE,2024-11-10 10:00:00,2024-11-10 11:00:00,104.47
Montenegro,MNE,2024-11-10 11:00:00,2024-11-10 12:00:00,102.1
Montenegro,MNE,2024-11-10 12:00:00,2024-11-10 13:00:00,104.73
Montenegro,MNE,2024-11-10 13:00:00,2024-11-10 14:00:00,105.08
Montenegro,MNE,2024-11-10 14:00:00,2024-11-10 15:00:00,118.97
Montenegro,MNE,2024-11-10 15:00:00,2024-11-10 16:00:00,139.48
Montenegro,MNE,2024-11-10 16:00:00,2024-11-10 17:00:00,149.99
Montenegro,MNE,2024-11-10 17:00:00,2024-11-10 18:00:00,143.24
Montenegro,MNE,2024-11-10 18:00:00,2024-11-10 19:00:00,139.97
Montenegro,MNE,2024-11-10 19:00:00,2024-11-10 20:00:00,139.3
Montenegro,MNE,2024-11-10 20:00:00,2024-11-10 21:00:00,118.9
Montenegro,MNE,2024-11-10 21:00:00,2024-11-10 22:00:00,111.96
Montenegro,MNE,2024-11-10 22:00:00,2024-11-10 23:00:00,105.07
Montenegro,MNE,2024-11-10 23:00:00,2024-11-11 00:00:00,118.07
Montenegro,MNE,2024-11-11 00:00:00,2024-11-11 01:00:00,114.03
Montenegro,MNE,2024-11-11 01:00:00,2024-11-11 02:00:00,111.02
Montenegro,MNE,2024-11-11 02:00:00,2024-11-11 03:00:00,109.02
Montenegro,MNE,2024-11-11 03:00:00,2024-11-11 04:00:00,111.02
Montenegro,MNE,2024-11-11 04:00:00,2024-11-11 05:00:00,114.6
Montenegro,MNE,2024-11-11 05:00:00,2024-11-11 06:00:00,137.6
Montenegro,MNE,2024-11-11 06:00:00,2024-11-11 07:00:00,149.58
Montenegro,MNE,2024-11-11 07:00:00,2024-11-11 08:00:00,149.55
Montenegro,MNE,2024-11-11 08:00:00,2024-11-11 09:00:00,139.99
Montenegro,MNE,2024-11-11 09:00:00,2024-11-11 10:00:00,131.21
Montenegro,MNE,2024-11-11 10:00:00,2024-11-11 11:00:00,131.11
Montenegro,MNE,2024-11-11 11:00:00,2024-11-11 12:00:00,131.1
Montenegro,MNE,2024-11-11 12:00:00,2024-11-11 13:00:00,131.18
Montenegro,MNE,2024-11-11 13:00:00,2024-11-11 14:00:00,140.59
Montenegro,MNE,2024-11-11 14:00:00,2024-11-11 15:00:00,149.83
Montenegro,MNE,2024-11-11 15:00:00,2024-11-11 16:00:00,176.07
Montenegro,MNE,2024-11-11 16:00:00,2024-11-11 17:00:00,185.69
Montenegro,MNE,2024-11-11 17:00:00,2024-11-11 18:00:00,185.16
Montenegro,MNE,2024-11-11 18:00:00,2024-11-11 19:00:00,185.53
Montenegro,MNE,2024-11-11 19:00:00,2024-11-11 20:00:00,167.92
Montenegro,MNE,2024-11-11 20:00:00,2024-11-11 21:00:00,149.17
Montenegro,MNE,2024-11-11 21:00:00,2024-11-11 22:00:00,122.5
Montenegro,MNE,2024-11-11 22:00:00,2024-11-11 23:00:00,115.07
Montenegro,MNE,2024-11-11 23:00:00,2024-11-12 00:00:00,113.63
Montenegro,MNE,2024-11-12 00:00:00,2024-11-12 01:00:00,113.21
Montenegro,MNE,2024-11-12 01:00:00,2024-11-12 02:00:00,106.97
Montenegro,MNE,2024-11-12 02:00:00,2024-11-12 03:00:00,105.02
Montenegro,MNE,2024-11-12 03:00:00,2024-11-12 04:00:00,113.19
Montenegro,MNE,2024-11-12 04:00:00,2024-11-12 05:00:00,122.32
Montenegro,MNE,2024-11-12 05:00:00,2024-11-12 06:00:00,176.04
Montenegro,MNE,2024-11-12 06:00:00,2024-11-12 07:00:00,169.99
Montenegro,MNE,2024-11-12 07:00:00,2024-11-12 08:00:00,168.06
Montenegro,MNE,2024-11-12 08:00:00,2024-11-12 09:00:00,153.06
Montenegro,MNE,2024-11-12 09:00:00,2024-11-12 10:00:00,148.01
Montenegro,MNE,2024-11-12 10:00:00,2024-11-12 11:00:00,141.1
Montenegro,MNE,2024-11-12 11:00:00,2024-11-12 12:00:00,140.46
Montenegro,MNE,2024-11-12 12:00:00,2024-11-12 13:00:00,152.81
Montenegro,MNE,2024-11-12 13:00:00,2024-11-12 14:00:00,172.03
Montenegro,MNE,2024-11-12 14:00:00,2024-11-12 15:00:00,206.06
Montenegro,MNE,2024-11-12 15:00:00,2024-11-12 16:00:00,199.99
Montenegro,MNE,2024-11-12 16:00:00,2024-11-12 17:00:00,199.99
Montenegro,MNE,2024-11-12 17:00:00,2024-11-12 18:00:00,199.99
Montenegro,MNE,2024-11-12 18:00:00,2024-11-12 19:00:00,174.95
Montenegro,MNE,2024-11-12 19:00:00,2024-11-12 20:00:00,149.98
Montenegro,MNE,2024-11-12 20:00:00,2024-11-12 21:00:00,131.86
Montenegro,MNE,2024-11-12 21:00:00,2024-11-12 22:00:00,157.45
Montenegro,MNE,2024-11-12 22:00:00,2024-11-12 23:00:00,135.06
Montenegro,MNE,2024-11-12 23:00:00,2024-11-13 00:00:00,124.38
Montenegro,MNE,2024-11-13 00:00:00,2024-11-13 01:00:00,118.84
Montenegro,MNE,2024-11-13 01:00:00,2024-11-13 02:00:00,116.54
Montenegro,MNE,2024-11-13 02:00:00,2024-11-13 03:00:00,117.65
Montenegro,MNE,2024-11-13 03:00:00,2024-11-13 04:00:00,121.1
Montenegro,MNE,2024-11-13 04:00:00,2024-11-13 05:00:00,137.63
Montenegro,MNE,2024-11-13 05:00:00,2024-11-13 06:00:00,199.99
Montenegro,MNE,2024-11-13 06:00:00,2024-11-13 07:00:00,204.97
Montenegro,MNE,2024-11-13 07:00:00,2024-11-13 08:00:00,200.0
Montenegro,MNE,2024-11-13 08:00:00,2024-11-13 09:00:00,169.35
Montenegro,MNE,2024-11-13 09:00:00,2024-11-13 10:00:00,150.04
Montenegro,MNE,2024-11-13 10:00:00,2024-11-13 11:00:00,199.99
Montenegro,MNE,2024-11-13 11:00:00,2024-11-13 12:00:00,199.99
Montenegro,MNE,2024-11-13 12:00:00,2024-11-13 13:00:00,199.99
Montenegro,MNE,2024-11-13 13:00:00,2024-11-13 14:00:00,200.0
Montenegro,MNE,2024-11-13 14:00:00,2024-11-13 15:00:00,320.02
Montenegro,MNE,2024-11-13 15:00:00,2024-11-13 16:00:00,249.99
Montenegro,MNE,2024-11-13 16:00:00,2024-11-13 17:00:00,220.0
Montenegro,MNE,2024-11-13 17:00:00,2024-11-13 18:00:00,249.99
Montenegro,MNE,2024-11-13 18:00:00,2024-11-13 19:00:00,220.0
Montenegro,MNE,2024-11-13 19:00:00,2024-11-13 20:00:00,206.1
Montenegro,MNE,2024-11-13 20:00:00,2024-11-13 21:00:00,199.99
Montenegro,MNE,2024-11-13 21:00:00,2024-11-13 22:00:00,186.7
Montenegro,MNE,2024-11-13 22:00:00,2024-11-13 23:00:00,186.09
Montenegro,MNE,2024-11-13 23:00:00,2024-11-14 00:00:00,124.72
Montenegro,MNE,2024-11-14 00:00:00,2024-11-14 01:00:00,118.72
Montenegro,MNE,2024-11-14 01:00:00,2024-11-14 02:00:00,116.72
Montenegro,MNE,2024-11-14 02:00:00,2024-11-14 03:00:00,117.5
Montenegro,MNE,2024-11-14 03:00:00,2024-11-14 04:00:00,119.95
Montenegro,MNE,2024-11-14 04:00:00,2024-11-14 05:00:00,127.95
Montenegro,MNE,2024-11-14 05:00:00,2024-11-14 06:00:00,152.08
Montenegro,MNE,2024-11-14 06:00:00,2024-11-14 07:00:00,200.05
Montenegro,MNE,2024-11-14 07:00:00,2024-11-14 08:00:00,200.0
Montenegro,MNE,2024-11-14 08:00:00,2024-11-14 09:00:00,199.99
Montenegro,MNE,2024-11-14 09:00:00,2024-11-14 10:00:00,199.99
Montenegro,MNE,2024-11-14 10:00:00,2024-11-14 11:00:00,199.99
Montenegro,MNE,2024-11-14 11:00:00,2024-11-14 12:00:00,199.99
Montenegro,MNE,2024-11-14 12:00:00,2024-11-14 13:00:00,199.99
Montenegro,MNE,2024-11-14 13:00:00,2024-11-14 14:00:00,220.0
Montenegro,MNE,2024-11-14 14:00:00,2024-11-14 15:00:00,200.0
Montenegro,MNE,2024-11-14 15:00:00,2024-11-14 16:00:00,170.1
Montenegro,MNE,2024-11-14 16:00:00,2024-11-14 17:00:00,178.95
Montenegro,MNE,2024-11-14 17:00:00,2024-11-14 18:00:00,192.49
Montenegro,MNE,2024-11-14 18:00:00,2024-11-14 19:00:00,171.95
Montenegro,MNE,2024-11-14 19:00:00,2024-11-14 20:00:00,153.95
Montenegro,MNE,2024-11-14 20:00:00,2024-11-14 21:00:00,142.95
Montenegro,MNE,2024-11-14 21:00:00,2024-11-14 22:00:00,132.95
Montenegro,MNE,2024-11-14 22:00:00,2024-11-14 23:00:00,129.95
Montenegro,MNE,2024-11-14 23:00:00,2024-11-15 00:00:00,125.08
Montenegro,MNE,2024-11-15 00:00:00,2024-11-15 01:00:00,120.08
Montenegro,MNE,2024-11-15 01:00:00,2024-11-15 02:00:00,120.08
Montenegro,MNE,2024-11-15 02:00:00,2024-11-15 03:00:00,113.44
Montenegro,MNE,2024-11-15 03:00:00,2024-11-15 04:00:00,120.08
Montenegro,MNE,2024-11-15 04:00:00,2024-11-15 05:00:00,122.43
Montenegro,MNE,2024-11-15 05:00:00,2024-11-15 06:00:00,167.07
Montenegro,MNE,2024-11-15 06:00:00,2024-11-15 07:00:00,220.0
Montenegro,MNE,2024-11-15 07:00:00,2024-11-15 08:00:00,220.0
Montenegro,MNE,2024-11-15 08:00:00,2024-11-15 09:00:00,205.07
Montenegro,MNE,2024-11-15 09:00:00,2024-11-15 10:00:00,203.15
Montenegro,MNE,2024-11-15 10:00:00,2024-11-15 11:00:00,189.99
Montenegro,MNE,2024-11-15 11:00:00,2024-11-15 12:00:00,200.06
Montenegro,MNE,2024-11-15 12:00:00,2024-11-15 13:00:00,203.27
Montenegro,MNE,2024-11-15 13:00:00,2024-11-15 14:00:00,212.06
Montenegro,MNE,2024-11-15 14:00:00,2024-11-15 15:00:00,219.99
Montenegro,MNE,2024-11-15 15:00:00,2024-11-15 16:00:00,190.0
Montenegro,MNE,2024-11-15 16:00:00,2024-11-15 17:00:00,201.57
Montenegro,MNE,2024-11-15 17:00:00,2024-11-15 18:00:00,219.99
Montenegro,MNE,2024-11-15 18:00:00,2024-11-15 19:00:00,220.0
Montenegro,MNE,2024-11-15 19:00:00,2024-11-15 20:00:00,185.29
Montenegro,MNE,2024-11-15 20:00:00,2024-11-15 21:00:00,158.05
Montenegro,MNE,2024-11-15 21:00:00,2024-11-15 22:00:00,149.05
Montenegro,MNE,2024-11-15 22:00:00,2024-11-15 23:00:00,117.72
Montenegro,MNE,2024-11-15 23:00:00,2024-11-16 00:00:00,117.15
Montenegro,MNE,2024-11-16 00:00:00,2024-11-16 01:00:00,107.05
Montenegro,MNE,2024-11-16 01:00:00,2024-11-16 02:00:00,104.35
Montenegro,MNE,2024-11-16 02:00:00,2024-11-16 03:00:00,99.93
Montenegro,MNE,2024-11-16 03:00:00,2024-11-16 04:00:00,98.93
Montenegro,MNE,2024-11-16 04:00:00,2024-11-16 05:00:00,116.03
Montenegro,MNE,2024-11-16 05:00:00,2024-11-16 06:00:00,133.04
Montenegro,MNE,2024-11-16 06:00:00,2024-11-16 07:00:00,160.0
Montenegro,MNE,2024-11-16 07:00:00,2024-11-16 08:00:00,146.91
Montenegro,MNE,2024-11-16 08:00:00,2024-11-16 09:00:00,129.94
Montenegro,MNE,2024-11-16 09:00:00,2024-11-16 10:00:00,125.05
Montenegro,MNE,2024-11-16 10:00:00,2024-11-16 11:00:00,120.04
Montenegro,MNE,2024-11-16 11:00:00,2024-11-16 12:00:00,117.07
Montenegro,MNE,2024-11-16 12:00:00,2024-11-16 13:00:00,116.07
Montenegro,MNE,2024-11-16 13:00:00,2024-11-16 14:00:00,123.08
Montenegro,MNE,2024-11-16 14:00:00,2024-11-16 15:00:00,151.02
Montenegro,MNE,2024-11-16 15:00:00,2024-11-16 16:00:00,185.8
Montenegro,MNE,2024-11-16 16:00:00,2024-11-16 17:00:00,200.0
Montenegro,MNE,2024-11-16 17:00:00,2024-11-16 18:00:00,189.99
Montenegro,MNE,2024-11-16 18:00:00,2024-11-16 19:00:00,194.99
Montenegro,MNE,2024-11-16 19:00:00,2024-11-16 20:00:00,155.04
Montenegro,MNE,2024-11-16 20:00:00,2024-11-16 21:00:00,140.09
Montenegro,MNE,2024-11-16 21:00:00,2024-11-16 22:00:00,136.09
Montenegro,MNE,2024-11-16 22:00:00,2024-11-16 23:00:00,127.82
Montenegro,MNE,2024-11-16 23:00:00,2024-11-17 00:00:00,123.86
Montenegro,MNE,2024-11-17 00:00:00,2024-11-17 01:00:00,125.55
Montenegro,MNE,2024-11-17 01:00:00,2024-11-17 02:00:00,106.73
Montenegro,MNE,2024-11-17 02:00:00,2024-11-17 03:00:00,104.52
Montenegro,MNE,2024-11-17 03:00:00,2024-11-17 04:00:00,108.01
Montenegro,MNE,2024-11-17 04:00:00,2024-11-17 05:00:00,109.98
Montenegro,MNE,2024-11-17 05:00:00,2024-11-17 06:00:00,128.5
Montenegro,MNE,2024-11-17 06:00:00,2024-11-17 07:00:00,116.75
Montenegro,MNE,2024-11-17 07:00:00,2024-11-17 08:00:00,114.48
Montenegro,MNE,2024-11-17 08:00:00,2024-11-17 09:00:00,111.73
Montenegro,MNE,2024-11-17 09:00:00,2024-11-17 10:00:00,105.67
Montenegro,MNE,2024-11-17 10:00:00,2024-11-17 11:00:00,101.51
Montenegro,MNE,2024-11-17 11:00:00,2024-11-17 12:00:00,103.37
Montenegro,MNE,2024-11-17 12:00:00,2024-11-17 13:00:00,95.7
Montenegro,MNE,2024-11-17 13:00:00,2024-11-17 14:00:00,105.98
Montenegro,MNE,2024-11-17 14:00:00,2024-11-17 15:00:00,122.07
Montenegro,MNE,2024-11-17 15:00:00,2024-11-17 16:00:00,137.88
Montenegro,MNE,2024-11-17 16:00:00,2024-11-17 17:00:00,150.09
Montenegro,MNE,2024-11-17 17:00:00,2024-11-17 18:00:00,160.09
Montenegro,MNE,2024-11-17 18:00:00,2024-11-17 19:00:00,160.09
Montenegro,MNE,2024-11-17 19:00:00,2024-11-17 20:00:00,150.09
Montenegro,MNE,2024-11-17 20:00:00,2024-11-17 21:00:00,140.01
Montenegro,MNE,2024-11-17 21:00:00,2024-11-17 22:00:00,125.01
Montenegro,MNE,2024-11-17 22:00:00,2024-11-17 23:00:00,105.5
Montenegro,MNE,2024-11-17 23:00:00,2024-11-18 00:00:00,104.79
Montenegro,MNE,2024-11-18 00:00:00,2024-11-18 01:00:00,104.08
Montenegro,MNE,2024-11-18 01:00:00,2024-11-18 02:00:00,96.05
Montenegro,MNE,2024-11-18 02:00:00,2024-11-18 03:00:00,90.51
Montenegro,MNE,2024-11-18 03:00:00,2024-11-18 04:00:00,104.93
Montenegro,MNE,2024-11-18 04:00:00,2024-11-18 05:00:00,146.9
Montenegro,MNE,2024-11-18 05:00:00,2024-11-18 06:00:00,146.46
Montenegro,MNE,2024-11-18 06:00:00,2024-11-18 07:00:00,174.47
Montenegro,MNE,2024-11-18 07:00:00,2024-11-18 08:00:00,181.66
Montenegro,MNE,2024-11-18 08:00:00,2024-11-18 09:00:00,160.78
Montenegro,MNE,2024-11-18 09:00:00,2024-11-18 10:00:00,146.56
Montenegro,MNE,2024-11-18 10:00:00,2024-11-18 11:00:00,139.47
Montenegro,MNE,2024-11-18 11:00:00,2024-11-18 12:00:00,132.35
Montenegro,MNE,2024-11-18 12:00:00,2024-11-18 13:00:00,132.48
Montenegro,MNE,2024-11-18 13:00:00,2024-11-18 14:00:00,153.13
Montenegro,MNE,2024-11-18 14:00:00,2024-11-18 15:00:00,181.36
Montenegro,MNE,2024-11-18 15:00:00,2024-11-18 16:00:00,190.0
Montenegro,MNE,2024-11-18 16:00:00,2024-11-18 17:00:00,202.09
Montenegro,MNE,2024-11-18 17:00:00,2024-11-18 18:00:00,219.99
Montenegro,MNE,2024-11-18 18:00:00,2024-11-18 19:00:00,200.74
Montenegro,MNE,2024-11-18 19:00:00,2024-11-18 20:00:00,193.19
Montenegro,MNE,2024-11-18 20:00:00,2024-11-18 21:00:00,157.69
Montenegro,MNE,2024-11-18 21:00:00,2024-11-18 22:00:00,139.7
Montenegro,MNE,2024-11-18 22:00:00,2024-11-18 23:00:00,146.23
Montenegro,MNE,2024-11-18 23:00:00,2024-11-19 00:00:00,124.07
Montenegro,MNE,2024-11-19 00:00:00,2024-11-19 01:00:00,116.07
Montenegro,MNE,2024-11-19 01:00:00,2024-11-19 02:00:00,115.07
Montenegro,MNE,2024-11-19 02:00:00,2024-11-19 03:00:00,121.07
Montenegro,MNE,2024-11-19 03:00:00,2024-11-19 04:00:00,122.06
Montenegro,MNE,2024-11-19 04:00:00,2024-11-19 05:00:00,131.69
Montenegro,MNE,2024-11-19 05:00:00,2024-11-19 06:00:00,212.95
Montenegro,MNE,2024-11-19 06:00:00,2024-11-19 07:00:00,220.0
Montenegro,MNE,2024-11-19 07:00:00,2024-11-19 08:00:00,199.99
Montenegro,MNE,2024-11-19 08:00:00,2024-11-19 09:00:00,189.99
Montenegro,MNE,2024-11-19 09:00:00,2024-11-19 10:00:00,134.98
Montenegro,MNE,2024-11-19 10:00:00,2024-11-19 11:00:00,131.45
Montenegro,MNE,2024-11-19 11:00:00,2024-11-19 12:00:00,133.05
Montenegro,MNE,2024-11-19 12:00:00,2024-11-19 13:00:00,143.02
Montenegro,MNE,2024-11-19 13:00:00,2024-11-19 14:00:00,163.09
Montenegro,MNE,2024-11-19 14:00:00,2024-11-19 15:00:00,200.0
Montenegro,MNE,2024-11-19 15:00:00,2024-11-19 16:00:00,200.0
Montenegro,MNE,2024-11-19 16:00:00,2024-11-19 17:00:00,200.0
Montenegro,MNE,2024-11-19 17:00:00,2024-11-19 18:00:00,199.99
Montenegro,MNE,2024-11-19 18:00:00,2024-11-19 19:00:00,200.0
Montenegro,MNE,2024-11-19 19:00:00,2024-11-19 20:00:00,190.0
Montenegro,MNE,2024-11-19 20:00:00,2024-11-19 21:00:00,140.94
Montenegro,MNE,2024-11-19 21:00:00,2024-11-19 22:00:00,131.95
Montenegro,MNE,2024-11-19 22:00:00,2024-11-19 23:00:00,124.52
Montenegro,MNE,2024-11-19 23:00:00,2024-11-20 00:00:00,117.19
Montenegro,MNE,2024-11-20 00:00:00,2024-11-20 01:00:00,109.98
Montenegro,MNE,2024-11-20 01:00:00,2024-11-20 02:00:00,98.98
Montenegro,MNE,2024-11-20 02:00:00,2024-11-20 03:00:00,104.44
Montenegro,MNE,2024-11-20 03:00:00,2024-11-20 04:00:00,104.83
Montenegro,MNE,2024-11-20 04:00:00,2024-11-20 05:00:00,118.02
Montenegro,MNE,2024-11-20 05:00:00,2024-11-20 06:00:00,143.03
Montenegro,MNE,2024-11-20 06:00:00,2024-11-20 07:00:00,175.08
Montenegro,MNE,2024-11-20 07:00:00,2024-11-20 08:00:00,172.05
Montenegro,MNE,2024-11-20 08:00:00,2024-11-20 09:00:00,150.23
Montenegro,MNE,2024-11-20 09:00:00,2024-11-20 10:00:00,141.33
Montenegro,MNE,2024-11-20 10:00:00,2024-11-20 11:00:00,136.34
Montenegro,MNE,2024-11-20 11:00:00,2024-11-20 12:00:00,128.05
Montenegro,MNE,2024-11-20 12:00:00,2024-11-20 13:00:00,138.05
Montenegro,MNE,2024-11-20 13:00:00,2024-11-20 14:00:00,158.03
Montenegro,MNE,2024-11-20 14:00:00,2024-11-20 15:00:00,180.0
Montenegro,MNE,2024-11-20 15:00:00,2024-11-20 16:00:00,199.99
Montenegro,MNE,2024-11-20 16:00:00,2024-11-20 17:00:00,199.99
Montenegro,MNE,2024-11-20 17:00:00,2024-11-20 18:00:00,197.99
Montenegro,MNE,2024-11-20 18:00:00,2024-11-20 19:00:00,173.05
Montenegro,MNE,2024-11-20 19:00:00,2024-11-20 20:00:00,148.55
Montenegro,MNE,2024-11-20 20:00:00,2024-11-20 21:00:00,130.69
Montenegro,MNE,2024-11-20 21:00:00,2024-11-20 22:00:00,121.55
Montenegro,MNE,2024-11-20 22:00:00,2024-11-20 23:00:00,104.74
Montenegro,MNE,2024-11-20 23:00:00,2024-11-21 00:00:00,105.06
Montenegro,MNE,2024-11-21 00:00:00,2024-11-21 01:00:00,98.06
Montenegro,MNE,2024-11-21 01:00:00,2024-11-21 02:00:00,92.06
Montenegro,MNE,2024-11-21 02:00:00,2024-11-21 03:00:00,84.06
Montenegro,MNE,2024-11-21 03:00:00,2024-11-21 04:00:00,86.87
Montenegro,MNE,2024-11-21 04:00:00,2024-11-21 05:00:00,104.92
Montenegro,MNE,2024-11-21 05:00:00,2024-11-21 06:00:00,143.13
Montenegro,MNE,2024-11-21 06:00:00,2024-11-21 07:00:00,167.42
Montenegro,MNE,2024-11-21 07:00:00,2024-11-21 08:00:00,158.9
Montenegro,MNE,2024-11-21 08:00:00,2024-11-21 09:00:00,140.97
Montenegro,MNE,2024-11-21 09:00:00,2024-11-21 10:00:00,131.82
Montenegro,MNE,2024-11-21 10:00:00,2024-11-21 11:00:00,131.3
Montenegro,MNE,2024-11-21 11:00:00,2024-11-21 12:00:00,125.06
Montenegro,MNE,2024-11-21 12:00:00,2024-11-21 13:00:00,133.06
Montenegro,MNE,2024-11-21 13:00:00,2024-11-21 14:00:00,167.87
Montenegro,MNE,2024-11-21 14:00:00,2024-11-21 15:00:00,176.97
Montenegro,MNE,2024-11-21 15:00:00,2024-11-21 16:00:00,170.0
Montenegro,MNE,2024-11-21 16:00:00,2024-11-21 17:00:00,170.0
Montenegro,MNE,2024-11-21 17:00:00,2024-11-21 18:00:00,169.99
Montenegro,MNE,2024-11-21 18:00:00,2024-11-21 19:00:00,169.99
Montenegro,MNE,2024-11-21 19:00:00,2024-11-21 20:00:00,149.38
Montenegro,MNE,2024-11-21 20:00:00,2024-11-21 21:00:00,136.95
Montenegro,MNE,2024-11-21 21:00:00,2024-11-21 22:00:00,124.0
Montenegro,MNE,2024-11-21 22:00:00,2024-11-21 23:00:00,115.05
Montenegro,MNE,2024-11-21 23:00:00,2024-11-22 00:00:00,111.92
Montenegro,MNE,2024-11-22 00:00:00,2024-11-22 01:00:00,110.07
Montenegro,MNE,2024-11-22 01:00:00,2024-11-22 02:00:00,98.29
Montenegro,MNE,2024-11-22 02:00:00,2024-11-22 03:00:00,97.96
Montenegro,MNE,2024-11-22 03:00:00,2024-11-22 04:00:00,102.05
Montenegro,MNE,2024-11-22 04:00:00,2024-11-22 05:00:00,108.49
Montenegro,MNE,2024-11-22 05:00:00,2024-11-22 06:00:00,132.94
Montenegro,MNE,2024-11-22 06:00:00,2024-11-22 07:00:00,145.55
Montenegro,MNE,2024-11-22 07:00:00,2024-11-22 08:00:00,146.43
Montenegro,MNE,2024-11-22 08:00:00,2024-11-22 09:00:00,139.12
Montenegro,MNE,2024-11-22 09:00:00,2024-11-22 10:00:00,128.01
Montenegro,MNE,2024-11-22 10:00:00,2024-11-22 11:00:00,125.02
Montenegro,MNE,2024-11-22 11:00:00,2024-11-22 12:00:00,118.04
Montenegro,MNE,2024-11-22 12:00:00,2024-11-22 13:00:00,115.97
Montenegro,MNE,2024-11-22 13:00:00,2024-11-22 14:00:00,129.76
Montenegro,MNE,2024-11-22 14:00:00,2024-11-22 15:00:00,153.25
Montenegro,MNE,2024-11-22 15:00:00,2024-11-22 16:00:00,157.29
Montenegro,MNE,2024-11-22 16:00:00,2024-11-22 17:00:00,166.04
Montenegro,MNE,2024-11-22 17:00:00,2024-11-22 18:00:00,153.65
Montenegro,MNE,2024-11-22 18:00:00,2024-11-22 19:00:00,153.03
Montenegro,MNE,2024-11-22 19:00:00,2024-11-22 20:00:00,128.07
Montenegro,MNE,2024-11-22 20:00:00,2024-11-22 21:00:00,118.5
Montenegro,MNE,2024-11-22 21:00:00,2024-11-22 22:00:00,122.32
Montenegro,MNE,2024-11-22 22:00:00,2024-11-22 23:00:00,104.95
Montenegro,MNE,2024-11-22 23:00:00,2024-11-23 00:00:00,97.54
Montenegro,MNE,2024-11-23 00:00:00,2024-11-23 01:00:00,90.54
Montenegro,MNE,2024-11-23 01:00:00,2024-11-23 02:00:00,83.71
Montenegro,MNE,2024-11-23 02:00:00,2024-11-23 03:00:00,83.39
Montenegro,MNE,2024-11-23 03:00:00,2024-11-23 04:00:00,83.62
Montenegro,MNE,2024-11-23 04:00:00,2024-11-23 05:00:00,90.68
Montenegro,MNE,2024-11-23 05:00:00,2024-11-23 06:00:00,118.24
Montenegro,MNE,2024-11-23 06:00:00,2024-11-23 07:00:00,139.04
Montenegro,MNE,2024-11-23 07:00:00,2024-11-23 08:00:00,132.49
Montenegro,MNE,2024-11-23 08:00:00,2024-11-23 09:00:00,111.16
Montenegro,MNE,2024-11-23 09:00:00,2024-11-23 10:00:00,97.34
Montenegro,MNE,2024-11-23 10:00:00,2024-11-23 11:00:00,83.29
Montenegro,MNE,2024-11-23 11:00:00,2024-11-23 12:00:00,83.02
Montenegro,MNE,2024-11-23 12:00:00,2024-11-23 13:00:00,83.24
Montenegro,MNE,2024-11-23 13:00:00,2024-11-23 14:00:00,104.57
Montenegro,MNE,2024-11-23 14:00:00,2024-11-23 15:00:00,137.02
Montenegro,MNE,2024-11-23 15:00:00,2024-11-23 16:00:00,156.55
Montenegro,MNE,2024-11-23 16:00:00,2024-11-23 17:00:00,174.2
Montenegro,MNE,2024-11-23 17:00:00,2024-11-23 18:00:00,169.04
Montenegro,MNE,2024-11-23 18:00:00,2024-11-23 19:00:00,162.95
Montenegro,MNE,2024-11-23 19:00:00,2024-11-23 20:00:00,153.36
Montenegro,MNE,2024-11-23 20:00:00,2024-11-23 21:00:00,132.63
Montenegro,MNE,2024-11-23 21:00:00,2024-11-23 22:00:00,125.09
Montenegro,MNE,2024-11-23 22:00:00,2024-11-23 23:00:00,90.88
Montenegro,MNE,2024-11-23 23:00:00,2024-11-24 00:00:00,90.74
Montenegro,MNE,2024-11-24 00:00:00,2024-11-24 01:00:00,83.21
Montenegro,MNE,2024-11-24 01:00:00,2024-11-24 02:00:00,76.6
Montenegro,MNE,2024-11-24 02:00:00,2024-11-24 03:00:00,76.46
Montenegro,MNE,2024-11-24 03:00:00,2024-11-24 04:00:00,76.14
Montenegro,MNE,2024-11-24 04:00:00,2024-11-24 05:00:00,83.23
Montenegro,MNE,2024-11-24 05:00:00,2024-11-24 06:00:00,97.56
Montenegro,MNE,2024-11-24 06:00:00,2024-11-24 07:00:00,104.33
Montenegro,MNE,2024-11-24 07:00:00,2024-11-24 08:00:00,104.99
Montenegro,MNE,2024-11-24 08:00:00,2024-11-24 09:00:00,90.83
Montenegro,MNE,2024-11-24 09:00:00,2024-11-24 10:00:00,83.43
Montenegro,MNE,2024-11-24 10:00:00,2024-11-24 11:00:00,83.43
Montenegro,MNE,2024-11-24 11:00:00,2024-11-24 12:00:00,80.08
Montenegro,MNE,2024-11-24 12:00:00,2024-11-24 13:00:00,90.76
Montenegro,MNE,2024-11-24 13:00:00,2024-11-24 14:00:00,118.93
Montenegro,MNE,2024-11-24 14:00:00,2024-11-24 15:00:00,153.23
Montenegro,MNE,2024-11-24 15:00:00,2024-11-24 16:00:00,153.86
Montenegro,MNE,2024-11-24 16:00:00,2024-11-24 17:00:00,167.8
Montenegro,MNE,2024-11-24 17:00:00,2024-11-24 18:00:00,181.45
Montenegro,MNE,2024-11-24 18:00:00,2024-11-24 19:00:00,172.91
Montenegro,MNE,2024-11-24 19:00:00,2024-11-24 20:00:00,160.73
Montenegro,MNE,2024-11-24 20:00:00,2024-11-24 21:00:00,141.45
Montenegro,MNE,2024-11-24 21:00:00,2024-11-24 22:00:00,132.64
Montenegro,MNE,2024-11-24 22:00:00,2024-11-24 23:00:00,122.01
Montenegro,MNE,2024-11-24 23:00:00,2024-11-25 00:00:00,108.07
Montenegro,MNE,2024-11-25 00:00:00,2024-11-25 01:00:00,99.06
Montenegro,MNE,2024-11-25 01:00:00,2024-11-25 02:00:00,95.06
Montenegro,MNE,2024-11-25 02:00:00,2024-11-25 03:00:00,86.89
Montenegro,MNE,2024-11-25 03:00:00,2024-11-25 04:00:00,95.61
Montenegro,MNE,2024-11-25 04:00:00,2024-11-25 05:00:00,122.41
Montenegro,MNE,2024-11-25 05:00:00,2024-11-25 06:00:00,140.89
Montenegro,MNE,2024-11-25 06:00:00,2024-11-25 07:00:00,185.72
Montenegro,MNE,2024-11-25 07:00:00,2024-11-25 08:00:00,167.6
Montenegro,MNE,2024-11-25 08:00:00,2024-11-25 09:00:00,149.85
Montenegro,MNE,2024-11-25 09:00:00,2024-11-25 10:00:00,140.84
Montenegro,MNE,2024-11-25 10:00:00,2024-11-25 11:00:00,140.34
Montenegro,MNE,2024-11-25 11:00:00,2024-11-25 12:00:00,131.85
Montenegro,MNE,2024-11-25 12:00:00,2024-11-25 13:00:00,131.85
Montenegro,MNE,2024-11-25 13:00:00,2024-11-25 14:00:00,164.01
Montenegro,MNE,2024-11-25 14:00:00,2024-11-25 15:00:00,158.88
Montenegro,MNE,2024-11-25 15:00:00,2024-11-25 16:00:00,167.47
Montenegro,MNE,2024-11-25 16:00:00,2024-11-25 17:00:00,167.94
Montenegro,MNE,2024-11-25 17:00:00,2024-11-25 18:00:00,176.37
Montenegro,MNE,2024-11-25 18:00:00,2024-11-25 19:00:00,172.45
Montenegro,MNE,2024-11-25 19:00:00,2024-11-25 20:00:00,154.45
Montenegro,MNE,2024-11-25 20:00:00,2024-11-25 21:00:00,140.7
Montenegro,MNE,2024-11-25 21:00:00,2024-11-25 22:00:00,140.06
Montenegro,MNE,2024-11-25 22:00:00,2024-11-25 23:00:00,113.97
Montenegro,MNE,2024-11-25 23:00:00,2024-11-26 00:00:00,111.08
Montenegro,MNE,2024-11-26 00:00:00,2024-11-26 01:00:00,108.01
Montenegro,MNE,2024-11-26 01:00:00,2024-11-26 02:00:00,103.01
Montenegro,MNE,2024-11-26 02:00:00,2024-11-26 03:00:00,103.01
Montenegro,MNE,2024-11-26 03:00:00,2024-11-26 04:00:00,112.76
Montenegro,MNE,2024-11-26 04:00:00,2024-11-26 05:00:00,125.56
Montenegro,MNE,2024-11-26 05:00:00,2024-11-26 06:00:00,167.1
Montenegro,MNE,2024-11-26 06:00:00,2024-11-26 07:00:00,167.77
Montenegro,MNE,2024-11-26 07:00:00,2024-11-26 08:00:00,167.83
Montenegro,MNE,2024-11-26 08:00:00,2024-11-26 09:00:00,146.96
Montenegro,MNE,2024-11-26 09:00:00,2024-11-26 10:00:00,139.6
Montenegro,MNE,2024-11-26 10:00:00,2024-11-26 11:00:00,139.59
Montenegro,MNE,2024-11-26 11:00:00,2024-11-26 12:00:00,132.67
Montenegro,MNE,2024-11-26 12:00:00,2024-11-26 13:00:00,132.97
Montenegro,MNE,2024-11-26 13:00:00,2024-11-26 14:00:00,152.03
Montenegro,MNE,2024-11-26 14:00:00,2024-11-26 15:00:00,167.01
Montenegro,MNE,2024-11-26 15:00:00,2024-11-26 16:00:00,198.16
Montenegro,MNE,2024-11-26 16:00:00,2024-11-26 17:00:00,193.43
Montenegro,MNE,2024-11-26 17:00:00,2024-11-26 18:00:00,188.34
Montenegro,MNE,2024-11-26 18:00:00,2024-11-26 19:00:00,181.36
Montenegro,MNE,2024-11-26 19:00:00,2024-11-26 20:00:00,181.47
Montenegro,MNE,2024-11-26 20:00:00,2024-11-26 21:00:00,153.44
Montenegro,MNE,2024-11-26 21:00:00,2024-11-26 22:00:00,139.92
Montenegro,MNE,2024-11-26 22:00:00,2024-11-26 23:00:00,126.01
Montenegro,MNE,2024-11-26 23:00:00,2024-11-27 00:00:00,120.69
Montenegro,MNE,2024-11-27 00:00:00,2024-11-27 01:00:00,118.2
Montenegro,MNE,2024-11-27 01:00:00,2024-11-27 02:00:00,113.29
Montenegro,MNE,2024-11-27 02:00:00,2024-11-27 03:00:00,110.99
Montenegro,MNE,2024-11-27 03:00:00,2024-11-27 04:00:00,117.09
Montenegro,MNE,2024-11-27 04:00:00,2024-11-27 05:00:00,131.04
Montenegro,MNE,2024-11-27 05:00:00,2024-11-27 06:00:00,153.04
Montenegro,MNE,2024-11-27 06:00:00,2024-11-27 07:00:00,167.84
Montenegro,MNE,2024-11-27 07:00:00,2024-11-27 08:00:00,174.83
Montenegro,MNE,2024-11-27 08:00:00,2024-11-27 09:00:00,165.0
Montenegro,MNE,2024-11-27 09:00:00,2024-11-27 10:00:00,153.87
Montenegro,MNE,2024-11-27 10:00:00,2024-11-27 11:00:00,148.06
Montenegro,MNE,2024-11-27 11:00:00,2024-11-27 12:00:00,144.01
Montenegro,MNE,2024-11-27 12:00:00,2024-11-27 13:00:00,147.03
Montenegro,MNE,2024-11-27 13:00:00,2024-11-27 14:00:00,160.71
Montenegro,MNE,2024-11-27 14:00:00,2024-11-27 15:00:00,176.03
Montenegro,MNE,2024-11-27 15:00:00,2024-11-27 16:00:00,181.29
Montenegro,MNE,2024-11-27 16:00:00,2024-11-27 17:00:00,181.45
Montenegro,MNE,2024-11-27 17:00:00,2024-11-27 18:00:00,174.27
Montenegro,MNE,2024-11-27 18:00:00,2024-11-27 19:00:00,165.0
Montenegro,MNE,2024-11-27 19:00:00,2024-11-27 20:00:00,153.9
Montenegro,MNE,2024-11-27 20:00:00,2024-11-27 21:00:00,146.04
Montenegro,MNE,2024-11-27 21:00:00,2024-11-27 22:00:00,139.81
Montenegro,MNE,2024-11-27 22:00:00,2024-11-27 23:00:00,132.58
Montenegro,MNE,2024-11-27 23:00:00,2024-11-28 00:00:00,105.0
Montenegro,MNE,2024-11-28 00:00:00,2024-11-28 01:00:00,104.81
Montenegro,MNE,2024-11-28 01:00:00,2024-11-28 02:00:00,97.78
Montenegro,MNE,2024-11-28 02:00:00,2024-11-28 03:00:00,97.67
Montenegro,MNE,2024-11-28 03:00:00,2024-11-28 04:00:00,99.79
Montenegro,MNE,2024-11-28 04:00:00,2024-11-28 05:00:00,125.34
Montenegro,MNE,2024-11-28 05:00:00,2024-11-28 06:00:00,153.98
Montenegro,MNE,2024-11-28 06:00:00,2024-11-28 07:00:00,174.36
Montenegro,MNE,2024-11-28 07:00:00,2024-11-28 08:00:00,174.56
Montenegro,MNE,2024-11-28 08:00:00,2024-11-28 09:00:00,159.0
Montenegro,MNE,2024-11-28 09:00:00,2024-11-28 10:00:00,149.09
Montenegro,MNE,2024-11-28 10:00:00,2024-11-28 11:00:00,146.69
Montenegro,MNE,2024-11-28 11:00:00,2024-11-28 12:00:00,141.58
Montenegro,MNE,2024-11-28 12:00:00,2024-11-28 13:00:00,145.07
Montenegro,MNE,2024-11-28 13:00:00,2024-11-28 14:00:00,153.89
Montenegro,MNE,2024-11-28 14:00:00,2024-11-28 15:00:00,174.78
Montenegro,MNE,2024-11-28 15:00:00,2024-11-28 16:00:00,193.38
Montenegro,MNE,2024-11-28 16:00:00,2024-11-28 17:00:00,174.79
Montenegro,MNE,2024-11-28 17:00:00,2024-11-28 18:00:00,167.79
Montenegro,MNE,2024-11-28 18:00:00,2024-11-28 19:00:00,164.99
Montenegro,MNE,2024-11-28 19:00:00,2024-11-28 20:00:00,158.03
Montenegro,MNE,2024-11-28 20:00:00,2024-11-28 21:00:00,139.01
Montenegro,MNE,2024-11-28 21:00:00,2024-11-28 22:00:00,130.05
Montenegro,MNE,2024-11-28 22:00:00,2024-11-28 23:00:00,118.9
Montenegro,MNE,2024-11-28 23:00:00,2024-11-29 00:00:00,111.94
Montenegro,MNE,2024-11-29 00:00:00,2024-11-29 01:00:00,111.9
Montenegro,MNE,2024-11-29 01:00:00,2024-11-29 02:00:00,109.92
Montenegro,MNE,2024-11-29 02:00:00,2024-11-29 03:00:00,105.17
Montenegro,MNE,2024-11-29 03:00:00,2024-11-29 04:00:00,110.0
Montenegro,MNE,2024-11-29 04:00:00,2024-11-29 05:00:00,118.79
Montenegro,MNE,2024-11-29 05:00:00,2024-11-29 06:00:00,141.06
Montenegro,MNE,2024-11-29 06:00:00,2024-11-29 07:00:00,174.91
Montenegro,MNE,2024-11-29 07:00:00,2024-11-29 08:00:00,189.93
Montenegro,MNE,2024-11-29 08:00:00,2024-11-29 09:00:00,170.06
Montenegro,MNE,2024-11-29 09:00:00,2024-11-29 10:00:00,160.1
Montenegro,MNE,2024-11-29 10:00:00,2024-11-29 11:00:00,146.42
Montenegro,MNE,2024-11-29 11:00:00,2024-11-29 12:00:00,141.03
Montenegro,MNE,2024-11-29 12:00:00,2024-11-29 13:00:00,141.06
Montenegro,MNE,2024-11-29 13:00:00,2024-11-29 14:00:00,149.07
Montenegro,MNE,2024-11-29 14:00:00,2024-11-29 15:00:00,168.07
Montenegro,MNE,2024-11-29 15:00:00,2024-11-29 16:00:00,183.8
Montenegro,MNE,2024-11-29 16:00:00,2024-11-29 17:00:00,198.06
Montenegro,MNE,2024-11-29 17:00:00,2024-11-29 18:00:00,174.57
Montenegro,MNE,2024-11-29 18:00:00,2024-11-29 19:00:00,160.12
Montenegro,MNE,2024-11-29 19:00:00,2024-11-29 20:00:00,139.34
Montenegro,MNE,2024-11-29 20:00:00,2024-11-29 21:00:00,127.03
Montenegro,MNE,2024-11-29 21:00:00,2024-11-29 22:00:00,121.01
Montenegro,MNE,2024-11-29 22:00:00,2024-11-29 23:00:00,121.06
Montenegro,MNE,2024-11-29 23:00:00,2024-11-30 00:00:00,105.09
Montenegro,MNE,2024-11-30 00:00:00,2024-11-30 01:00:00,97.97
Montenegro,MNE,2024-11-30 01:00:00,2024-11-30 02:00:00,90.89
Montenegro,MNE,2024-11-30 02:00:00,2024-11-30 03:00:00,84.88
Montenegro,MNE,2024-11-30 03:00:00,2024-11-30 04:00:00,90.49
Montenegro,MNE,2024-11-30 04:00:00,2024-11-30 05:00:00,97.86
Montenegro,MNE,2024-11-30 05:00:00,2024-11-30 06:00:00,111.68
Montenegro,MNE,2024-11-30 06:00:00,2024-11-30 07:00:00,125.74
Montenegro,MNE,2024-11-30 07:00:00,2024-11-30 08:00:00,125.79
Montenegro,MNE,2024-11-30 08:00:00,2024-11-30 09:00:00,111.27
Montenegro,MNE,2024-11-30 09:00:00,2024-11-30 10:00:00,100.13
Montenegro,MNE,2024-11-30 10:00:00,2024-11-30 11:00:00,97.78
Montenegro,MNE,2024-11-30 11:00:00,2024-11-30 12:00:00,97.51
Montenegro,MNE,2024-11-30 12:00:00,2024-11-30 13:00:00,97.94
Montenegro,MNE,2024-11-30 13:00:00,2024-11-30 14:00:00,115.02
Montenegro,MNE,2024-11-30 14:00:00,2024-11-30 15:00:00,132.73
Montenegro,MNE,2024-11-30 15:00:00,2024-11-30 16:00:00,147.03
Montenegro,MNE,2024-11-30 16:00:00,2024-11-30 17:00:00,147.03
Montenegro,MNE,2024-11-30 17:00:00,2024-11-30 18:00:00,146.98
Montenegro,MNE,2024-11-30 18:00:00,2024-11-30 19:00:00,146.73
Montenegro,MNE,2024-11-30 19:00:00,2024-11-30 20:00:00,132.25
Montenegro,MNE,2024-11-30 20:00:00,2024-11-30 21:00:00,118.92
Montenegro,MNE,2024-11-30 21:00:00,2024-11-30 22:00:00,112.04
Montenegro,MNE,2024-11-30 22:00:00,2024-11-30 23:00:00,99.34
Montenegro,MNE,2024-11-30 23:00:00,2024-12-01 00:00:00,111.71
Montenegro,MNE,2024-12-01 00:00:00,2024-12-01 01:00:00,106.86
Montenegro,MNE,2024-12-01 01:00:00,2024-12-01 02:00:00,99.04
Montenegro,MNE,2024-12-01 02:00:00,2024-12-01 03:00:00,95.04
Montenegro,MNE,2024-12-01 03:00:00,2024-12-01 04:00:00,92.06
Montenegro,MNE,2024-12-01 04:00:00,2024-12-01 05:00:00,99.03
Montenegro,MNE,2024-12-01 05:00:00,2024-12-01 06:00:00,109.06
Montenegro,MNE,2024-12-01 06:00:00,2024-12-01 07:00:00,119.57
Montenegro,MNE,2024-12-01 07:00:00,2024-12-01 08:00:00,120.08
Montenegro,MNE,2024-12-01 08:00:00,2024-12-01 09:00:00,117.07
Montenegro,MNE,2024-12-01 09:00:00,2024-12-01 10:00:00,105.38
Montenegro,MNE,2024-12-01 10:00:00,2024-12-01 11:00:00,103.09
Montenegro,MNE,2024-12-01 11:00:00,2024-12-01 12:00:00,104.1
Montenegro,MNE,2024-12-01 12:00:00,2024-12-01 13:00:00,107.58
Montenegro,MNE,2024-12-01 13:00:00,2024-12-01 14:00:00,118.05
Montenegro,MNE,2024-12-01 14:00:00,2024-12-01 15:00:00,130.03
Montenegro,MNE,2024-12-01 15:00:00,2024-12-01 16:00:00,139.06
Montenegro,MNE,2024-12-01 16:00:00,2024-12-01 17:00:00,139.54
Montenegro,MNE,2024-12-01 17:00:00,2024-12-01 18:00:00,146.02
Montenegro,MNE,2024-12-01 18:00:00,2024-12-01 19:00:00,142.99
Montenegro,MNE,2024-12-01 19:00:00,2024-12-01 20:00:00,125.04
Montenegro,MNE,2024-12-01 20:00:00,2024-12-01 21:00:00,120.07
Montenegro,MNE,2024-12-01 21:00:00,2024-12-01 22:00:00,120.03
Montenegro,MNE,2024-12-01 22:00:00,2024-12-01 23:00:00,111.64
Montenegro,MNE,2024-12-01 23:00:00,2024-12-02 00:00:00,92.02
Montenegro,MNE,2024-12-02 00:00:00,2024-12-02 01:00:00,93.02
Montenegro,MNE,2024-12-02 01:00:00,2024-12-02 02:00:00,86.02
Montenegro,MNE,2024-12-02 02:00:00,2024-12-02 03:00:00,79.01
Montenegro,MNE,2024-12-02 03:00:00,2024-12-02 04:00:00,81.89
Montenegro,MNE,2024-12-02 04:00:00,2024-12-02 05:00:00,97.02
Montenegro,MNE,2024-12-02 05:00:00,2024-12-02 06:00:00,131.92
Montenegro,MNE,2024-12-02 06:00:00,2024-12-02 07:00:00,149.2
Montenegro,MNE,2024-12-02 07:00:00,2024-12-02 08:00:00,156.91
Montenegro,MNE,2024-12-02 08:00:00,2024-12-02 09:00:00,144.95
Montenegro,MNE,2024-12-02 09:00:00,2024-12-02 10:00:00,140.03
Montenegro,MNE,2024-12-02 10:00:00,2024-12-02 11:00:00,129.94
Montenegro,MNE,2024-12-02 11:00:00,2024-12-02 12:00:00,126.1
Montenegro,MNE,2024-12-02 12:00:00,2024-12-02 13:00:00,129.97
Montenegro,MNE,2024-12-02 13:00:00,2024-12-02 14:00:00,137.0
Montenegro,MNE,2024-12-02 14:00:00,2024-12-02 15:00:00,159.94
Montenegro,MNE,2024-12-02 15:00:00,2024-12-02 16:00:00,173.64
Montenegro,MNE,2024-12-02 16:00:00,2024-12-02 17:00:00,167.14
Montenegro,MNE,2024-12-02 17:00:00,2024-12-02 18:00:00,165.75
Montenegro,MNE,2024-12-02 18:00:00,2024-12-02 19:00:00,160.0
Montenegro,MNE,2024-12-02 19:00:00,2024-12-02 20:00:00,159.97
Montenegro,MNE,2024-12-02 20:00:00,2024-12-02 21:00:00,134.02
Montenegro,MNE,2024-12-02 21:00:00,2024-12-02 22:00:00,127.02
Montenegro,MNE,2024-12-02 22:00:00,2024-12-02 23:00:00,107.02
Montenegro,MNE,2024-12-02 23:00:00,2024-12-03 00:00:00,118.01
Montenegro,MNE,2024-12-03 00:00:00,2024-12-03 01:00:00,111.34
Montenegro,MNE,2024-12-03 01:00:00,2024-12-03 02:00:00,108.31
Montenegro,MNE,2024-12-03 02:00:00,2024-12-03 03:00:00,111.17
Montenegro,MNE,2024-12-03 03:00:00,2024-12-03 04:00:00,115.05
Montenegro,MNE,2024-12-03 04:00:00,2024-12-03 05:00:00,130.06
Montenegro,MNE,2024-12-03 05:00:00,2024-12-03 06:00:00,142.07
Montenegro,MNE,2024-12-03 06:00:00,2024-12-03 07:00:00,169.99
Montenegro,MNE,2024-12-03 07:00:00,2024-12-03 08:00:00,188.67
Montenegro,MNE,2024-12-03 08:00:00,2024-12-03 09:00:00,177.07
Montenegro,MNE,2024-12-03 09:00:00,2024-12-03 10:00:00,167.5
Montenegro,MNE,2024-12-03 10:00:00,2024-12-03 11:00:00,160.88
Montenegro,MNE,2024-12-03 11:00:00,2024-12-03 12:00:00,146.1
Montenegro,MNE,2024-12-03 12:00:00,2024-12-03 13:00:00,155.01
Montenegro,MNE,2024-12-03 13:00:00,2024-12-03 14:00:00,175.05
Montenegro,MNE,2024-12-03 14:00:00,2024-12-03 15:00:00,181.08
Montenegro,MNE,2024-12-03 15:00:00,2024-12-03 16:00:00,223.08
Montenegro,MNE,2024-12-03 16:00:00,2024-12-03 17:00:00,218.27
Montenegro,MNE,2024-12-03 17:00:00,2024-12-03 18:00:00,203.1
Montenegro,MNE,2024-12-03 18:00:00,2024-12-03 19:00:00,208.09
Montenegro,MNE,2024-12-03 19:00:00,2024-12-03 20:00:00,167.91
Montenegro,MNE,2024-12-03 20:00:00,2024-12-03 21:00:00,160.62
Montenegro,MNE,2024-12-03 21:00:00,2024-12-03 22:00:00,151.93
Montenegro,MNE,2024-12-03 22:00:00,2024-12-03 23:00:00,144.15
Montenegro,MNE,2024-12-03 23:00:00,2024-12-04 00:00:00,125.92
Montenegro,MNE,2024-12-04 00:00:00,2024-12-04 01:00:00,125.71
Montenegro,MNE,2024-12-04 01:00:00,2024-12-04 02:00:00,120.01
Montenegro,MNE,2024-12-04 02:00:00,2024-12-04 03:00:00,120.01
Montenegro,MNE,2024-12-04 03:00:00,2024-12-04 04:00:00,124.66
Montenegro,MNE,2024-12-04 04:00:00,2024-12-04 05:00:00,131.03
Montenegro,MNE,2024-12-04 05:00:00,2024-12-04 06:00:00,153.38
Montenegro,MNE,2024-12-04 06:00:00,2024-12-04 07:00:00,188.47
Montenegro,MNE,2024-12-04 07:00:00,2024-12-04 08:00:00,210.86
Montenegro,MNE,2024-12-04 08:00:00,2024-12-04 09:00:00,195.02
Montenegro,MNE,2024-12-04 09:00:00,2024-12-04 10:00:00,183.11
Montenegro,MNE,2024-12-04 10:00:00,2024-12-04 11:00:00,166.04
Montenegro,MNE,2024-12-04 11:00:00,2024-12-04 12:00:00,157.65
Montenegro,MNE,2024-12-04 12:00:00,2024-12-04 13:00:00,158.85
Montenegro,MNE,2024-12-04 13:00:00,2024-12-04 14:00:00,170.13
Montenegro,MNE,2024-12-04 14:00:00,2024-12-04 15:00:00,188.26
Montenegro,MNE,2024-12-04 15:00:00,2024-12-04 16:00:00,203.04
Montenegro,MNE,2024-12-04 16:00:00,2024-12-04 17:00:00,207.91
Montenegro,MNE,2024-12-04 17:00:00,2024-12-04 18:00:00,201.05
Montenegro,MNE,2024-12-04 18:00:00,2024-12-04 19:00:00,191.01
Montenegro,MNE,2024-12-04 19:00:00,2024-12-04 20:00:00,169.99
Montenegro,MNE,2024-12-04 20:00:00,2024-12-04 21:00:00,150.74
Montenegro,MNE,2024-12-04 21:00:00,2024-12-04 22:00:00,140.54
Montenegro,MNE,2024-12-04 22:00:00,2024-12-04 23:00:00,125.85
Montenegro,MNE,2024-12-04 23:00:00,2024-12-05 00:00:00,113.27
Montenegro,MNE,2024-12-05 00:00:00,2024-12-05 01:00:00,111.61
Montenegro,MNE,2024-12-05 01:00:00,2024-12-05 02:00:00,104.9
Montenegro,MNE,2024-12-05 02:00:00,2024-12-05 03:00:00,104.5
Montenegro,MNE,2024-12-05 03:00:00,2024-12-05 04:00:00,104.71
Montenegro,MNE,2024-12-05 04:00:00,2024-12-05 05:00:00,118.64
Montenegro,MNE,2024-12-05 05:00:00,2024-12-05 06:00:00,142.05
Montenegro,MNE,2024-12-05 06:00:00,2024-12-05 07:00:00,188.35
Montenegro,MNE,2024-12-05 07:00:00,2024-12-05 08:00:00,169.99
Montenegro,MNE,2024-12-05 08:00:00,2024-12-05 09:00:00,169.99
Montenegro,MNE,2024-12-05 09:00:00,2024-12-05 10:00:00,140.3
Montenegro,MNE,2024-12-05 10:00:00,2024-12-05 11:00:00,135.09
Montenegro,MNE,2024-12-05 11:00:00,2024-12-05 12:00:00,133.1
Montenegro,MNE,2024-12-05 12:00:00,2024-12-05 13:00:00,136.7
Montenegro,MNE,2024-12-05 13:00:00,2024-12-05 14:00:00,167.16
Montenegro,MNE,2024-12-05 14:00:00,2024-12-05 15:00:00,169.99
Montenegro,MNE,2024-12-05 15:00:00,2024-12-05 16:00:00,169.66
Montenegro,MNE,2024-12-05 16:00:00,2024-12-05 17:00:00,185.08
Montenegro,MNE,2024-12-05 17:00:00,2024-12-05 18:00:00,189.99
Montenegro,MNE,2024-12-05 18:00:00,2024-12-05 19:00:00,195.01
Montenegro,MNE,2024-12-05 19:00:00,2024-12-05 20:00:00,162.01
Montenegro,MNE,2024-12-05 20:00:00,2024-12-05 21:00:00,136.09
Montenegro,MNE,2024-12-05 21:00:00,2024-12-05 22:00:00,125.75
Montenegro,MNE,2024-12-05 22:00:00,2024-12-05 23:00:00,118.73
Montenegro,MNE,2024-12-05 23:00:00,2024-12-06 00:00:00,109.37
Montenegro,MNE,2024-12-06 00:00:00,2024-12-06 01:00:00,104.23
Montenegro,MNE,2024-12-06 01:00:00,2024-12-06 02:00:00,92.52
Montenegro,MNE,2024-12-06 02:00:00,2024-12-06 03:00:00,90.97
Montenegro,MNE,2024-12-06 03:00:00,2024-12-06 04:00:00,97.77
Montenegro,MNE,2024-12-06 04:00:00,2024-12-06 05:00:00,118.05
Montenegro,MNE,2024-12-06 05:00:00,2024-12-06 06:00:00,144.45
Montenegro,MNE,2024-12-06 06:00:00,2024-12-06 07:00:00,174.04
Montenegro,MNE,2024-12-06 07:00:00,2024-12-06 08:00:00,181.87
Montenegro,MNE,2024-12-06 08:00:00,2024-12-06 09:00:00,174.35
Montenegro,MNE,2024-12-06 09:00:00,2024-12-06 10:00:00,167.23
Montenegro,MNE,2024-12-06 10:00:00,2024-12-06 11:00:00,160.65
Montenegro,MNE,2024-12-06 11:00:00,2024-12-06 12:00:00,170.94
Montenegro,MNE,2024-12-06 12:00:00,2024-12-06 13:00:00,164.45
Montenegro,MNE,2024-12-06 13:00:00,2024-12-06 14:00:00,163.39
Montenegro,MNE,2024-12-06 14:00:00,2024-12-06 15:00:00,182.01
Montenegro,MNE,2024-12-06 15:00:00,2024-12-06 16:00:00,188.25
Montenegro,MNE,2024-12-06 16:00:00,2024-12-06 17:00:00,181.58
Montenegro,MNE,2024-12-06 17:00:00,2024-12-06 18:00:00,170.0
Montenegro,MNE,2024-12-06 18:00:00,2024-12-06 19:00:00,167.67
Montenegro,MNE,2024-12-06 19:00:00,2024-12-06 20:00:00,154.53
Montenegro,MNE,2024-12-06 20:00:00,2024-12-06 21:00:00,139.77
Montenegro,MNE,2024-12-06 21:00:00,2024-12-06 22:00:00,125.95
Montenegro,MNE,2024-12-06 22:00:00,2024-12-06 23:00:00,111.11
Montenegro,MNE,2024-12-06 23:00:00,2024-12-07 00:00:00,123.51
Montenegro,MNE,2024-12-07 00:00:00,2024-12-07 01:00:00,99.64
Montenegro,MNE,2024-12-07 01:00:00,2024-12-07 02:00:00,97.54
Montenegro,MNE,2024-12-07 02:00:00,2024-12-07 03:00:00,90.56
Montenegro,MNE,2024-12-07 03:00:00,2024-12-07 04:00:00,90.44
Montenegro,MNE,2024-12-07 04:00:00,2024-12-07 05:00:00,104.87
Montenegro,MNE,2024-12-07 05:00:00,2024-12-07 06:00:00,132.03
Montenegro,MNE,2024-12-07 06:00:00,2024-12-07 07:00:00,139.65
Montenegro,MNE,2024-12-07 07:00:00,2024-12-07 08:00:00,153.47
Montenegro,MNE,2024-12-07 08:00:00,2024-12-07 09:00:00,151.55
Montenegro,MNE,2024-12-07 09:00:00,2024-12-07 10:00:00,131.51
Montenegro,MNE,2024-12-07 10:00:00,2024-12-07 11:00:00,125.15
Montenegro,MNE,2024-12-07 11:00:00,2024-12-07 12:00:00,121.55
Montenegro,MNE,2024-12-07 12:00:00,2024-12-07 13:00:00,123.52
Montenegro,MNE,2024-12-07 13:00:00,2024-12-07 14:00:00,127.34
Montenegro,MNE,2024-12-07 14:00:00,2024-12-07 15:00:00,146.98
Montenegro,MNE,2024-12-07 15:00:00,2024-12-07 16:00:00,168.95
Montenegro,MNE,2024-12-07 16:00:00,2024-12-07 17:00:00,181.25
Montenegro,MNE,2024-12-07 17:00:00,2024-12-07 18:00:00,171.04
Montenegro,MNE,2024-12-07 18:00:00,2024-12-07 19:00:00,160.55
Montenegro,MNE,2024-12-07 19:00:00,2024-12-07 20:00:00,146.54
Montenegro,MNE,2024-12-07 20:00:00,2024-12-07 21:00:00,125.42
Montenegro,MNE,2024-12-07 21:00:00,2024-12-07 22:00:00,111.82
Montenegro,MNE,2024-12-07 22:00:00,2024-12-07 23:00:00,97.26
Montenegro,MNE,2024-12-07 23:00:00,2024-12-08 00:00:00,85.09
Montenegro,MNE,2024-12-08 00:00:00,2024-12-08 01:00:00,76.94
Montenegro,MNE,2024-12-08 01:00:00,2024-12-08 02:00:00,69.95
Montenegro,MNE,2024-12-08 02:00:00,2024-12-08 03:00:00,74.27
Montenegro,MNE,2024-12-08 03:00:00,2024-12-08 04:00:00,78.18
Montenegro,MNE,2024-12-08 04:00:00,2024-12-08 05:00:00,84.38
Montenegro,MNE,2024-12-08 05:00:00,2024-12-08 06:00:00,98.54
Montenegro,MNE,2024-12-08 06:00:00,2024-12-08 07:00:00,104.37
Montenegro,MNE,2024-12-08 07:00:00,2024-12-08 08:00:00,111.97
Montenegro,MNE,2024-12-08 08:00:00,2024-12-08 09:00:00,118.99
Montenegro,MNE,2024-12-08 09:00:00,2024-12-08 10:00:00,118.7
Montenegro,MNE,2024-12-08 10:00:00,2024-12-08 11:00:00,118.51
Montenegro,MNE,2024-12-08 11:00:00,2024-12-08 12:00:00,117.06
Montenegro,MNE,2024-12-08 12:00:00,2024-12-08 13:00:00,118.28
Montenegro,MNE,2024-12-08 13:00:00,2024-12-08 14:00:00,122.08
Montenegro,MNE,2024-12-08 14:00:00,2024-12-08 15:00:00,132.08
Montenegro,MNE,2024-12-08 15:00:00,2024-12-08 16:00:00,133.0
Montenegro,MNE,2024-12-08 16:00:00,2024-12-08 17:00:00,145.03
Montenegro,MNE,2024-12-08 17:00:00,2024-12-08 18:00:00,146.41
Montenegro,MNE,2024-12-08 18:00:00,2024-12-08 19:00:00,146.04
Montenegro,MNE,2024-12-08 19:00:00,2024-12-08 20:00:00,132.74
Montenegro,MNE,2024-12-08 20:00:00,2024-12-08 21:00:00,121.54
Montenegro,MNE,2024-12-08 21:00:00,2024-12-08 22:00:00,111.44
Montenegro,MNE,2024-12-08 22:00:00,2024-12-08 23:00:00,92.61
Montenegro,MNE,2024-12-08 23:00:00,2024-12-09 00:00:00,80.78
Montenegro,MNE,2024-12-09 00:00:00,2024-12-09 01:00:00,74.1
Montenegro,MNE,2024-12-09 01:00:00,2024-12-09 02:00:00,69.46
Montenegro,MNE,2024-12-09 02:00:00,2024-12-09 03:00:00,67.86
Montenegro,MNE,2024-12-09 03:00:00,2024-12-09 04:00:00,67.96
Montenegro,MNE,2024-12-09 04:00:00,2024-12-09 05:00:00,87.55
Montenegro,MNE,2024-12-09 05:00:00,2024-12-09 06:00:00,118.62
Montenegro,MNE,2024-12-09 06:00:00,2024-12-09 07:00:00,140.02
Montenegro,MNE,2024-12-09 07:00:00,2024-12-09 08:00:00,146.74
Montenegro,MNE,2024-12-09 08:00:00,2024-12-09 09:00:00,139.83
Montenegro,MNE,2024-12-09 09:00:00,2024-12-09 10:00:00,132.93
Montenegro,MNE,2024-12-09 10:00:00,2024-12-09 11:00:00,132.91
Montenegro,MNE,2024-12-09 11:00:00,2024-12-09 12:00:00,132.91
Montenegro,MNE,2024-12-09 12:00:00,2024-12-09 13:00:00,136.05
Montenegro,MNE,2024-12-09 13:00:00,2024-12-09 14:00:00,145.08
Montenegro,MNE,2024-12-09 14:00:00,2024-12-09 15:00:00,160.99
Montenegro,MNE,2024-12-09 15:00:00,2024-12-09 16:00:00,179.99
Montenegro,MNE,2024-12-09 16:00:00,2024-12-09 17:00:00,179.99
Montenegro,MNE,2024-12-09 17:00:00,2024-12-09 18:00:00,179.99
Montenegro,MNE,2024-12-09 18:00:00,2024-12-09 19:00:00,179.99
Montenegro,MNE,2024-12-09 19:00:00,2024-12-09 20:00:00,174.37
Montenegro,MNE,2024-12-09 20:00:00,2024-12-09 21:00:00,146.85
Montenegro,MNE,2024-12-09 21:00:00,2024-12-09 22:00:00,125.66
Montenegro,MNE,2024-12-09 22:00:00,2024-12-09 23:00:00,111.41
Montenegro,MNE,2024-12-09 23:00:00,2024-12-10 00:00:00,111.54
Montenegro,MNE,2024-12-10 00:00:00,2024-12-10 01:00:00,104.75
Montenegro,MNE,2024-12-10 01:00:00,2024-12-10 02:00:00,97.83
Montenegro,MNE,2024-12-10 02:00:00,2024-12-10 03:00:00,97.72
Montenegro,MNE,2024-12-10 03:00:00,2024-12-10 04:00:00,104.43
Montenegro,MNE,2024-12-10 04:00:00,2024-12-10 05:00:00,118.61
Montenegro,MNE,2024-12-10 05:00:00,2024-12-10 06:00:00,139.92
Montenegro,MNE,2024-12-10 06:00:00,2024-12-10 07:00:00,170.01
Montenegro,MNE,2024-12-10 07:00:00,2024-12-10 08:00:00,181.56
Montenegro,MNE,2024-12-10 08:00:00,2024-12-10 09:00:00,174.91
Montenegro,MNE,2024-12-10 09:00:00,2024-12-10 10:00:00,167.23
Montenegro,MNE,2024-12-10 10:00:00,2024-12-10 11:00:00,162.07
Montenegro,MNE,2024-12-10 11:00:00,2024-12-10 12:00:00,160.99
Montenegro,MNE,2024-12-10 12:00:00,2024-12-10 13:00:00,165.09
Montenegro,MNE,2024-12-10 13:00:00,2024-12-10 14:00:00,170.0
Montenegro,MNE,2024-12-10 14:00:00,2024-12-10 15:00:00,178.0
Montenegro,MNE,2024-12-10 15:00:00,2024-12-10 16:00:00,186.08
Montenegro,MNE,2024-12-10 16:00:00,2024-12-10 17:00:00,191.07
Montenegro,MNE,2024-12-10 17:00:00,2024-12-10 18:00:00,191.02
Montenegro,MNE,2024-12-10 18:00:00,2024-12-10 19:00:00,185.04
Montenegro,MNE,2024-12-10 19:00:00,2024-12-10 20:00:00,170.0
Montenegro,MNE,2024-12-10 20:00:00,2024-12-10 21:00:00,153.06
Montenegro,MNE,2024-12-10 21:00:00,2024-12-10 22:00:00,139.89
Montenegro,MNE,2024-12-10 22:00:00,2024-12-10 23:00:00,132.7
Montenegro,MNE,2024-12-10 23:00:00,2024-12-11 00:00:00,130.38
Montenegro,MNE,2024-12-11 00:00:00,2024-12-11 01:00:00,126.0
Montenegro,MNE,2024-12-11 01:00:00,2024-12-11 02:00:00,125.08
Montenegro,MNE,2024-12-11 02:00:00,2024-12-11 03:00:00,119.58
Montenegro,MNE,2024-12-11 03:00:00,2024-12-11 04:00:00,125.04
Montenegro,MNE,2024-12-11 04:00:00,2024-12-11 05:00:00,141.6
Montenegro,MNE,2024-12-11 05:00:00,2024-12-11 06:00:00,167.76
Montenegro,MNE,2024-12-11 06:00:00,2024-12-11 07:00:00,205.3
Montenegro,MNE,2024-12-11 07:00:00,2024-12-11 08:00:00,228.59
Montenegro,MNE,2024-12-11 08:00:00,2024-12-11 09:00:00,224.03
Montenegro,MNE,2024-12-11 09:00:00,2024-12-11 10:00:00,192.22
Montenegro,MNE,2024-12-11 10:00:00,2024-12-11 11:00:00,183.03
Montenegro,MNE,2024-12-11 11:00:00,2024-12-11 12:00:00,181.79
Montenegro,MNE,2024-12-11 12:00:00,2024-12-11 13:00:00,190.07
Montenegro,MNE,2024-12-11 13:00:00,2024-12-11 14:00:00,191.05
Montenegro,MNE,2024-12-11 14:00:00,2024-12-11 15:00:00,293.21
Montenegro,MNE,2024-12-11 15:00:00,2024-12-11 16:00:00,270.08
Montenegro,MNE,2024-12-11 16:00:00,2024-12-11 17:00:00,315.82
Montenegro,MNE,2024-12-11 17:00:00,2024-12-11 18:00:00,233.67
Montenegro,MNE,2024-12-11 18:00:00,2024-12-11 19:00:00,258.15
Montenegro,MNE,2024-12-11 19:00:00,2024-12-11 20:00:00,189.06
Montenegro,MNE,2024-12-11 20:00:00,2024-12-11 21:00:00,161.08
Montenegro,MNE,2024-12-11 21:00:00,2024-12-11 22:00:00,154.36
Montenegro,MNE,2024-12-11 22:00:00,2024-12-11 23:00:00,141.16
Montenegro,MNE,2024-12-11 23:00:00,2024-12-12 00:00:00,120.04
Montenegro,MNE,2024-12-12 00:00:00,2024-12-12 01:00:00,115.97
Montenegro,MNE,2024-12-12 01:00:00,2024-12-12 02:00:00,115.96
Montenegro,MNE,2024-12-12 02:00:00,2024-12-12 03:00:00,115.92
Montenegro,MNE,2024-12-12 03:00:00,2024-12-12 04:00:00,115.96
Montenegro,MNE,2024-12-12 04:00:00,2024-12-12 05:00:00,135.96
Montenegro,MNE,2024-12-12 05:00:00,2024-12-12 06:00:00,160.28
Montenegro,MNE,2024-12-12 06:00:00,2024-12-12 07:00:00,210.09
Montenegro,MNE,2024-12-12 07:00:00,2024-12-12 08:00:00,225.25
Montenegro,MNE,2024-12-12 08:00:00,2024-12-12 09:00:00,212.3
Montenegro,MNE,2024-12-12 09:00:00,2024-12-12 10:00:00,199.57
Montenegro,MNE,2024-12-12 10:00:00,2024-12-12 11:00:00,196.04
Montenegro,MNE,2024-12-12 11:00:00,2024-12-12 12:00:00,181.04
Montenegro,MNE,2024-12-12 12:00:00,2024-12-12 13:00:00,173.96
Montenegro,MNE,2024-12-12 13:00:00,2024-12-12 14:00:00,191.02
Montenegro,MNE,2024-12-12 14:00:00,2024-12-12 15:00:00,221.52
Montenegro,MNE,2024-12-12 15:00:00,2024-12-12 16:00:00,238.69
Montenegro,MNE,2024-12-12 16:00:00,2024-12-12 17:00:00,264.88
Montenegro,MNE,2024-12-12 17:00:00,2024-12-12 18:00:00,277.41
Montenegro,MNE,2024-12-12 18:00:00,2024-12-12 19:00:00,251.87
Montenegro,MNE,2024-12-12 19:00:00,2024-12-12 20:00:00,220.0
Montenegro,MNE,2024-12-12 20:00:00,2024-12-12 21:00:00,186.09
Montenegro,MNE,2024-12-12 21:00:00,2024-12-12 22:00:00,150.09
Montenegro,MNE,2024-12-12 22:00:00,2024-12-12 23:00:00,137.04
Montenegro,MNE,2024-12-12 23:00:00,2024-12-13 00:00:00,131.85
Montenegro,MNE,2024-12-13 00:00:00,2024-12-13 01:00:00,129.07
Montenegro,MNE,2024-12-13 01:00:00,2024-12-13 02:00:00,122.04
Montenegro,MNE,2024-12-13 02:00:00,2024-12-13 03:00:00,119.15
Montenegro,MNE,2024-12-13 03:00:00,2024-12-13 04:00:00,121.07
Montenegro,MNE,2024-12-13 04:00:00,2024-12-13 05:00:00,131.61
Montenegro,MNE,2024-12-13 05:00:00,2024-12-13 06:00:00,158.44
Montenegro,MNE,2024-12-13 06:00:00,2024-12-13 07:00:00,203.62
Montenegro,MNE,2024-12-13 07:00:00,2024-12-13 08:00:00,239.78
Montenegro,MNE,2024-12-13 08:00:00,2024-12-13 09:00:00,230.65
Montenegro,MNE,2024-12-13 09:00:00,2024-12-13 10:00:00,154.46
Montenegro,MNE,2024-12-13 10:00:00,2024-12-13 11:00:00,147.06
Montenegro,MNE,2024-12-13 11:00:00,2024-12-13 12:00:00,147.06
Montenegro,MNE,2024-12-13 12:00:00,2024-12-13 13:00:00,167.81
Montenegro,MNE,2024-12-13 13:00:00,2024-12-13 14:00:00,176.75
Montenegro,MNE,2024-12-13 14:00:00,2024-12-13 15:00:00,203.57
Montenegro,MNE,2024-12-13 15:00:00,2024-12-13 16:00:00,232.05
Montenegro,MNE,2024-12-13 16:00:00,2024-12-13 17:00:00,339.27
Montenegro,MNE,2024-12-13 17:00:00,2024-12-13 18:00:00,280.07
Montenegro,MNE,2024-12-13 18:00:00,2024-12-13 19:00:00,239.18
Montenegro,MNE,2024-12-13 19:00:00,2024-12-13 20:00:00,185.93
Montenegro,MNE,2024-12-13 20:00:00,2024-12-13 21:00:00,162.97
Montenegro,MNE,2024-12-13 21:00:00,2024-12-13 22:00:00,149.86
Montenegro,MNE,2024-12-13 22:00:00,2024-12-13 23:00:00,131.71
Montenegro,MNE,2024-12-13 23:00:00,2024-12-14 00:00:00,121.05
Montenegro,MNE,2024-12-14 00:00:00,2024-12-14 01:00:00,113.86
Montenegro,MNE,2024-12-14 01:00:00,2024-12-14 02:00:00,104.91
Montenegro,MNE,2024-12-14 02:00:00,2024-12-14 03:00:00,104.3
Montenegro,MNE,2024-12-14 03:00:00,2024-12-14 04:00:00,104.53
Montenegro,MNE,2024-12-14 04:00:00,2024-12-14 05:00:00,105.12
Montenegro,MNE,2024-12-14 05:00:00,2024-12-14 06:00:00,121.82
Montenegro,MNE,2024-12-14 06:00:00,2024-12-14 07:00:00,130.06
Montenegro,MNE,2024-12-14 07:00:00,2024-12-14 08:00:00,158.95
Montenegro,MNE,2024-12-14 08:00:00,2024-12-14 09:00:00,146.94
Montenegro,MNE,2024-12-14 09:00:00,2024-12-14 10:00:00,139.5
Montenegro,MNE,2024-12-14 10:00:00,2024-12-14 11:00:00,130.77
Montenegro,MNE,2024-12-14 11:00:00,2024-12-14 12:00:00,125.31
Montenegro,MNE,2024-12-14 12:00:00,2024-12-14 13:00:00,125.4
Montenegro,MNE,2024-12-14 13:00:00,2024-12-14 14:00:00,127.58
Montenegro,MNE,2024-12-14 14:00:00,2024-12-14 15:00:00,133.58
Montenegro,MNE,2024-12-14 15:00:00,2024-12-14 16:00:00,150.05
Montenegro,MNE,2024-12-14 16:00:00,2024-12-14 17:00:00,159.07
Montenegro,MNE,2024-12-14 17:00:00,2024-12-14 18:00:00,151.09
Montenegro,MNE,2024-12-14 18:00:00,2024-12-14 19:00:00,153.09
Montenegro,MNE,2024-12-14 19:00:00,2024-12-14 20:00:00,139.11
Montenegro,MNE,2024-12-14 20:00:00,2024-12-14 21:00:00,125.07
Montenegro,MNE,2024-12-14 21:00:00,2024-12-14 22:00:00,111.66
Montenegro,MNE,2024-12-14 22:00:00,2024-12-14 23:00:00,97.98
Montenegro,MNE,2024-12-14 23:00:00,2024-12-15 00:00:00,97.24
Montenegro,MNE,2024-12-15 00:00:00,2024-12-15 01:00:00,88.85
Montenegro,MNE,2024-12-15 01:00:00,2024-12-15 02:00:00,74.2
Montenegro,MNE,2024-12-15 02:00:00,2024-12-15 03:00:00,70.01
Montenegro,MNE,2024-12-15 03:00:00,2024-12-15 04:00:00,65.75
Montenegro,MNE,2024-12-15 04:00:00,2024-12-15 05:00:00,70.06
Montenegro,MNE,2024-12-15 05:00:00,2024-12-15 06:00:00,80.01
Montenegro,MNE,2024-12-15 06:00:00,2024-12-15 07:00:00,90.8
Montenegro,MNE,2024-12-15 07:00:00,2024-12-15 08:00:00,90.86
Montenegro,MNE,2024-12-15 08:00:00,2024-12-15 09:00:00,104.91
Montenegro,MNE,2024-12-15 09:00:00,2024-12-15 10:00:00,104.57
Montenegro,MNE,2024-12-15 10:00:00,2024-12-15 11:00:00,100.93
Montenegro,MNE,2024-12-15 11:00:00,2024-12-15 12:00:00,104.62
Montenegro,MNE,2024-12-15 12:00:00,2024-12-15 13:00:00,104.36
Montenegro,MNE,2024-12-15 13:00:00,2024-12-15 14:00:00,111.12
Montenegro,MNE,2024-12-15 14:00:00,2024-12-15 15:00:00,120.02
Montenegro,MNE,2024-12-15 15:00:00,2024-12-15 16:00:00,130.07
Montenegro,MNE,2024-12-15 16:00:00,2024-12-15 17:00:00,144.11
Montenegro,MNE,2024-12-15 17:00:00,2024-12-15 18:00:00,146.8
Montenegro,MNE,2024-12-15 18:00:00,2024-12-15 19:00:00,146.81
Montenegro,MNE,2024-12-15 19:00:00,2024-12-15 20:00:00,144.05
Montenegro,MNE,2024-12-15 20:00:00,2024-12-15 21:00:00,94.95
Montenegro,MNE,2024-12-15 21:00:00,2024-12-15 22:00:00,97.75
Montenegro,MNE,2024-12-15 22:00:00,2024-12-15 23:00:00,81.45
Montenegro,MNE,2024-12-15 23:00:00,2024-12-16 00:00:00,83.68
Montenegro,MNE,2024-12-16 00:00:00,2024-12-16 01:00:00,62.19
Montenegro,MNE,2024-12-16 01:00:00,2024-12-16 02:00:00,42.07
Montenegro,MNE,2024-12-16 02:00:00,2024-12-16 03:00:00,41.97
Montenegro,MNE,2024-12-16 03:00:00,2024-12-16 04:00:00,48.76
Montenegro,MNE,2024-12-16 04:00:00,2024-12-16 05:00:00,79.02
Montenegro,MNE,2024-12-16 05:00:00,2024-12-16 06:00:00,118.67
Montenegro,MNE,2024-12-16 06:00:00,2024-12-16 07:00:00,139.56
Montenegro,MNE,2024-12-16 07:00:00,2024-12-16 08:00:00,139.32
Montenegro,MNE,2024-12-16 08:00:00,2024-12-16 09:00:00,132.62
Montenegro,MNE,2024-12-16 09:00:00,2024-12-16 10:00:00,125.0
Montenegro,MNE,2024-12-16 10:00:00,2024-12-16 11:00:00,116.07
Montenegro,MNE,2024-12-16 11:00:00,2024-12-16 12:00:00,111.5
Montenegro,MNE,2024-12-16 12:00:00,2024-12-16 13:00:00,111.93
Montenegro,MNE,2024-12-16 13:00:00,2024-12-16 14:00:00,113.5
Montenegro,MNE,2024-12-16 14:00:00,2024-12-16 15:00:00,132.33
Montenegro,MNE,2024-12-16 15:00:00,2024-12-16 16:00:00,146.74
Montenegro,MNE,2024-12-16 16:00:00,2024-12-16 17:00:00,146.96
Montenegro,MNE,2024-12-16 17:00:00,2024-12-16 18:00:00,146.96
Montenegro,MNE,2024-12-16 18:00:00,2024-12-16 19:00:00,146.96
Montenegro,MNE,2024-12-16 19:00:00,2024-12-16 20:00:00,146.57
Montenegro,MNE,2024-12-16 20:00:00,2024-12-16 21:00:00,132.35
Montenegro,MNE,2024-12-16 21:00:00,2024-12-16 22:00:00,132.07
Montenegro,MNE,2024-12-16 22:00:00,2024-12-16 23:00:00,125.15
Montenegro,MNE,2024-12-16 23:00:00,2024-12-17 00:00:00,113.25
Montenegro,MNE,2024-12-17 00:00:00,2024-12-17 01:00:00,100.02
Montenegro,MNE,2024-12-17 01:00:00,2024-12-17 02:00:00,95.47
Montenegro,MNE,2024-12-17 02:00:00,2024-12-17 03:00:00,93.09
Montenegro,MNE,2024-12-17 03:00:00,2024-12-17 04:00:00,97.08
Montenegro,MNE,2024-12-17 04:00:00,2024-12-17 05:00:00,113.8
Montenegro,MNE,2024-12-17 05:00:00,2024-12-17 06:00:00,163.09
Montenegro,MNE,2024-12-17 06:00:00,2024-12-17 07:00:00,176.26
Montenegro,MNE,2024-12-17 07:00:00,2024-12-17 08:00:00,176.05
Montenegro,MNE,2024-12-17 08:00:00,2024-12-17 09:00:00,149.21
Montenegro,MNE,2024-12-17 09:00:00,2024-12-17 10:00:00,126.15
Montenegro,MNE,2024-12-17 10:00:00,2024-12-17 11:00:00,122.01
Montenegro,MNE,2024-12-17 11:00:00,2024-12-17 12:00:00,113.72
Montenegro,MNE,2024-12-17 12:00:00,2024-12-17 13:00:00,122.43
Montenegro,MNE,2024-12-17 13:00:00,2024-12-17 14:00:00,131.73
Montenegro,MNE,2024-12-17 14:00:00,2024-12-17 15:00:00,158.21
Montenegro,MNE,2024-12-17 15:00:00,2024-12-17 16:00:00,175.09
Montenegro,MNE,2024-12-17 16:00:00,2024-12-17 17:00:00,181.8
Montenegro,MNE,2024-12-17 17:00:00,2024-12-17 18:00:00,180.0
Montenegro,MNE,2024-12-17 18:00:00,2024-12-17 19:00:00,176.13
Montenegro,MNE,2024-12-17 19:00:00,2024-12-17 20:00:00,153.07
Montenegro,MNE,2024-12-17 20:00:00,2024-12-17 21:00:00,136.15
Montenegro,MNE,2024-12-17 21:00:00,2024-12-17 22:00:00,131.42
Montenegro,MNE,2024-12-17 22:00:00,2024-12-17 23:00:00,129.47
Montenegro,MNE,2024-12-17 23:00:00,2024-12-18 00:00:00,115.45
Montenegro,MNE,2024-12-18 00:00:00,2024-12-18 01:00:00,111.44
Montenegro,MNE,2024-12-18 01:00:00,2024-12-18 02:00:00,105.27
Montenegro,MNE,2024-12-18 02:00:00,2024-12-18 03:00:00,104.14
Montenegro,MNE,2024-12-18 03:00:00,2024-12-18 04:00:00,111.24
Montenegro,MNE,2024-12-18 04:00:00,2024-12-18 05:00:00,125.92
Montenegro,MNE,2024-12-18 05:00:00,2024-12-18 06:00:00,132.28
Montenegro,MNE,2024-12-18 06:00:00,2024-12-18 07:00:00,174.49
Montenegro,MNE,2024-12-18 07:00:00,2024-12-18 08:00:00,181.08
Montenegro,MNE,2024-12-18 08:00:00,2024-12-18 09:00:00,160.01
Montenegro,MNE,2024-12-18 09:00:00,2024-12-18 10:00:00,125.11
Montenegro,MNE,2024-12-18 10:00:00,2024-12-18 11:00:00,118.14
Montenegro,MNE,2024-12-18 11:00:00,2024-12-18 12:00:00,118.1
Montenegro,MNE,2024-12-18 12:00:00,2024-12-18 13:00:00,120.0
Montenegro,MNE,2024-12-18 13:00:00,2024-12-18 14:00:00,132.89
Montenegro,MNE,2024-12-18 14:00:00,2024-12-18 15:00:00,160.97
Montenegro,MNE,2024-12-18 15:00:00,2024-12-18 16:00:00,192.07
Montenegro,MNE,2024-12-18 16:00:00,2024-12-18 17:00:00,210.26
Montenegro,MNE,2024-12-18 17:00:00,2024-12-18 18:00:00,206.4
Montenegro,MNE,2024-12-18 18:00:00,2024-12-18 19:00:00,198.85
Montenegro,MNE,2024-12-18 19:00:00,2024-12-18 20:00:00,145.75
Montenegro,MNE,2024-12-18 20:00:00,2024-12-18 21:00:00,132.19
Montenegro,MNE,2024-12-18 21:00:00,2024-12-18 22:00:00,119.99
Montenegro,MNE,2024-12-18 22:00:00,2024-12-18 23:00:00,125.28
Montenegro,MNE,2024-12-18 23:00:00,2024-12-19 00:00:00,104.72
Montenegro,MNE,2024-12-19 00:00:00,2024-12-19 01:00:00,104.66
Montenegro,MNE,2024-12-19 01:00:00,2024-12-19 02:00:00,97.81
Montenegro,MNE,2024-12-19 02:00:00,2024-12-19 03:00:00,97.56
Montenegro,MNE,2024-12-19 03:00:00,2024-12-19 04:00:00,100.04
Montenegro,MNE,2024-12-19 04:00:00,2024-12-19 05:00:00,118.92
Montenegro,MNE,2024-12-19 05:00:00,2024-12-19 06:00:00,150.0
Montenegro,MNE,2024-12-19 06:00:00,2024-12-19 07:00:00,208.02
Montenegro,MNE,2024-12-19 07:00:00,2024-12-19 08:00:00,181.22
Montenegro,MNE,2024-12-19 08:00:00,2024-12-19 09:00:00,153.32
Montenegro,MNE,2024-12-19 09:00:00,2024-12-19 10:00:00,122.02
Montenegro,MNE,2024-12-19 10:00:00,2024-12-19 11:00:00,118.04
Montenegro,MNE,2024-12-19 11:00:00,2024-12-19 12:00:00,111.8
Montenegro,MNE,2024-12-19 12:00:00,2024-12-19 13:00:00,118.17
Montenegro,MNE,2024-12-19 13:00:00,2024-12-19 14:00:00,120.0
Montenegro,MNE,2024-12-19 14:00:00,2024-12-19 15:00:00,126.88
Montenegro,MNE,2024-12-19 15:00:00,2024-12-19 16:00:00,157.75
Montenegro,MNE,2024-12-19 16:00:00,2024-12-19 17:00:00,146.86
Montenegro,MNE,2024-12-19 17:00:00,2024-12-19 18:00:00,142.45
Montenegro,MNE,2024-12-19 18:00:00,2024-12-19 19:00:00,129.69
Montenegro,MNE,2024-12-19 19:00:00,2024-12-19 20:00:00,120.0
Montenegro,MNE,2024-12-19 20:00:00,2024-12-19 21:00:00,119.99
Montenegro,MNE,2024-12-19 21:00:00,2024-12-19 22:00:00,120.96
Montenegro,MNE,2024-12-19 22:00:00,2024-12-19 23:00:00,101.04
Montenegro,MNE,2024-12-19 23:00:00,2024-12-20 00:00:00,90.8
Montenegro,MNE,2024-12-20 00:00:00,2024-12-20 01:00:00,76.82
Montenegro,MNE,2024-12-20 01:00:00,2024-12-20 02:00:00,62.86
Montenegro,MNE,2024-12-20 02:00:00,2024-12-20 03:00:00,66.44
Montenegro,MNE,2024-12-20 03:00:00,2024-12-20 04:00:00,69.85
Montenegro,MNE,2024-12-20 04:00:00,2024-12-20 05:00:00,83.92
Montenegro,MNE,2024-12-20 05:00:00,2024-12-20 06:00:00,111.94
Montenegro,MNE,2024-12-20 06:00:00,2024-12-20 07:00:00,128.83
Montenegro,MNE,2024-12-20 07:00:00,2024-12-20 08:00:00,132.03
Montenegro,MNE,2024-12-20 08:00:00,2024-12-20 09:00:00,124.95
Montenegro,MNE,2024-12-20 09:00:00,2024-12-20 10:00:00,111.71
Montenegro,MNE,2024-12-20 10:00:00,2024-12-20 11:00:00,98.01
Montenegro,MNE,2024-12-20 11:00:00,2024-12-20 12:00:00,97.69
Montenegro,MNE,2024-12-20 12:00:00,2024-12-20 13:00:00,104.71
Montenegro,MNE,2024-12-20 13:00:00,2024-12-20 14:00:00,118.35
Montenegro,MNE,2024-12-20 14:00:00,2024-12-20 15:00:00,125.95
Montenegro,MNE,2024-12-20 15:00:00,2024-12-20 16:00:00,139.16
Montenegro,MNE,2024-12-20 16:00:00,2024-12-20 17:00:00,139.71
Montenegro,MNE,2024-12-20 17:00:00,2024-12-20 18:00:00,132.93
Montenegro,MNE,2024-12-20 18:00:00,2024-12-20 19:00:00,132.38
Montenegro,MNE,2024-12-20 19:00:00,2024-12-20 20:00:00,125.07
Montenegro,MNE,2024-12-20 20:00:00,2024-12-20 21:00:00,114.08
Montenegro,MNE,2024-12-20 21:00:00,2024-12-20 22:00:00,104.26
Montenegro,MNE,2024-12-20 22:00:00,2024-12-20 23:00:00,89.07
Montenegro,MNE,2024-12-20 23:00:00,2024-12-21 00:00:00,76.92
Montenegro,MNE,2024-12-21 00:00:00,2024-12-21 01:00:00,75.07
Montenegro,MNE,2024-12-21 01:00:00,2024-12-21 02:00:00,62.24
Montenegro,MNE,2024-12-21 02:00:00,2024-12-21 03:00:00,55.26
Montenegro,MNE,2024-12-21 03:00:00,2024-12-21 04:00:00,55.31
Montenegro,MNE,2024-12-21 04:00:00,2024-12-21 05:00:00,69.54
Montenegro,MNE,2024-12-21 05:00:00,2024-12-21 06:00:00,77.34
Montenegro,MNE,2024-12-21 06:00:00,2024-12-21 07:00:00,97.1
Montenegro,MNE,2024-12-21 07:00:00,2024-12-21 08:00:00,92.76
Montenegro,MNE,2024-12-21 08:00:00,2024-12-21 09:00:00,89.55
Montenegro,MNE,2024-12-21 09:00:00,2024-12-21 10:00:00,87.95
Montenegro,MNE,2024-12-21 10:00:00,2024-12-21 11:00:00,69.91
Montenegro,MNE,2024-12-21 11:00:00,2024-12-21 12:00:00,80.1
Montenegro,MNE,2024-12-21 12:00:00,2024-12-21 13:00:00,85.2
Montenegro,MNE,2024-12-21 13:00:00,2024-12-21 14:00:00,94.9
Montenegro,MNE,2024-12-21 14:00:00,2024-12-21 15:00:00,111.3
Montenegro,MNE,2024-12-21 15:00:00,2024-12-21 16:00:00,137.15
Montenegro,MNE,2024-12-21 16:00:00,2024-12-21 17:00:00,153.4
Montenegro,MNE,2024-12-21 17:00:00,2024-12-21 18:00:00,146.52
Montenegro,MNE,2024-12-21 18:00:00,2024-12-21 19:00:00,140.32
Montenegro,MNE,2024-12-21 19:00:00,2024-12-21 20:00:00,132.8
Montenegro,MNE,2024-12-21 20:00:00,2024-12-21 21:00:00,110.02
Montenegro,MNE,2024-12-21 21:00:00,2024-12-21 22:00:00,104.22
Montenegro,MNE,2024-12-21 22:00:00,2024-12-21 23:00:00,90.01
Montenegro,MNE,2024-12-21 23:00:00,2024-12-22 00:00:00,62.79
Montenegro,MNE,2024-12-22 00:00:00,2024-12-22 01:00:00,55.08
Montenegro,MNE,2024-12-22 01:00:00,2024-12-22 02:00:00,34.93
Montenegro,MNE,2024-12-22 02:00:00,2024-12-22 03:00:00,35.01
Montenegro,MNE,2024-12-22 03:00:00,2024-12-22 04:00:00,41.27
Montenegro,MNE,2024-12-22 04:00:00,2024-12-22 05:00:00,48.88
Montenegro,MNE,2024-12-22 05:00:00,2024-12-22 06:00:00,69.7
Montenegro,MNE,2024-12-22 06:00:00,2024-12-22 07:00:00,90.0
Montenegro,MNE,2024-12-22 07:00:00,2024-12-22 08:00:00,90.0
Montenegro,MNE,2024-12-22 08:00:00,2024-12-22 09:00:00,90.0
Montenegro,MNE,2024-12-22 09:00:00,2024-12-22 10:00:00,85.79
Montenegro,MNE,2024-12-22 10:00:00,2024-12-22 11:00:00,79.09
Montenegro,MNE,2024-12-22 11:00:00,2024-12-22 12:00:00,79.27
Montenegro,MNE,2024-12-22 12:00:00,2024-12-22 13:00:00,76.27
Montenegro,MNE,2024-12-22 13:00:00,2024-12-22 14:00:00,97.24
Montenegro,MNE,2024-12-22 14:00:00,2024-12-22 15:00:00,111.97
Montenegro,MNE,2024-12-22 15:00:00,2024-12-22 16:00:00,118.5
Montenegro,MNE,2024-12-22 16:00:00,2024-12-22 17:00:00,125.47
Montenegro,MNE,2024-12-22 17:00:00,2024-12-22 18:00:00,129.0
Montenegro,MNE,2024-12-22 18:00:00,2024-12-22 19:00:00,132.5
Montenegro,MNE,2024-12-22 19:00:00,2024-12-22 20:00:00,125.5
Montenegro,MNE,2024-12-22 20:00:00,2024-12-22 21:00:00,113.5
Montenegro,MNE,2024-12-22 21:00:00,2024-12-22 22:00:00,90.14
Montenegro,MNE,2024-12-22 22:00:00,2024-12-22 23:00:00,76.08
Montenegro,MNE,2024-12-22 23:00:00,2024-12-23 00:00:00,69.92
Montenegro,MNE,2024-12-23 00:00:00,2024-12-23 01:00:00,62.65
Montenegro,MNE,2024-12-23 01:00:00,2024-12-23 02:00:00,52.07
Montenegro,MNE,2024-12-23 02:00:00,2024-12-23 03:00:00,55.05
Montenegro,MNE,2024-12-23 03:00:00,2024-12-23 04:00:00,54.05
Montenegro,MNE,2024-12-23 04:00:00,2024-12-23 05:00:00,74.01
Montenegro,MNE,2024-12-23 05:00:00,2024-12-23 06:00:00,126.95
Montenegro,MNE,2024-12-23 06:00:00,2024-12-23 07:00:00,139.76
Montenegro,MNE,2024-12-23 07:00:00,2024-12-23 08:00:00,135.08
Montenegro,MNE,2024-12-23 08:00:00,2024-12-23 09:00:00,115.07
Montenegro,MNE,2024-12-23 09:00:00,2024-12-23 10:00:00,108.57
Montenegro,MNE,2024-12-23 10:00:00,2024-12-23 11:00:00,101.77
Montenegro,MNE,2024-12-23 11:00:00,2024-12-23 12:00:00,104.83
Montenegro,MNE,2024-12-23 12:00:00,2024-12-23 13:00:00,104.97
Montenegro,MNE,2024-12-23 13:00:00,2024-12-23 14:00:00,118.86
Montenegro,MNE,2024-12-23 14:00:00,2024-12-23 15:00:00,129.99
Montenegro,MNE,2024-12-23 15:00:00,2024-12-23 16:00:00,139.82
Montenegro,MNE,2024-12-23 16:00:00,2024-12-23 17:00:00,140.06
Montenegro,MNE,2024-12-23 17:00:00,2024-12-23 18:00:00,136.04
Montenegro,MNE,2024-12-23 18:00:00,2024-12-23 19:00:00,132.38
Montenegro,MNE,2024-12-23 19:00:00,2024-12-23 20:00:00,129.99
Montenegro,MNE,2024-12-23 20:00:00,2024-12-23 21:00:00,120.0
Montenegro,MNE,2024-12-23 21:00:00,2024-12-23 22:00:00,96.06
Montenegro,MNE,2024-12-23 22:00:00,2024-12-23 23:00:00,90.74
Montenegro,MNE,2024-12-23 23:00:00,2024-12-24 00:00:00,90.95
Montenegro,MNE,2024-12-24 00:00:00,2024-12-24 01:00:00,83.97
Montenegro,MNE,2024-12-24 01:00:00,2024-12-24 02:00:00,76.65
Montenegro,MNE,2024-12-24 02:00:00,2024-12-24 03:00:00,76.33
Montenegro,MNE,2024-12-24 03:00:00,2024-12-24 04:00:00,76.41
Montenegro,MNE,2024-12-24 04:00:00,2024-12-24 05:00:00,83.96
Montenegro,MNE,2024-12-24 05:00:00,2024-12-24 06:00:00,104.31
Montenegro,MNE,2024-12-24 06:00:00,2024-12-24 07:00:00,117.05
Montenegro,MNE,2024-12-24 07:00:00,2024-12-24 08:00:00,125.18
Montenegro,MNE,2024-12-24 08:00:00,2024-12-24 09:00:00,121.01
Montenegro,MNE,2024-12-24 09:00:00,2024-12-24 10:00:00,113.94
Montenegro,MNE,2024-12-24 10:00:00,2024-12-24 11:00:00,111.43
Montenegro,MNE,2024-12-24 11:00:00,2024-12-24 12:00:00,111.0
Montenegro,MNE,2024-12-24 12:00:00,2024-12-24 13:00:00,111.25
Montenegro,MNE,2024-12-24 13:00:00,2024-12-24 14:00:00,111.61
Montenegro,MNE,2024-12-24 14:00:00,2024-12-24 15:00:00,118.23
Montenegro,MNE,2024-12-24 15:00:00,2024-12-24 16:00:00,133.95
Montenegro,MNE,2024-12-24 16:00:00,2024-12-24 17:00:00,139.99
Montenegro,MNE,2024-12-24 17:00:00,2024-12-24 18:00:00,139.88
Montenegro,MNE,2024-12-24 18:00:00,2024-12-24 19:00:00,139.25
Montenegro,MNE,2024-12-24 19:00:00,2024-12-24 20:00:00,118.89
Montenegro,MNE,2024-12-24 20:00:00,2024-12-24 21:00:00,111.56
Montenegro,MNE,2024-12-24 21:00:00,2024-12-24 22:00:00,105.95
Montenegro,MNE,2024-12-24 22:00:00,2024-12-24 23:00:00,103.45
Montenegro,MNE,2024-12-24 23:00:00,2024-12-25 00:00:00,90.77
Montenegro,MNE,2024-12-25 00:00:00,2024-12-25 01:00:00,86.98
Montenegro,MNE,2024-12-25 01:00:00,2024-12-25 02:00:00,83.27
Montenegro,MNE,2024-12-25 02:00:00,2024-12-25 03:00:00,76.58
Montenegro,MNE,2024-12-25 03:00:00,2024-12-25 04:00:00,76.23
Montenegro,MNE,2024-12-25 04:00:00,2024-12-25 05:00:00,76.86
Montenegro,MNE,2024-12-25 05:00:00,2024-12-25 06:00:00,76.93
Montenegro,MNE,2024-12-25 06:00:00,2024-12-25 07:00:00,91.73
Montenegro,MNE,2024-12-25 07:00:00,2024-12-25 08:00:00,97.72
Montenegro,MNE,2024-12-25 08:00:00,2024-12-25 09:00:00,97.84
Montenegro,MNE,2024-12-25 09:00:00,2024-12-25 10:00:00,97.72
Montenegro,MNE,2024-12-25 10:00:00,2024-12-25 11:00:00,97.48
Montenegro,MNE,2024-12-25 11:00:00,2024-12-25 12:00:00,90.97
Montenegro,MNE,2024-12-25 12:00:00,2024-12-25 13:00:00,90.83
Montenegro,MNE,2024-12-25 13:00:00,2024-12-25 14:00:00,90.74
Montenegro,MNE,2024-12-25 14:00:00,2024-12-25 15:00:00,104.71
Montenegro,MNE,2024-12-25 15:00:00,2024-12-25 16:00:00,114.06
Montenegro,MNE,2024-12-25 16:00:00,2024-12-25 17:00:00,130.05
Montenegro,MNE,2024-12-25 17:00:00,2024-12-25 18:00:00,130.05
Montenegro,MNE,2024-12-25 18:00:00,2024-12-25 19:00:00,125.1
Montenegro,MNE,2024-12-25 19:00:00,2024-12-25 20:00:00,111.87
Montenegro,MNE,2024-12-25 20:00:00,2024-12-25 21:00:00,104.96
Montenegro,MNE,2024-12-25 21:00:00,2024-12-25 22:00:00,104.85
Montenegro,MNE,2024-12-25 22:00:00,2024-12-25 23:00:00,97.97
Montenegro,MNE,2024-12-25 23:00:00,2024-12-26 00:00:00,100.02
Montenegro,MNE,2024-12-26 00:00:00,2024-12-26 01:00:00,97.1
Montenegro,MNE,2024-12-26 01:00:00,2024-12-26 02:00:00,91.91
Montenegro,MNE,2024-12-26 02:00:00,2024-12-26 03:00:00,85.02
Montenegro,MNE,2024-12-26 03:00:00,2024-12-26 04:00:00,85.02
Montenegro,MNE,2024-12-26 04:00:00,2024-12-26 05:00:00,90.02
Montenegro,MNE,2024-12-26 05:00:00,2024-12-26 06:00:00,100.02
Montenegro,MNE,2024-12-26 06:00:00,2024-12-26 07:00:00,111.01
Montenegro,MNE,2024-12-26 07:00:00,2024-12-26 08:00:00,120.02
Montenegro,MNE,2024-12-26 08:00:00,2024-12-26 09:00:00,112.01
Montenegro,MNE,2024-12-26 09:00:00,2024-12-26 10:00:00,108.09
Montenegro,MNE,2024-12-26 10:00:00,2024-12-26 11:00:00,105.09
Montenegro,MNE,2024-12-26 11:00:00,2024-12-26 12:00:00,105.04
Montenegro,MNE,2024-12-26 12:00:00,2024-12-26 13:00:00,106.05
Montenegro,MNE,2024-12-26 13:00:00,2024-12-26 14:00:00,110.05
Montenegro,MNE,2024-12-26 14:00:00,2024-12-26 15:00:00,118.11
Montenegro,MNE,2024-12-26 15:00:00,2024-12-26 16:00:00,126.0
Montenegro,MNE,2024-12-26 16:00:00,2024-12-26 17:00:00,135.09
Montenegro,MNE,2024-12-26 17:00:00,2024-12-26 18:00:00,139.99
Montenegro,MNE,2024-12-26 18:00:00,2024-12-26 19:00:00,137.05
Montenegro,MNE,2024-12-26 19:00:00,2024-12-26 20:00:00,129.04
Montenegro,MNE,2024-12-26 20:00:00,2024-12-26 21:00:00,125.1
Montenegro,MNE,2024-12-26 21:00:00,2024-12-26 22:00:00,120.08
Montenegro,MNE,2024-12-26 22:00:00,2024-12-26 23:00:00,111.8
Montenegro,MNE,2024-12-26 23:00:00,2024-12-27 00:00:00,116.14
Montenegro,MNE,2024-12-27 00:00:00,2024-12-27 01:00:00,110.96
Montenegro,MNE,2024-12-27 01:00:00,2024-12-27 02:00:00,106.14
Montenegro,MNE,2024-12-27 02:00:00,2024-12-27 03:00:00,104.97
Montenegro,MNE,2024-12-27 03:00:00,2024-12-27 04:00:00,106.14
Montenegro,MNE,2024-12-27 04:00:00,2024-12-27 05:00:00,111.88
Montenegro,MNE,2024-12-27 05:00:00,2024-12-27 06:00:00,125.91
Montenegro,MNE,2024-12-27 06:00:00,2024-12-27 07:00:00,139.87
Montenegro,MNE,2024-12-27 07:00:00,2024-12-27 08:00:00,149.06
Montenegro,MNE,2024-12-27 08:00:00,2024-12-27 09:00:00,140.0
Montenegro,MNE,2024-12-27 09:00:00,2024-12-27 10:00:00,132.96
Montenegro,MNE,2024-12-27 10:00:00,2024-12-27 11:00:00,127.32
Montenegro,MNE,2024-12-27 11:00:00,2024-12-27 12:00:00,119.4
Montenegro,MNE,2024-12-27 12:00:00,2024-12-27 13:00:00,119.4
Montenegro,MNE,2024-12-27 13:00:00,2024-12-27 14:00:00,123.08
Montenegro,MNE,2024-12-27 14:00:00,2024-12-27 15:00:00,141.04
Montenegro,MNE,2024-12-27 15:00:00,2024-12-27 16:00:00,153.42
Montenegro,MNE,2024-12-27 16:00:00,2024-12-27 17:00:00,168.08
Montenegro,MNE,2024-12-27 17:00:00,2024-12-27 18:00:00,161.0
Montenegro,MNE,2024-12-27 18:00:00,2024-12-27 19:00:00,153.04
Montenegro,MNE,2024-12-27 19:00:00,2024-12-27 20:00:00,144.27
Montenegro,MNE,2024-12-27 20:00:00,2024-12-27 21:00:00,138.02
Montenegro,MNE,2024-12-27 21:00:00,2024-12-27 22:00:00,132.36
Montenegro,MNE,2024-12-27 22:00:00,2024-12-27 23:00:00,125.64
Montenegro,MNE,2024-12-27 23:00:00,2024-12-28 00:00:00,120.05
Montenegro,MNE,2024-12-28 00:00:00,2024-12-28 01:00:00,115.03
Montenegro,MNE,2024-12-28 01:00:00,2024-12-28 02:00:00,111.23
Montenegro,MNE,2024-12-28 02:00:00,2024-12-28 03:00:00,107.15
Montenegro,MNE,2024-12-28 03:00:00,2024-12-28 04:00:00,109.04
Montenegro,MNE,2024-12-28 04:00:00,2024-12-28 05:00:00,111.86
Montenegro,MNE,2024-12-28 05:00:00,2024-12-28 06:00:00,120.05
Montenegro,MNE,2024-12-28 06:00:00,2024-12-28 07:00:00,130.06
Montenegro,MNE,2024-12-28 07:00:00,2024-12-28 08:00:00,138.04
Montenegro,MNE,2024-12-28 08:00:00,2024-12-28 09:00:00,132.86
Montenegro,MNE,2024-12-28 09:00:00,2024-12-28 10:00:00,118.66
Montenegro,MNE,2024-12-28 10:00:00,2024-12-28 11:00:00,116.06
Montenegro,MNE,2024-12-28 11:00:00,2024-12-28 12:00:00,110.08
Montenegro,MNE,2024-12-28 12:00:00,2024-12-28 13:00:00,113.02
Montenegro,MNE,2024-12-28 13:00:00,2024-12-28 14:00:00,119.0
Montenegro,MNE,2024-12-28 14:00:00,2024-12-28 15:00:00,137.05
Montenegro,MNE,2024-12-28 15:00:00,2024-12-28 16:00:00,155.03
Montenegro,MNE,2024-12-28 16:00:00,2024-12-28 17:00:00,162.03
Montenegro,MNE,2024-12-28 17:00:00,2024-12-28 18:00:00,160.81
Montenegro,MNE,2024-12-28 18:00:00,2024-12-28 19:00:00,158.47
Montenegro,MNE,2024-12-28 19:00:00,2024-12-28 20:00:00,146.7
Montenegro,MNE,2024-12-28 20:00:00,2024-12-28 21:00:00,139.04
Montenegro,MNE,2024-12-28 21:00:00,2024-12-28 22:00:00,130.55
Montenegro,MNE,2024-12-28 22:00:00,2024-12-28 23:00:00,119.04
Montenegro,MNE,2024-12-28 23:00:00,2024-12-29 00:00:00,114.1
Montenegro,MNE,2024-12-29 00:00:00,2024-12-29 01:00:00,109.79
Montenegro,MNE,2024-12-29 01:00:00,2024-12-29 02:00:00,97.82
Montenegro,MNE,2024-12-29 02:00:00,2024-12-29 03:00:00,93.87
Montenegro,MNE,2024-12-29 03:00:00,2024-12-29 04:00:00,91.14
Montenegro,MNE,2024-12-29 04:00:00,2024-12-29 05:00:00,91.89
Montenegro,MNE,2024-12-29 05:00:00,2024-12-29 06:00:00,97.24
Montenegro,MNE,2024-12-29 06:00:00,2024-12-29 07:00:00,117.34
Montenegro,MNE,2024-12-29 07:00:00,2024-12-29 08:00:00,106.41
Montenegro,MNE,2024-12-29 08:00:00,2024-12-29 09:00:00,100.01
Montenegro,MNE,2024-12-29 09:00:00,2024-12-29 10:00:00,100.01
Montenegro,MNE,2024-12-29 10:00:00,2024-12-29 11:00:00,100.0
Montenegro,MNE,2024-12-29 11:00:00,2024-12-29 12:00:00,100.0
Montenegro,MNE,2024-12-29 12:00:00,2024-12-29 13:00:00,100.0
Montenegro,MNE,2024-12-29 13:00:00,2024-12-29 14:00:00,100.01
Montenegro,MNE,2024-12-29 14:00:00,2024-12-29 15:00:00,120.59
Montenegro,MNE,2024-12-29 15:00:00,2024-12-29 16:00:00,144.5
Montenegro,MNE,2024-12-29 16:00:00,2024-12-29 17:00:00,157.39
Montenegro,MNE,2024-12-29 17:00:00,2024-12-29 18:00:00,155.49
Montenegro,MNE,2024-12-29 18:00:00,2024-12-29 19:00:00,150.0
Montenegro,MNE,2024-12-29 19:00:00,2024-12-29 20:00:00,159.08
Montenegro,MNE,2024-12-29 20:00:00,2024-12-29 21:00:00,134.06
Montenegro,MNE,2024-12-29 21:00:00,2024-12-29 22:00:00,124.09
Montenegro,MNE,2024-12-29 22:00:00,2024-12-29 23:00:00,109.06
Montenegro,MNE,2024-12-29 23:00:00,2024-12-30 00:00:00,121.11
Montenegro,MNE,2024-12-30 00:00:00,2024-12-30 01:00:00,113.14
Montenegro,MNE,2024-12-30 01:00:00,2024-12-30 02:00:00,112.61
Montenegro,MNE,2024-12-30 02:00:00,2024-12-30 03:00:00,111.1
Montenegro,MNE,2024-12-30 03:00:00,2024-12-30 04:00:00,110.85
Montenegro,MNE,2024-12-30 04:00:00,2024-12-30 05:00:00,112.91
Montenegro,MNE,2024-12-30 05:00:00,2024-12-30 06:00:00,131.14
Montenegro,MNE,2024-12-30 06:00:00,2024-12-30 07:00:00,151.35
Montenegro,MNE,2024-12-30 07:00:00,2024-12-30 08:00:00,152.45
Montenegro,MNE,2024-12-30 08:00:00,2024-12-30 09:00:00,136.84
Montenegro,MNE,2024-12-30 09:00:00,2024-12-30 10:00:00,106.39
Montenegro,MNE,2024-12-30 10:00:00,2024-12-30 11:00:00,108.87
Montenegro,MNE,2024-12-30 11:00:00,2024-12-30 12:00:00,109.07
Montenegro,MNE,2024-12-30 12:00:00,2024-12-30 13:00:00,118.8
Montenegro,MNE,2024-12-30 13:00:00,2024-12-30 14:00:00,123.56
Montenegro,MNE,2024-12-30 14:00:00,2024-12-30 15:00:00,142.57
Montenegro,MNE,2024-12-30 15:00:00,2024-12-30 16:00:00,150.0
Montenegro,MNE,2024-12-30 16:00:00,2024-12-30 17:00:00,166.62
Montenegro,MNE,2024-12-30 17:00:00,2024-12-30 18:00:00,162.95
Montenegro,MNE,2024-12-30 18:00:00,2024-12-30 19:00:00,158.04
Montenegro,MNE,2024-12-30 19:00:00,2024-12-30 20:00:00,150.29
Montenegro,MNE,2024-12-30 20:00:00,2024-12-30 21:00:00,159.68
Montenegro,MNE,2024-12-30 21:00:00,2024-12-30 22:00:00,145.81
Montenegro,MNE,2024-12-30 22:00:00,2024-12-30 23:00:00,132.92
Montenegro,MNE,2024-12-30 23:00:00,2024-12-31 00:00:00,139.11
Montenegro,MNE,2024-12-31 00:00:00,2024-12-31 01:00:00,120.01
Montenegro,MNE,2024-12-31 01:00:00,2024-12-31 02:00:00,115.16
Montenegro,MNE,2024-12-31 02:00:00,2024-12-31 03:00:00,111.45
Montenegro,MNE,2024-12-31 03:00:00,2024-12-31 04:00:00,119.28
Montenegro,MNE,2024-12-31 04:00:00,2024-12-31 05:00:00,135.85
Montenegro,MNE,2024-12-31 05:00:00,2024-12-31 06:00:00,159.25
Montenegro,MNE,2024-12-31 06:00:00,2024-12-31 07:00:00,171.0
Montenegro,MNE,2024-12-31 07:00:00,2024-12-31 08:00:00,159.71
Montenegro,MNE,2024-12-31 08:00:00,2024-12-31 09:00:00,144.03
Montenegro,MNE,2024-12-31 09:00:00,2024-12-31 10:00:00,120.01
Montenegro,MNE,2024-12-31 10:00:00,2024-12-31 11:00:00,120.01
Montenegro,MNE,2024-12-31 11:00:00,2024-12-31 12:00:00,120.01
Montenegro,MNE,2024-12-31 12:00:00,2024-12-31 13:00:00,120.01
Montenegro,MNE,2024-12-31 13:00:00,2024-12-31 14:00:00,127.32
Montenegro,MNE,2024-12-31 14:00:00,2024-12-31 15:00:00,163.09
Montenegro,MNE,2024-12-31 15:00:00,2024-12-31 16:00:00,163.7
Montenegro,MNE,2024-12-31 16:00:00,2024-12-31 17:00:00,179.97
Montenegro,MNE,2024-12-31 17:00:00,2024-12-31 18:00:00,171.31
Montenegro,MNE,2024-12-31 18:00:00,2024-12-31 19:00:00,187.3
Montenegro,MNE,2024-12-31 19:00:00,2024-12-31 20:00:00,171.85
Montenegro,MNE,2024-12-31 20:00:00,2024-12-31 21:00:00,166.3
Montenegro,MNE,2024-12-31 21:00:00,2024-12-31 22:00:00,155.36
Montenegro,MNE,2024-12-31 22:00:00,2024-12-31 23:00:00,137.97
Montenegro,MNE,2024-12-31 23:00:00,2025-01-01 00:00:00,120.01
Montenegro,MNE,2025-01-01 00:00:00,2025-01-01 01:00:00,120.01
Montenegro,MNE,2025-01-01 01:00:00,2025-01-01 02:00:00,120.01
Montenegro,MNE,2025-01-01 02:00:00,2025-01-01 03:00:00,115.37
Montenegro,MNE,2025-01-01 03:00:00,2025-01-01 04:00:00,82.2
Montenegro,MNE,2025-01-01 04:00:00,2025-01-01 05:00:00,87.54
Montenegro,MNE,2025-01-01 05:00:00,2025-01-01 06:00:00,109.27
Montenegro,MNE,2025-01-01 06:00:00,2025-01-01 07:00:00,120.04
Montenegro,MNE,2025-01-01 07:00:00,2025-01-01 08:00:00,100.01
Montenegro,MNE,2025-01-01 08:00:00,2025-01-01 09:00:00,119.72
Montenegro,MNE,2025-01-01 09:00:00,2025-01-01 10:00:00,113.7
Montenegro,MNE,2025-01-01 10:00:00,2025-01-01 11:00:00,111.23
Montenegro,MNE,2025-01-01 11:00:00,2025-01-01 12:00:00,107.39
Montenegro,MNE,2025-01-01 12:00:00,2025-01-01 13:00:00,105.8
Montenegro,MNE,2025-01-01 13:00:00,2025-01-01 14:00:00,104.5
Montenegro,MNE,2025-01-01 14:00:00,2025-01-01 15:00:00,113.67
Montenegro,MNE,2025-01-01 15:00:00,2025-01-01 16:00:00,154.78
Montenegro,MNE,2025-01-01 16:00:00,2025-01-01 17:00:00,170.04
Montenegro,MNE,2025-01-01 17:00:00,2025-01-01 18:00:00,166.32
Montenegro,MNE,2025-01-01 18:00:00,2025-01-01 19:00:00,145.92
Montenegro,MNE,2025-01-01 19:00:00,2025-01-01 20:00:00,135.88
Montenegro,MNE,2025-01-01 20:00:00,2025-01-01 21:00:00,127.29
Montenegro,MNE,2025-01-01 21:00:00,2025-01-01 22:00:00,129.5
Montenegro,MNE,2025-01-01 22:00:00,2025-01-01 23:00:00,120.01
Montenegro,MNE,2025-01-01 23:00:00,2025-01-02 00:00:00,120.0
Montenegro,MNE,2025-01-02 00:00:00,2025-01-02 01:00:00,115.9
Montenegro,MNE,2025-01-02 01:00:00,2025-01-02 02:00:00,117.8
Montenegro,MNE,2025-01-02 02:00:00,2025-01-02 03:00:00,114.61
Montenegro,MNE,2025-01-02 03:00:00,2025-01-02 04:00:00,113.81
Montenegro,MNE,2025-01-02 04:00:00,2025-01-02 05:00:00,119.81
Montenegro,MNE,2025-01-02 05:00:00,2025-01-02 06:00:00,115.29
Montenegro,MNE,2025-01-02 06:00:00,2025-01-02 07:00:00,127.69
Montenegro,MNE,2025-01-02 07:00:00,2025-01-02 08:00:00,131.88
Montenegro,MNE,2025-01-02 08:00:00,2025-01-02 09:00:00,128.08
Montenegro,MNE,2025-01-02 09:00:00,2025-01-02 10:00:00,130.03
Montenegro,MNE,2025-01-02 10:00:00,2025-01-02 11:00:00,122.07
Montenegro,MNE,2025-01-02 11:00:00,2025-01-02 12:00:00,120.08
Montenegro,MNE,2025-01-02 12:00:00,2025-01-02 13:00:00,124.05
Montenegro,MNE,2025-01-02 13:00:00,2025-01-02 14:00:00,139.23
Montenegro,MNE,2025-01-02 14:00:00,2025-01-02 15:00:00,145.81
Montenegro,MNE,2025-01-02 15:00:00,2025-01-02 16:00:00,162.02
Montenegro,MNE,2025-01-02 16:00:00,2025-01-02 17:00:00,174.01
Montenegro,MNE,2025-01-02 17:00:00,2025-01-02 18:00:00,174.91
Montenegro,MNE,2025-01-02 18:00:00,2025-01-02 19:00:00,170.61
Montenegro,MNE,2025-01-02 19:00:00,2025-01-02 20:00:00,149.72
Montenegro,MNE,2025-01-02 20:00:00,2025-01-02 21:00:00,138.43
Montenegro,MNE,2025-01-02 21:00:00,2025-01-02 22:00:00,122.01
Montenegro,MNE,2025-01-02 22:00:00,2025-01-02 23:00:00,111.3
Montenegro,MNE,2025-01-02 23:00:00,2025-01-03 00:00:00,109.19
Montenegro,MNE,2025-01-03 00:00:00,2025-01-03 01:00:00,103.99
Montenegro,MNE,2025-01-03 01:00:00,2025-01-03 02:00:00,104.09
Montenegro,MNE,2025-01-03 02:00:00,2025-01-03 03:00:00,103.48
Montenegro,MNE,2025-01-03 03:00:00,2025-01-03 04:00:00,101.4
Montenegro,MNE,2025-01-03 04:00:00,2025-01-03 05:00:00,109.91
Montenegro,MNE,2025-01-03 05:00:00,2025-01-03 06:00:00,119.88
Montenegro,MNE,2025-01-03 06:00:00,2025-01-03 07:00:00,145.97
Montenegro,MNE,2025-01-03 07:00:00,2025-01-03 08:00:00,146.02
Montenegro,MNE,2025-01-03 08:00:00,2025-01-03 09:00:00,129.08
Montenegro,MNE,2025-01-03 09:00:00,2025-01-03 10:00:00,129.99
Montenegro,MNE,2025-01-03 10:00:00,2025-01-03 11:00:00,129.99
Montenegro,MNE,2025-01-03 11:00:00,2025-01-03 12:00:00,127.42
Montenegro,MNE,2025-01-03 12:00:00,2025-01-03 13:00:00,126.95
Montenegro,MNE,2025-01-03 13:00:00,2025-01-03 14:00:00,128.8
Montenegro,MNE,2025-01-03 14:00:00,2025-01-03 15:00:00,144.53
Montenegro,MNE,2025-01-03 15:00:00,2025-01-03 16:00:00,167.22
Montenegro,MNE,2025-01-03 16:00:00,2025-01-03 17:00:00,166.08
Montenegro,MNE,2025-01-03 17:00:00,2025-01-03 18:00:00,161.19
Montenegro,MNE,2025-01-03 18:00:00,2025-01-03 19:00:00,160.03
Montenegro,MNE,2025-01-03 19:00:00,2025-01-03 20:00:00,155.07
Montenegro,MNE,2025-01-03 20:00:00,2025-01-03 21:00:00,143.42
Montenegro,MNE,2025-01-03 21:00:00,2025-01-03 22:00:00,141.66
Montenegro,MNE,2025-01-03 22:00:00,2025-01-03 23:00:00,129.94
Montenegro,MNE,2025-01-03 23:00:00,2025-01-04 00:00:00,122.99
Montenegro,MNE,2025-01-04 00:00:00,2025-01-04 01:00:00,114.71
Montenegro,MNE,2025-01-04 01:00:00,2025-01-04 02:00:00,102.0
Montenegro,MNE,2025-01-04 02:00:00,2025-01-04 03:00:00,98.06
Montenegro,MNE,2025-01-04 03:00:00,2025-01-04 04:00:00,100.81
Montenegro,MNE,2025-01-04 04:00:00,2025-01-04 05:00:00,105.49
Montenegro,MNE,2025-01-04 05:00:00,2025-01-04 06:00:00,129.92
Montenegro,MNE,2025-01-04 06:00:00,2025-01-04 07:00:00,143.11
Montenegro,MNE,2025-01-04 07:00:00,2025-01-04 08:00:00,143.56
Montenegro,MNE,2025-01-04 08:00:00,2025-01-04 09:00:00,139.51
Montenegro,MNE,2025-01-04 09:00:00,2025-01-04 10:00:00,135.05
Montenegro,MNE,2025-01-04 10:00:00,2025-01-04 11:00:00,125.01
Montenegro,MNE,2025-01-04 11:00:00,2025-01-04 12:00:00,123.24
Montenegro,MNE,2025-01-04 12:00:00,2025-01-04 13:00:00,125.0
Montenegro,MNE,2025-01-04 13:00:00,2025-01-04 14:00:00,128.35
Montenegro,MNE,2025-01-04 14:00:00,2025-01-04 15:00:00,150.01
Montenegro,MNE,2025-01-04 15:00:00,2025-01-04 16:00:00,170.08
Montenegro,MNE,2025-01-04 16:00:00,2025-01-04 17:00:00,190.08
Montenegro,MNE,2025-01-04 17:00:00,2025-01-04 18:00:00,200.95
Montenegro,MNE,2025-01-04 18:00:00,2025-01-04 19:00:00,188.54
Montenegro,MNE,2025-01-04 19:00:00,2025-01-04 20:00:00,173.64
Montenegro,MNE,2025-01-04 20:00:00,2025-01-04 21:00:00,159.71
Montenegro,MNE,2025-01-04 21:00:00,2025-01-04 22:00:00,143.01
Montenegro,MNE,2025-01-04 22:00:00,2025-01-04 23:00:00,136.01
Montenegro,MNE,2025-01-04 23:00:00,2025-01-05 00:00:00,134.01
Montenegro,MNE,2025-01-05 00:00:00,2025-01-05 01:00:00,123.1
Montenegro,MNE,2025-01-05 01:00:00,2025-01-05 02:00:00,107.26
Montenegro,MNE,2025-01-05 02:00:00,2025-01-05 03:00:00,102.46
Montenegro,MNE,2025-01-05 03:00:00,2025-01-05 04:00:00,111.14
Montenegro,MNE,2025-01-05 04:00:00,2025-01-05 05:00:00,110.04
Montenegro,MNE,2025-01-05 05:00:00,2025-01-05 06:00:00,129.04
Montenegro,MNE,2025-01-05 06:00:00,2025-01-05 07:00:00,143.92
Montenegro,MNE,2025-01-05 07:00:00,2025-01-05 08:00:00,135.04
Montenegro,MNE,2025-01-05 08:00:00,2025-01-05 09:00:00,133.06
Montenegro,MNE,2025-01-05 09:00:00,2025-01-05 10:00:00,133.8
Montenegro,MNE,2025-01-05 10:00:00,2025-01-05 11:00:00,126.08
Montenegro,MNE,2025-01-05 11:00:00,2025-01-05 12:00:00,125.93
Montenegro,MNE,2025-01-05 12:00:00,2025-01-05 13:00:00,125.73
Montenegro,MNE,2025-01-05 13:00:00,2025-01-05 14:00:00,132.27
Montenegro,MNE,2025-01-05 14:00:00,2025-01-05 15:00:00,150.07
Montenegro,MNE,2025-01-05 15:00:00,2025-01-05 16:00:00,155.94
Montenegro,MNE,2025-01-05 16:00:00,2025-01-05 17:00:00,167.88
Montenegro,MNE,2025-01-05 17:00:00,2025-01-05 18:00:00,167.94
Montenegro,MNE,2025-01-05 18:00:00,2025-01-05 19:00:00,169.9
Montenegro,MNE,2025-01-05 19:00:00,2025-01-05 20:00:00,165.82
Montenegro,MNE,2025-01-05 20:00:00,2025-01-05 21:00:00,153.44
Montenegro,MNE,2025-01-05 21:00:00,2025-01-05 22:00:00,138.94
Montenegro,MNE,2025-01-05 22:00:00,2025-01-05 23:00:00,135.0
Montenegro,MNE,2025-01-05 23:00:00,2025-01-06 00:00:00,113.05
Montenegro,MNE,2025-01-06 00:00:00,2025-01-06 01:00:00,90.91
Montenegro,MNE,2025-01-06 01:00:00,2025-01-06 02:00:00,83.42
Montenegro,MNE,2025-01-06 02:00:00,2025-01-06 03:00:00,76.63
Montenegro,MNE,2025-01-06 03:00:00,2025-01-06 04:00:00,90.58
Montenegro,MNE,2025-01-06 04:00:00,2025-01-06 05:00:00,104.83
Montenegro,MNE,2025-01-06 05:00:00,2025-01-06 06:00:00,125.32
Montenegro,MNE,2025-01-06 06:00:00,2025-01-06 07:00:00,143.97
Montenegro,MNE,2025-01-06 07:00:00,2025-01-06 08:00:00,132.52
Montenegro,MNE,2025-01-06 08:00:00,2025-01-06 09:00:00,125.7
Montenegro,MNE,2025-01-06 09:00:00,2025-01-06 10:00:00,118.76
Montenegro,MNE,2025-01-06 10:00:00,2025-01-06 11:00:00,118.87
Montenegro,MNE,2025-01-06 11:00:00,2025-01-06 12:00:00,118.57
Montenegro,MNE,2025-01-06 12:00:00,2025-01-06 13:00:00,118.38
Montenegro,MNE,2025-01-06 13:00:00,2025-01-06 14:00:00,121.48
Montenegro,MNE,2025-01-06 14:00:00,2025-01-06 15:00:00,149.27
Montenegro,MNE,2025-01-06 15:00:00,2025-01-06 16:00:00,175.96
Montenegro,MNE,2025-01-06 16:00:00,2025-01-06 17:00:00,174.59
Montenegro,MNE,2025-01-06 17:00:00,2025-01-06 18:00:00,174.87
Montenegro,MNE,2025-01-06 18:00:00,2025-01-06 19:00:00,161.57
Montenegro,MNE,2025-01-06 19:00:00,2025-01-06 20:00:00,146.26
Montenegro,MNE,2025-01-06 20:00:00,2025-01-06 21:00:00,132.35
Montenegro,MNE,2025-01-06 21:00:00,2025-01-06 22:00:00,125.49
Montenegro,MNE,2025-01-06 22:00:00,2025-01-06 23:00:00,111.64
Montenegro,MNE,2025-01-06 23:00:00,2025-01-07 00:00:00,104.12
Montenegro,MNE,2025-01-07 00:00:00,2025-01-07 01:00:00,83.37
Montenegro,MNE,2025-01-07 01:00:00,2025-01-07 02:00:00,69.08
Montenegro,MNE,2025-01-07 02:00:00,2025-01-07 03:00:00,76.02
Montenegro,MNE,2025-01-07 03:00:00,2025-01-07 04:00:00,72.04
Montenegro,MNE,2025-01-07 04:00:00,2025-01-07 05:00:00,97.7
Montenegro,MNE,2025-01-07 05:00:00,2025-01-07 06:00:00,137.76
Montenegro,MNE,2025-01-07 06:00:00,2025-01-07 07:00:00,153.32
Montenegro,MNE,2025-01-07 07:00:00,2025-01-07 08:00:00,146.95
Montenegro,MNE,2025-01-07 08:00:00,2025-01-07 09:00:00,139.29
Montenegro,MNE,2025-01-07 09:00:00,2025-01-07 10:00:00,104.74
Montenegro,MNE,2025-01-07 10:00:00,2025-01-07 11:00:00,99.79
Montenegro,MNE,2025-01-07 11:00:00,2025-01-07 12:00:00,106.29
Montenegro,MNE,2025-01-07 12:00:00,2025-01-07 13:00:00,104.69
Montenegro,MNE,2025-01-07 13:00:00,2025-01-07 14:00:00,125.77
Montenegro,MNE,2025-01-07 14:00:00,2025-01-07 15:00:00,139.1
Montenegro,MNE,2025-01-07 15:00:00,2025-01-07 16:00:00,160.64
Montenegro,MNE,2025-01-07 16:00:00,2025-01-07 17:00:00,168.0
Montenegro,MNE,2025-01-07 17:00:00,2025-01-07 18:00:00,167.31
Montenegro,MNE,2025-01-07 18:00:00,2025-01-07 19:00:00,160.53
Montenegro,MNE,2025-01-07 19:00:00,2025-01-07 20:00:00,160.22
Montenegro,MNE,2025-01-07 20:00:00,2025-01-07 21:00:00,119.23
Montenegro,MNE,2025-01-07 21:00:00,2025-01-07 22:00:00,115.74
Montenegro,MNE,2025-01-07 22:00:00,2025-01-07 23:00:00,98.17
Montenegro,MNE,2025-01-07 23:00:00,2025-01-08 00:00:00,95.09
Montenegro,MNE,2025-01-08 00:00:00,2025-01-08 01:00:00,85.85
Montenegro,MNE,2025-01-08 01:00:00,2025-01-08 02:00:00,76.19
Montenegro,MNE,2025-01-08 02:00:00,2025-01-08 03:00:00,65.57
Montenegro,MNE,2025-01-08 03:00:00,2025-01-08 04:00:00,76.05
Montenegro,MNE,2025-01-08 04:00:00,2025-01-08 05:00:00,90.65
Montenegro,MNE,2025-01-08 05:00:00,2025-01-08 06:00:00,125.9
Montenegro,MNE,2025-01-08 06:00:00,2025-01-08 07:00:00,146.94
Montenegro,MNE,2025-01-08 07:00:00,2025-01-08 08:00:00,146.5
Montenegro,MNE,2025-01-08 08:00:00,2025-01-08 09:00:00,132.86
Montenegro,MNE,2025-01-08 09:00:00,2025-01-08 10:00:00,125.28
Montenegro,MNE,2025-01-08 10:00:00,2025-01-08 11:00:00,118.5
Montenegro,MNE,2025-01-08 11:00:00,2025-01-08 12:00:00,118.51
Montenegro,MNE,2025-01-08 12:00:00,2025-01-08 13:00:00,125.02
Montenegro,MNE,2025-01-08 13:00:00,2025-01-08 14:00:00,132.07
Montenegro,MNE,2025-01-08 14:00:00,2025-01-08 15:00:00,144.01
Montenegro,MNE,2025-01-08 15:00:00,2025-01-08 16:00:00,160.54
Montenegro,MNE,2025-01-08 16:00:00,2025-01-08 17:00:00,167.74
Montenegro,MNE,2025-01-08 17:00:00,2025-01-08 18:00:00,160.28
Montenegro,MNE,2025-01-08 18:00:00,2025-01-08 19:00:00,150.16
Montenegro,MNE,2025-01-08 19:00:00,2025-01-08 20:00:00,146.84
Montenegro,MNE,2025-01-08 20:00:00,2025-01-08 21:00:00,132.7
Montenegro,MNE,2025-01-08 21:00:00,2025-01-08 22:00:00,125.83
Montenegro,MNE,2025-01-08 22:00:00,2025-01-08 23:00:00,118.1
Montenegro,MNE,2025-01-08 23:00:00,2025-01-09 00:00:00,111.13
Montenegro,MNE,2025-01-09 00:00:00,2025-01-09 01:00:00,97.01
Montenegro,MNE,2025-01-09 01:00:00,2025-01-09 02:00:00,104.2
Montenegro,MNE,2025-01-09 02:00:00,2025-01-09 03:00:00,97.28
Montenegro,MNE,2025-01-09 03:00:00,2025-01-09 04:00:00,104.45
Montenegro,MNE,2025-01-09 04:00:00,2025-01-09 05:00:00,111.46
Montenegro,MNE,2025-01-09 05:00:00,2025-01-09 06:00:00,126.1
Montenegro,MNE,2025-01-09 06:00:00,2025-01-09 07:00:00,146.73
Montenegro,MNE,2025-01-09 07:00:00,2025-01-09 08:00:00,157.59
Montenegro,MNE,2025-01-09 08:00:00,2025-01-09 09:00:00,151.17
Montenegro,MNE,2025-01-09 09:00:00,2025-01-09 10:00:00,143.61
Montenegro,MNE,2025-01-09 10:00:00,2025-01-09 11:00:00,138.83
Montenegro,MNE,2025-01-09 11:00:00,2025-01-09 12:00:00,133.76
Montenegro,MNE,2025-01-09 12:00:00,2025-01-09 13:00:00,132.91
Montenegro,MNE,2025-01-09 13:00:00,2025-01-09 14:00:00,132.97
Montenegro,MNE,2025-01-09 14:00:00,2025-01-09 15:00:00,146.0
Montenegro,MNE,2025-01-09 15:00:00,2025-01-09 16:00:00,153.88
Montenegro,MNE,2025-01-09 16:00:00,2025-01-09 17:00:00,152.08
Montenegro,MNE,2025-01-09 17:00:00,2025-01-09 18:00:00,149.95
Montenegro,MNE,2025-01-09 18:00:00,2025-01-09 19:00:00,148.0
Montenegro,MNE,2025-01-09 19:00:00,2025-01-09 20:00:00,139.26
Montenegro,MNE,2025-01-09 20:00:00,2025-01-09 21:00:00,132.26
Montenegro,MNE,2025-01-09 21:00:00,2025-01-09 22:00:00,114.78
Montenegro,MNE,2025-01-09 22:00:00,2025-01-09 23:00:00,100.94
Montenegro,MNE,2025-01-09 23:00:00,2025-01-10 00:00:00,74.03
Montenegro,MNE,2025-01-10 00:00:00,2025-01-10 01:00:00,69.14
Montenegro,MNE,2025-01-10 01:00:00,2025-01-10 02:00:00,61.51
Montenegro,MNE,2025-01-10 02:00:00,2025-01-10 03:00:00,55.79
Montenegro,MNE,2025-01-10 03:00:00,2025-01-10 04:00:00,62.66
Montenegro,MNE,2025-01-10 04:00:00,2025-01-10 05:00:00,83.07
Montenegro,MNE,2025-01-10 05:00:00,2025-01-10 06:00:00,124.41
Montenegro,MNE,2025-01-10 06:00:00,2025-01-10 07:00:00,139.92
Montenegro,MNE,2025-01-10 07:00:00,2025-01-10 08:00:00,146.59
Montenegro,MNE,2025-01-10 08:00:00,2025-01-10 09:00:00,138.92
Montenegro,MNE,2025-01-10 09:00:00,2025-01-10 10:00:00,125.84
Montenegro,MNE,2025-01-10 10:00:00,2025-01-10 11:00:00,118.52
Montenegro,MNE,2025-01-10 11:00:00,2025-01-10 12:00:00,112.19
Montenegro,MNE,2025-01-10 12:00:00,2025-01-10 13:00:00,115.63
Montenegro,MNE,2025-01-10 13:00:00,2025-01-10 14:00:00,122.01
Montenegro,MNE,2025-01-10 14:00:00,2025-01-10 15:00:00,132.22
Montenegro,MNE,2025-01-10 15:00:00,2025-01-10 16:00:00,146.28
Montenegro,MNE,2025-01-10 16:00:00,2025-01-10 17:00:00,153.77
Montenegro,MNE,2025-01-10 17:00:00,2025-01-10 18:00:00,153.58
Montenegro,MNE,2025-01-10 18:00:00,2025-01-10 19:00:00,146.89
Montenegro,MNE,2025-01-10 19:00:00,2025-01-10 20:00:00,139.8
Montenegro,MNE,2025-01-10 20:00:00,2025-01-10 21:00:00,125.86
Montenegro,MNE,2025-01-10 21:00:00,2025-01-10 22:00:00,118.62
Montenegro,MNE,2025-01-10 22:00:00,2025-01-10 23:00:00,111.46
Montenegro,MNE,2025-01-10 23:00:00,2025-01-11 00:00:00,106.01
Montenegro,MNE,2025-01-11 00:00:00,2025-01-11 01:00:00,104.22
Montenegro,MNE,2025-01-11 01:00:00,2025-01-11 02:00:00,97.84
Montenegro,MNE,2025-01-11 02:00:00,2025-01-11 03:00:00,90.92
Montenegro,MNE,2025-01-11 03:00:00,2025-01-11 04:00:00,90.88
Montenegro,MNE,2025-01-11 04:00:00,2025-01-11 05:00:00,97.47
Montenegro,MNE,2025-01-11 05:00:00,2025-01-11 06:00:00,111.02
Montenegro,MNE,2025-01-11 06:00:00,2025-01-11 07:00:00,118.94
Montenegro,MNE,2025-01-11 07:00:00,2025-01-11 08:00:00,119.19
Montenegro,MNE,2025-01-11 08:00:00,2025-01-11 09:00:00,118.76
Montenegro,MNE,2025-01-11 09:00:00,2025-01-11 10:00:00,105.0
Montenegro,MNE,2025-01-11 10:00:00,2025-01-11 11:00:00,100.08
Montenegro,MNE,2025-01-11 11:00:00,2025-01-11 12:00:00,97.82
Montenegro,MNE,2025-01-11 12:00:00,2025-01-11 13:00:00,101.02
Montenegro,MNE,2025-01-11 13:00:00,2025-01-11 14:00:00,105.11
Montenegro,MNE,2025-01-11 14:00:00,2025-01-11 15:00:00,118.96
Montenegro,MNE,2025-01-11 15:00:00,2025-01-11 16:00:00,138.3
Montenegro,MNE,2025-01-11 16:00:00,2025-01-11 17:00:00,144.56
Montenegro,MNE,2025-01-11 17:00:00,2025-01-11 18:00:00,146.0
Montenegro,MNE,2025-01-11 18:00:00,2025-01-11 19:00:00,144.55
Montenegro,MNE,2025-01-11 19:00:00,2025-01-11 20:00:00,132.88
Montenegro,MNE,2025-01-11 20:00:00,2025-01-11 21:00:00,125.01
Montenegro,MNE,2025-01-11 21:00:00,2025-01-11 22:00:00,119.01
Montenegro,MNE,2025-01-11 22:00:00,2025-01-11 23:00:00,111.69
Montenegro,MNE,2025-01-11 23:00:00,2025-01-12 00:00:00,97.98
Montenegro,MNE,2025-01-12 00:00:00,2025-01-12 01:00:00,93.31
Montenegro,MNE,2025-01-12 01:00:00,2025-01-12 02:00:00,90.58
Montenegro,MNE,2025-01-12 02:00:00,2025-01-12 03:00:00,86.02
Montenegro,MNE,2025-01-12 03:00:00,2025-01-12 04:00:00,83.89
Montenegro,MNE,2025-01-12 04:00:00,2025-01-12 05:00:00,84.02
Montenegro,MNE,2025-01-12 05:00:00,2025-01-12 06:00:00,91.07
Montenegro,MNE,2025-01-12 06:00:00,2025-01-12 07:00:00,104.01
Montenegro,MNE,2025-01-12 07:00:00,2025-01-12 08:00:00,113.3
Montenegro,MNE,2025-01-12 08:00:00,2025-01-12 09:00:00,115.77
Montenegro,MNE,2025-01-12 09:00:00,2025-01-12 10:00:00,111.85
Montenegro,MNE,2025-01-12 10:00:00,2025-01-12 11:00:00,108.24
Montenegro,MNE,2025-01-12 11:00:00,2025-01-12 12:00:00,106.2
Montenegro,MNE,2025-01-12 12:00:00,2025-01-12 13:00:00,104.72
Montenegro,MNE,2025-01-12 13:00:00,2025-01-12 14:00:00,111.53
Montenegro,MNE,2025-01-12 14:00:00,2025-01-12 15:00:00,119.5
Montenegro,MNE,2025-01-12 15:00:00,2025-01-12 16:00:00,135.18
Montenegro,MNE,2025-01-12 16:00:00,2025-01-12 17:00:00,146.57
Montenegro,MNE,2025-01-12 17:00:00,2025-01-12 18:00:00,146.63
Montenegro,MNE,2025-01-12 18:00:00,2025-01-12 19:00:00,146.17
Montenegro,MNE,2025-01-12 19:00:00,2025-01-12 20:00:00,139.7
Montenegro,MNE,2025-01-12 20:00:00,2025-01-12 21:00:00,132.61
Montenegro,MNE,2025-01-12 21:00:00,2025-01-12 22:00:00,125.83
Montenegro,MNE,2025-01-12 22:00:00,2025-01-12 23:00:00,118.33
Montenegro,MNE,2025-01-12 23:00:00,2025-01-13 00:00:00,111.2
Montenegro,MNE,2025-01-13 00:00:00,2025-01-13 01:00:00,104.66
Montenegro,MNE,2025-01-13 01:00:00,2025-01-13 02:00:00,104.55
Montenegro,MNE,2025-01-13 02:00:00,2025-01-13 03:00:00,97.99
Montenegro,MNE,2025-01-13 03:00:00,2025-01-13 04:00:00,104.05
Montenegro,MNE,2025-01-13 04:00:00,2025-01-13 05:00:00,118.33
Montenegro,MNE,2025-01-13 05:00:00,2025-01-13 06:00:00,139.95
Montenegro,MNE,2025-01-13 06:00:00,2025-01-13 07:00:00,174.92
Montenegro,MNE,2025-01-13 07:00:00,2025-01-13 08:00:00,193.05
Montenegro,MNE,2025-01-13 08:00:00,2025-01-13 09:00:00,174.15
Montenegro,MNE,2025-01-13 09:00:00,2025-01-13 10:00:00,146.7
Montenegro,MNE,2025-01-13 10:00:00,2025-01-13 11:00:00,134.01
Montenegro,MNE,2025-01-13 11:00:00,2025-01-13 12:00:00,125.01
Montenegro,MNE,2025-01-13 12:00:00,2025-01-13 13:00:00,124.01
Montenegro,MNE,2025-01-13 13:00:00,2025-01-13 14:00:00,125.82
Montenegro,MNE,2025-01-13 14:00:00,2025-01-13 15:00:00,139.35
Montenegro,MNE,2025-01-13 15:00:00,2025-01-13 16:00:00,153.47
Montenegro,MNE,2025-01-13 16:00:00,2025-01-13 17:00:00,167.72
Montenegro,MNE,2025-01-13 17:00:00,2025-01-13 18:00:00,167.73
Montenegro,MNE,2025-01-13 18:00:00,2025-01-13 19:00:00,160.89
Montenegro,MNE,2025-01-13 19:00:00,2025-01-13 20:00:00,146.32
Montenegro,MNE,2025-01-13 20:00:00,2025-01-13 21:00:00,131.03
Montenegro,MNE,2025-01-13 21:00:00,2025-01-13 22:00:00,123.03
Montenegro,MNE,2025-01-13 22:00:00,2025-01-13 23:00:00,114.09
Montenegro,MNE,2025-01-13 23:00:00,2025-01-14 00:00:00,116.26
Montenegro,MNE,2025-01-14 00:00:00,2025-01-14 01:00:00,104.75
Montenegro,MNE,2025-01-14 01:00:00,2025-01-14 02:00:00,101.06
Montenegro,MNE,2025-01-14 02:00:00,2025-01-14 03:00:00,97.94
Montenegro,MNE,2025-01-14 03:00:00,2025-01-14 04:00:00,103.02
Montenegro,MNE,2025-01-14 04:00:00,2025-01-14 05:00:00,109.87
Montenegro,MNE,2025-01-14 05:00:00,2025-01-14 06:00:00,133.46
Montenegro,MNE,2025-01-14 06:00:00,2025-01-14 07:00:00,168.11
Montenegro,MNE,2025-01-14 07:00:00,2025-01-14 08:00:00,174.99
Montenegro,MNE,2025-01-14 08:00:00,2025-01-14 09:00:00,155.51
Montenegro,MNE,2025-01-14 09:00:00,2025-01-14 10:00:00,139.39
Montenegro,MNE,2025-01-14 10:00:00,2025-01-14 11:00:00,129.08
Montenegro,MNE,2025-01-14 11:00:00,2025-01-14 12:00:00,125.79
Montenegro,MNE,2025-01-14 12:00:00,2025-01-14 13:00:00,125.86
Montenegro,MNE,2025-01-14 13:00:00,2025-01-14 14:00:00,132.22
Montenegro,MNE,2025-01-14 14:00:00,2025-01-14 15:00:00,150.16
Montenegro,MNE,2025-01-14 15:00:00,2025-01-14 16:00:00,164.18
Montenegro,MNE,2025-01-14 16:00:00,2025-01-14 17:00:00,175.0
Montenegro,MNE,2025-01-14 17:00:00,2025-01-14 18:00:00,178.12
Montenegro,MNE,2025-01-14 18:00:00,2025-01-14 19:00:00,174.38
Montenegro,MNE,2025-01-14 19:00:00,2025-01-14 20:00:00,163.35
Montenegro,MNE,2025-01-14 20:00:00,2025-01-14 21:00:00,153.18
Montenegro,MNE,2025-01-14 21:00:00,2025-01-14 22:00:00,136.45
Montenegro,MNE,2025-01-14 22:00:00,2025-01-14 23:00:00,125.87
Montenegro,MNE,2025-01-14 23:00:00,2025-01-15 00:00:00,128.74
Montenegro,MNE,2025-01-15 00:00:00,2025-01-15 01:00:00,122.22
Montenegro,MNE,2025-01-15 01:00:00,2025-01-15 02:00:00,113.5
Montenegro,MNE,2025-01-15 02:00:00,2025-01-15 03:00:00,113.34
Montenegro,MNE,2025-01-15 03:00:00,2025-01-15 04:00:00,113.78
Montenegro,MNE,2025-01-15 04:00:00,2025-01-15 05:00:00,131.06
Montenegro,MNE,2025-01-15 05:00:00,2025-01-15 06:00:00,155.16
Montenegro,MNE,2025-01-15 06:00:00,2025-01-15 07:00:00,198.04
Montenegro,MNE,2025-01-15 07:00:00,2025-01-15 08:00:00,230.07
Montenegro,MNE,2025-01-15 08:00:00,2025-01-15 09:00:00,230.89
Montenegro,MNE,2025-01-15 09:00:00,2025-01-15 10:00:00,203.65
Montenegro,MNE,2025-01-15 10:00:00,2025-01-15 11:00:00,167.96
Montenegro,MNE,2025-01-15 11:00:00,2025-01-15 12:00:00,158.66
Montenegro,MNE,2025-01-15 12:00:00,2025-01-15 13:00:00,155.04
Montenegro,MNE,2025-01-15 13:00:00,2025-01-15 14:00:00,180.01
Montenegro,MNE,2025-01-15 14:00:00,2025-01-15 15:00:00,248.23
Montenegro,MNE,2025-01-15 15:00:00,2025-01-15 16:00:00,276.21
Montenegro,MNE,2025-01-15 16:00:00,2025-01-15 17:00:00,322.0
Montenegro,MNE,2025-01-15 17:00:00,2025-01-15 18:00:00,304.58
Montenegro,MNE,2025-01-15 18:00:00,2025-01-15 19:00:00,290.17
Montenegro,MNE,2025-01-15 19:00:00,2025-01-15 20:00:00,203.4
Montenegro,MNE,2025-01-15 20:00:00,2025-01-15 21:00:00,172.02
Montenegro,MNE,2025-01-15 21:00:00,2025-01-15 22:00:00,162.65
Montenegro,MNE,2025-01-15 22:00:00,2025-01-15 23:00:00,149.02
Montenegro,MNE,2025-01-15 23:00:00,2025-01-16 00:00:00,125.89
Montenegro,MNE,2025-01-16 00:00:00,2025-01-16 01:00:00,121.02
Montenegro,MNE,2025-01-16 01:00:00,2025-01-16 02:00:00,119.02
Montenegro,MNE,2025-01-16 02:00:00,2025-01-16 03:00:00,116.03
Montenegro,MNE,2025-01-16 03:00:00,2025-01-16 04:00:00,117.98
Montenegro,MNE,2025-01-16 04:00:00,2025-01-16 05:00:00,129.54
Montenegro,MNE,2025-01-16 05:00:00,2025-01-16 06:00:00,149.61
Montenegro,MNE,2025-01-16 06:00:00,2025-01-16 07:00:00,180.01
Montenegro,MNE,2025-01-16 07:00:00,2025-01-16 08:00:00,201.05
Montenegro,MNE,2025-01-16 08:00:00,2025-01-16 09:00:00,181.75
Montenegro,MNE,2025-01-16 09:00:00,2025-01-16 10:00:00,160.34
Montenegro,MNE,2025-01-16 10:00:00,2025-01-16 11:00:00,146.82
Montenegro,MNE,2025-01-16 11:00:00,2025-01-16 12:00:00,146.06
Montenegro,MNE,2025-01-16 12:00:00,2025-01-16 13:00:00,147.01
Montenegro,MNE,2025-01-16 13:00:00,2025-01-16 14:00:00,153.0
Montenegro,MNE,2025-01-16 14:00:00,2025-01-16 15:00:00,174.64
Montenegro,MNE,2025-01-16 15:00:00,2025-01-16 16:00:00,201.05
Montenegro,MNE,2025-01-16 16:00:00,2025-01-16 17:00:00,220.0
Montenegro,MNE,2025-01-16 17:00:00,2025-01-16 18:00:00,210.07
Montenegro,MNE,2025-01-16 18:00:00,2025-01-16 19:00:00,198.09
Montenegro,MNE,2025-01-16 19:00:00,2025-01-16 20:00:00,179.81
Montenegro,MNE,2025-01-16 20:00:00,2025-01-16 21:00:00,153.41
Montenegro,MNE,2025-01-16 21:00:00,2025-01-16 22:00:00,140.43
Montenegro,MNE,2025-01-16 22:00:00,2025-01-16 23:00:00,132.04
Montenegro,MNE,2025-01-16 23:00:00,2025-01-17 00:00:00,125.01
Montenegro,MNE,2025-01-17 00:00:00,2025-01-17 01:00:00,121.06
Montenegro,MNE,2025-01-17 01:00:00,2025-01-17 02:00:00,117.05
Montenegro,MNE,2025-01-17 02:00:00,2025-01-17 03:00:00,116.7
Montenegro,MNE,2025-01-17 03:00:00,2025-01-17 04:00:00,118.01
Montenegro,MNE,2025-01-17 04:00:00,2025-01-17 05:00:00,125.99
Montenegro,MNE,2025-01-17 05:00:00,2025-01-17 06:00:00,146.94
Montenegro,MNE,2025-01-17 06:00:00,2025-01-17 07:00:00,179.99
Montenegro,MNE,2025-01-17 07:00:00,2025-01-17 08:00:00,199.52
Montenegro,MNE,2025-01-17 08:00:00,2025-01-17 09:00:00,175.36
Montenegro,MNE,2025-01-17 09:00:00,2025-01-17 10:00:00,146.48
Montenegro,MNE,2025-01-17 10:00:00,2025-01-17 11:00:00,136.01
Montenegro,MNE,2025-01-17 11:00:00,2025-01-17 12:00:00,129.52
Montenegro,MNE,2025-01-17 12:00:00,2025-01-17 13:00:00,128.51
Montenegro,MNE,2025-01-17 13:00:00,2025-01-17 14:00:00,133.99
Montenegro,MNE,2025-01-17 14:00:00,2025-01-17 15:00:00,153.8
Montenegro,MNE,2025-01-17 15:00:00,2025-01-17 16:00:00,174.03
Montenegro,MNE,2025-01-17 16:00:00,2025-01-17 17:00:00,181.0
Montenegro,MNE,2025-01-17 17:00:00,2025-01-17 18:00:00,180.02
Montenegro,MNE,2025-01-17 18:00:00,2025-01-17 19:00:00,180.03
Montenegro,MNE,2025-01-17 19:00:00,2025-01-17 20:00:00,163.53
Montenegro,MNE,2025-01-17 20:00:00,2025-01-17 21:00:00,147.05
Montenegro,MNE,2025-01-17 21:00:00,2025-01-17 22:00:00,138.55
Montenegro,MNE,2025-01-17 22:00:00,2025-01-17 23:00:00,129.8
Montenegro,MNE,2025-01-17 23:00:00,2025-01-18 00:00:00,128.01
Montenegro,MNE,2025-01-18 00:00:00,2025-01-18 01:00:00,124.55
Montenegro,MNE,2025-01-18 01:00:00,2025-01-18 02:00:00,118.9
Montenegro,MNE,2025-01-18 02:00:00,2025-01-18 03:00:00,118.51
Montenegro,MNE,2025-01-18 03:00:00,2025-01-18 04:00:00,118.14
Montenegro,MNE,2025-01-18 04:00:00,2025-01-18 05:00:00,120.0
Montenegro,MNE,2025-01-18 05:00:00,2025-01-18 06:00:00,127.98
Montenegro,MNE,2025-01-18 06:00:00,2025-01-18 07:00:00,139.7
Montenegro,MNE,2025-01-18 07:00:00,2025-01-18 08:00:00,153.08
Montenegro,MNE,2025-01-18 08:00:00,2025-01-18 09:00:00,146.37
Montenegro,MNE,2025-01-18 09:00:00,2025-01-18 10:00:00,134.75
Montenegro,MNE,2025-01-18 10:00:00,2025-01-18 11:00:00,125.53
Montenegro,MNE,2025-01-18 11:00:00,2025-01-18 12:00:00,118.75
Montenegro,MNE,2025-01-18 12:00:00,2025-01-18 13:00:00,115.5
Montenegro,MNE,2025-01-18 13:00:00,2025-01-18 14:00:00,119.67
Montenegro,MNE,2025-01-18 14:00:00,2025-01-18 15:00:00,132.91
Montenegro,MNE,2025-01-18 15:00:00,2025-01-18 16:00:00,153.01
Montenegro,MNE,2025-01-18 16:00:00,2025-01-18 17:00:00,163.37
Montenegro,MNE,2025-01-18 17:00:00,2025-01-18 18:00:00,167.48
Montenegro,MNE,2025-01-18 18:00:00,2025-01-18 19:00:00,165.01
Montenegro,MNE,2025-01-18 19:00:00,2025-01-18 20:00:00,151.7
Montenegro,MNE,2025-01-18 20:00:00,2025-01-18 21:00:00,139.46
Montenegro,MNE,2025-01-18 21:00:00,2025-01-18 22:00:00,135.0
Montenegro,MNE,2025-01-18 22:00:00,2025-01-18 23:00:00,126.09
Montenegro,MNE,2025-01-18 23:00:00,2025-01-19 00:00:00,133.52
Montenegro,MNE,2025-01-19 00:00:00,2025-01-19 01:00:00,124.18
Montenegro,MNE,2025-01-19 01:00:00,2025-01-19 02:00:00,118.89
Montenegro,MNE,2025-01-19 02:00:00,2025-01-19 03:00:00,118.59
Montenegro,MNE,2025-01-19 03:00:00,2025-01-19 04:00:00,111.98
Montenegro,MNE,2025-01-19 04:00:00,2025-01-19 05:00:00,118.14
Montenegro,MNE,2025-01-19 05:00:00,2025-01-19 06:00:00,118.96
Montenegro,MNE,2025-01-19 06:00:00,2025-01-19 07:00:00,125.94
Montenegro,MNE,2025-01-19 07:00:00,2025-01-19 08:00:00,132.85
Montenegro,MNE,2025-01-19 08:00:00,2025-01-19 09:00:00,125.8
Montenegro,MNE,2025-01-19 09:00:00,2025-01-19 10:00:00,124.46
Montenegro,MNE,2025-01-19 10:00:00,2025-01-19 11:00:00,139.06
Montenegro,MNE,2025-01-19 11:00:00,2025-01-19 12:00:00,140.0
Montenegro,MNE,2025-01-19 12:00:00,2025-01-19 13:00:00,104.73
Montenegro,MNE,2025-01-19 13:00:00,2025-01-19 14:00:00,111.84
Montenegro,MNE,2025-01-19 14:00:00,2025-01-19 15:00:00,132.91
Montenegro,MNE,2025-01-19 15:00:00,2025-01-19 16:00:00,158.45
Montenegro,MNE,2025-01-19 16:00:00,2025-01-19 17:00:00,160.93
Montenegro,MNE,2025-01-19 17:00:00,2025-01-19 18:00:00,161.5
Montenegro,MNE,2025-01-19 18:00:00,2025-01-19 19:00:00,167.3
Montenegro,MNE,2025-01-19 19:00:00,2025-01-19 20:00:00,153.95
Montenegro,MNE,2025-01-19 20:00:00,2025-01-19 21:00:00,139.88
Montenegro,MNE,2025-01-19 21:00:00,2025-01-19 22:00:00,146.4
Montenegro,MNE,2025-01-19 22:00:00,2025-01-19 23:00:00,125.93
Montenegro,MNE,2025-01-19 23:00:00,2025-01-20 00:00:00,127.55
Montenegro,MNE,2025-01-20 00:00:00,2025-01-20 01:00:00,131.11
Montenegro,MNE,2025-01-20 01:00:00,2025-01-20 02:00:00,122.31
Montenegro,MNE,2025-01-20 02:00:00,2025-01-20 03:00:00,117.03
Montenegro,MNE,2025-01-20 03:00:00,2025-01-20 04:00:00,120.03
Montenegro,MNE,2025-01-20 04:00:00,2025-01-20 05:00:00,127.03
Montenegro,MNE,2025-01-20 05:00:00,2025-01-20 06:00:00,155.0
Montenegro,MNE,2025-01-20 06:00:00,2025-01-20 07:00:00,190.0
Montenegro,MNE,2025-01-20 07:00:00,2025-01-20 08:00:00,220.0
Montenegro,MNE,2025-01-20 08:00:00,2025-01-20 09:00:00,203.41
Montenegro,MNE,2025-01-20 09:00:00,2025-01-20 10:00:00,182.67
Montenegro,MNE,2025-01-20 10:00:00,2025-01-20 11:00:00,167.09
Montenegro,MNE,2025-01-20 11:00:00,2025-01-20 12:00:00,161.52
Montenegro,MNE,2025-01-20 12:00:00,2025-01-20 13:00:00,158.96
Montenegro,MNE,2025-01-20 13:00:00,2025-01-20 14:00:00,171.95
Montenegro,MNE,2025-01-20 14:00:00,2025-01-20 15:00:00,194.74
Montenegro,MNE,2025-01-20 15:00:00,2025-01-20 16:00:00,219.99
Montenegro,MNE,2025-01-20 16:00:00,2025-01-20 17:00:00,248.82
Montenegro,MNE,2025-01-20 17:00:00,2025-01-20 18:00:00,225.77
Montenegro,MNE,2025-01-20 18:00:00,2025-01-20 19:00:00,208.03
Montenegro,MNE,2025-01-20 19:00:00,2025-01-20 20:00:00,183.22
Montenegro,MNE,2025-01-20 20:00:00,2025-01-20 21:00:00,157.03
Montenegro,MNE,2025-01-20 21:00:00,2025-01-20 22:00:00,144.23
Montenegro,MNE,2025-01-20 22:00:00,2025-01-20 23:00:00,133.04
Montenegro,MNE,2025-01-20 23:00:00,2025-01-21 00:00:00,137.0
Montenegro,MNE,2025-01-21 00:00:00,2025-01-21 01:00:00,132.63
Montenegro,MNE,2025-01-21 01:00:00,2025-01-21 02:00:00,127.01
Montenegro,MNE,2025-01-21 02:00:00,2025-01-21 03:00:00,126.01
Montenegro,MNE,2025-01-21 03:00:00,2025-01-21 04:00:00,125.95
Montenegro,MNE,2025-01-21 04:00:00,2025-01-21 05:00:00,141.0
Montenegro,MNE,2025-01-21 05:00:00,2025-01-21 06:00:00,163.07
Montenegro,MNE,2025-01-21 06:00:00,2025-01-21 07:00:00,213.01
Montenegro,MNE,2025-01-21 07:00:00,2025-01-21 08:00:00,238.23
Montenegro,MNE,2025-01-21 08:00:00,2025-01-21 09:00:00,213.12
Montenegro,MNE,2025-01-21 09:00:00,2025-01-21 10:00:00,178.0
Montenegro,MNE,2025-01-21 10:00:00,2025-01-21 11:00:00,160.84
Montenegro,MNE,2025-01-21 11:00:00,2025-01-21 12:00:00,160.04
Montenegro,MNE,2025-01-21 12:00:00,2025-01-21 13:00:00,160.04
Montenegro,MNE,2025-01-21 13:00:00,2025-01-21 14:00:00,167.6
Montenegro,MNE,2025-01-21 14:00:00,2025-01-21 15:00:00,181.62
Montenegro,MNE,2025-01-21 15:00:00,2025-01-21 16:00:00,203.71
Montenegro,MNE,2025-01-21 16:00:00,2025-01-21 17:00:00,263.66
Montenegro,MNE,2025-01-21 17:00:00,2025-01-21 18:00:00,253.1
Montenegro,MNE,2025-01-21 18:00:00,2025-01-21 19:00:00,225.03
Montenegro,MNE,2025-01-21 19:00:00,2025-01-21 20:00:00,184.01
Montenegro,MNE,2025-01-21 20:00:00,2025-01-21 21:00:00,162.01
Montenegro,MNE,2025-01-21 21:00:00,2025-01-21 22:00:00,152.06
Montenegro,MNE,2025-01-21 22:00:00,2025-01-21 23:00:00,145.03
Montenegro,MNE,2025-01-21 23:00:00,2025-01-22 00:00:00,139.99
Montenegro,MNE,2025-01-22 00:00:00,2025-01-22 01:00:00,135.47
Montenegro,MNE,2025-01-22 01:00:00,2025-01-22 02:00:00,131.48
Montenegro,MNE,2025-01-22 02:00:00,2025-01-22 03:00:00,131.76
Montenegro,MNE,2025-01-22 03:00:00,2025-01-22 04:00:00,132.12
Montenegro,MNE,2025-01-22 04:00:00,2025-01-22 05:00:00,146.24
Montenegro,MNE,2025-01-22 05:00:00,2025-01-22 06:00:00,193.69
Montenegro,MNE,2025-01-22 06:00:00,2025-01-22 07:00:00,229.99
Montenegro,MNE,2025-01-22 07:00:00,2025-01-22 08:00:00,238.08
Montenegro,MNE,2025-01-22 08:00:00,2025-01-22 09:00:00,190.39
Montenegro,MNE,2025-01-22 09:00:00,2025-01-22 10:00:00,176.0
Montenegro,MNE,2025-01-22 10:00:00,2025-01-22 11:00:00,170.52
Montenegro,MNE,2025-01-22 11:00:00,2025-01-22 12:00:00,167.0
Montenegro,MNE,2025-01-22 12:00:00,2025-01-22 13:00:00,160.77
Montenegro,MNE,2025-01-22 13:00:00,2025-01-22 14:00:00,174.02
Montenegro,MNE,2025-01-22 14:00:00,2025-01-22 15:00:00,220.03
Montenegro,MNE,2025-01-22 15:00:00,2025-01-22 16:00:00,233.01
Montenegro,MNE,2025-01-22 16:00:00,2025-01-22 17:00:00,280.0
Montenegro,MNE,2025-01-22 17:00:00,2025-01-22 18:00:00,270.03
Montenegro,MNE,2025-01-22 18:00:00,2025-01-22 19:00:00,244.96
Montenegro,MNE,2025-01-22 19:00:00,2025-01-22 20:00:00,187.05
Montenegro,MNE,2025-01-22 20:00:00,2025-01-22 21:00:00,156.01
Montenegro,MNE,2025-01-22 21:00:00,2025-01-22 22:00:00,144.26
Montenegro,MNE,2025-01-22 22:00:00,2025-01-22 23:00:00,132.85
Montenegro,MNE,2025-01-22 23:00:00,2025-01-23 00:00:00,129.38
Montenegro,MNE,2025-01-23 00:00:00,2025-01-23 01:00:00,125.28
Montenegro,MNE,2025-01-23 01:00:00,2025-01-23 02:00:00,121.91
Montenegro,MNE,2025-01-23 02:00:00,2025-01-23 03:00:00,118.17
Montenegro,MNE,2025-01-23 03:00:00,2025-01-23 04:00:00,118.95
Montenegro,MNE,2025-01-23 04:00:00,2025-01-23 05:00:00,132.99
Montenegro,MNE,2025-01-23 05:00:00,2025-01-23 06:00:00,167.44
Montenegro,MNE,2025-01-23 06:00:00,2025-01-23 07:00:00,200.0
Montenegro,MNE,2025-01-23 07:00:00,2025-01-23 08:00:00,203.59
Montenegro,MNE,2025-01-23 08:00:00,2025-01-23 09:00:00,179.18
Montenegro,MNE,2025-01-23 09:00:00,2025-01-23 10:00:00,158.3
Montenegro,MNE,2025-01-23 10:00:00,2025-01-23 11:00:00,142.5
Montenegro,MNE,2025-01-23 11:00:00,2025-01-23 12:00:00,136.7
Montenegro,MNE,2025-01-23 12:00:00,2025-01-23 13:00:00,136.1
Montenegro,MNE,2025-01-23 13:00:00,2025-01-23 14:00:00,148.08
Montenegro,MNE,2025-01-23 14:00:00,2025-01-23 15:00:00,171.9
Montenegro,MNE,2025-01-23 15:00:00,2025-01-23 16:00:00,200.0
Montenegro,MNE,2025-01-23 16:00:00,2025-01-23 17:00:00,203.86
Montenegro,MNE,2025-01-23 17:00:00,2025-01-23 18:00:00,199.99
Montenegro,MNE,2025-01-23 18:00:00,2025-01-23 19:00:00,188.09
Montenegro,MNE,2025-01-23 19:00:00,2025-01-23 20:00:00,174.33
Montenegro,MNE,2025-01-23 20:00:00,2025-01-23 21:00:00,146.58
Montenegro,MNE,2025-01-23 21:00:00,2025-01-23 22:00:00,139.69
Montenegro,MNE,2025-01-23 22:00:00,2025-01-23 23:00:00,132.86
Montenegro,MNE,2025-01-23 23:00:00,2025-01-24 00:00:00,124.31
Montenegro,MNE,2025-01-24 00:00:00,2025-01-24 01:00:00,122.11
Montenegro,MNE,2025-01-24 01:00:00,2025-01-24 02:00:00,111.57
Montenegro,MNE,2025-01-24 02:00:00,2025-01-24 03:00:00,111.04
Montenegro,MNE,2025-01-24 03:00:00,2025-01-24 04:00:00,111.14
Montenegro,MNE,2025-01-24 04:00:00,2025-01-24 05:00:00,118.97
Montenegro,MNE,2025-01-24 05:00:00,2025-01-24 06:00:00,146.7
Montenegro,MNE,2025-01-24 06:00:00,2025-01-24 07:00:00,175.51
Montenegro,MNE,2025-01-24 07:00:00,2025-01-24 08:00:00,175.23
Montenegro,MNE,2025-01-24 08:00:00,2025-01-24 09:00:00,160.05
Montenegro,MNE,2025-01-24 09:00:00,2025-01-24 10:00:00,150.0
Montenegro,MNE,2025-01-24 10:00:00,2025-01-24 11:00:00,138.43
Montenegro,MNE,2025-01-24 11:00:00,2025-01-24 12:00:00,132.54
Montenegro,MNE,2025-01-24 12:00:00,2025-01-24 13:00:00,134.0
Montenegro,MNE,2025-01-24 13:00:00,2025-01-24 14:00:00,139.96
Montenegro,MNE,2025-01-24 14:00:00,2025-01-24 15:00:00,157.77
Montenegro,MNE,2025-01-24 15:00:00,2025-01-24 16:00:00,188.17
Montenegro,MNE,2025-01-24 16:00:00,2025-01-24 17:00:00,185.53
Montenegro,MNE,2025-01-24 17:00:00,2025-01-24 18:00:00,188.46
Montenegro,MNE,2025-01-24 18:00:00,2025-01-24 19:00:00,184.0
Montenegro,MNE,2025-01-24 19:00:00,2025-01-24 20:00:00,167.78
Montenegro,MNE,2025-01-24 20:00:00,2025-01-24 21:00:00,146.9
Montenegro,MNE,2025-01-24 21:00:00,2025-01-24 22:00:00,139.68
Montenegro,MNE,2025-01-24 22:00:00,2025-01-24 23:00:00,132.01
Montenegro,MNE,2025-01-24 23:00:00,2025-01-25 00:00:00,125.32
Montenegro,MNE,2025-01-25 00:00:00,2025-01-25 01:00:00,115.03
Montenegro,MNE,2025-01-25 01:00:00,2025-01-25 02:00:00,108.03
Montenegro,MNE,2025-01-25 02:00:00,2025-01-25 03:00:00,105.07
Montenegro,MNE,2025-01-25 03:00:00,2025-01-25 04:00:00,105.07
Montenegro,MNE,2025-01-25 04:00:00,2025-01-25 05:00:00,115.03
Montenegro,MNE,2025-01-25 05:00:00,2025-01-25 06:00:00,132.1
Montenegro,MNE,2025-01-25 06:00:00,2025-01-25 07:00:00,142.02
Montenegro,MNE,2025-01-25 07:00:00,2025-01-25 08:00:00,135.04
Montenegro,MNE,2025-01-25 08:00:00,2025-01-25 09:00:00,137.44
Montenegro,MNE,2025-01-25 09:00:00,2025-01-25 10:00:00,135.07
Montenegro,MNE,2025-01-25 10:00:00,2025-01-25 11:00:00,134.08
Montenegro,MNE,2025-01-25 11:00:00,2025-01-25 12:00:00,124.96
Montenegro,MNE,2025-01-25 12:00:00,2025-01-25 13:00:00,102.0
Montenegro,MNE,2025-01-25 13:00:00,2025-01-25 14:00:00,114.12
Montenegro,MNE,2025-01-25 14:00:00,2025-01-25 15:00:00,127.6
Montenegro,MNE,2025-01-25 15:00:00,2025-01-25 16:00:00,155.05
Montenegro,MNE,2025-01-25 16:00:00,2025-01-25 17:00:00,168.01
Montenegro,MNE,2025-01-25 17:00:00,2025-01-25 18:00:00,174.14
Montenegro,MNE,2025-01-25 18:00:00,2025-01-25 19:00:00,180.01
Montenegro,MNE,2025-01-25 19:00:00,2025-01-25 20:00:00,159.09
Montenegro,MNE,2025-01-25 20:00:00,2025-01-25 21:00:00,146.15
Montenegro,MNE,2025-01-25 21:00:00,2025-01-25 22:00:00,139.86
Montenegro,MNE,2025-01-25 22:00:00,2025-01-25 23:00:00,125.99
Montenegro,MNE,2025-01-25 23:00:00,2025-01-26 00:00:00,113.88
Montenegro,MNE,2025-01-26 00:00:00,2025-01-26 01:00:00,113.76
Montenegro,MNE,2025-01-26 01:00:00,2025-01-26 02:00:00,104.91
Montenegro,MNE,2025-01-26 02:00:00,2025-01-26 03:00:00,104.65
Montenegro,MNE,2025-01-26 03:00:00,2025-01-26 04:00:00,104.57
Montenegro,MNE,2025-01-26 04:00:00,2025-01-26 05:00:00,104.85
Montenegro,MNE,2025-01-26 05:00:00,2025-01-26 06:00:00,113.84
Montenegro,MNE,2025-01-26 06:00:00,2025-01-26 07:00:00,122.8
Montenegro,MNE,2025-01-26 07:00:00,2025-01-26 08:00:00,122.18
Montenegro,MNE,2025-01-26 08:00:00,2025-01-26 09:00:00,113.76
Montenegro,MNE,2025-01-26 09:00:00,2025-01-26 10:00:00,104.85
Montenegro,MNE,2025-01-26 10:00:00,2025-01-26 11:00:00,104.57
Montenegro,MNE,2025-01-26 11:00:00,2025-01-26 12:00:00,95.77
Montenegro,MNE,2025-01-26 12:00:00,2025-01-26 13:00:00,95.83
Montenegro,MNE,2025-01-26 13:00:00,2025-01-26 14:00:00,104.3
Montenegro,MNE,2025-01-26 14:00:00,2025-01-26 15:00:00,122.76
Montenegro,MNE,2025-01-26 15:00:00,2025-01-26 16:00:00,140.29
Montenegro,MNE,2025-01-26 16:00:00,2025-01-26 17:00:00,151.55
Montenegro,MNE,2025-01-26 17:00:00,2025-01-26 18:00:00,150.9
Montenegro,MNE,2025-01-26 18:00:00,2025-01-26 19:00:00,150.0
Montenegro,MNE,2025-01-26 19:00:00,2025-01-26 20:00:00,144.25
Montenegro,MNE,2025-01-26 20:00:00,2025-01-26 21:00:00,131.87
Montenegro,MNE,2025-01-26 21:00:00,2025-01-26 22:00:00,122.68
Montenegro,MNE,2025-01-26 22:00:00,2025-01-26 23:00:00,104.93
Montenegro,MNE,2025-01-26 23:00:00,2025-01-27 00:00:00,93.01
Montenegro,MNE,2025-01-27 00:00:00,2025-01-27 01:00:00,86.01
Montenegro,MNE,2025-01-27 01:00:00,2025-01-27 02:00:00,76.01
Montenegro,MNE,2025-01-27 02:00:00,2025-01-27 03:00:00,76.01
Montenegro,MNE,2025-01-27 03:00:00,2025-01-27 04:00:00,77.02
Montenegro,MNE,2025-01-27 04:00:00,2025-01-27 05:00:00,113.06
Montenegro,MNE,2025-01-27 05:00:00,2025-01-27 06:00:00,140.51
Montenegro,MNE,2025-01-27 06:00:00,2025-01-27 07:00:00,158.84
Montenegro,MNE,2025-01-27 07:00:00,2025-01-27 08:00:00,158.81
Montenegro,MNE,2025-01-27 08:00:00,2025-01-27 09:00:00,131.47
Montenegro,MNE,2025-01-27 09:00:00,2025-01-27 10:00:00,118.09
Montenegro,MNE,2025-01-27 10:00:00,2025-01-27 11:00:00,103.03
Montenegro,MNE,2025-01-27 11:00:00,2025-01-27 12:00:00,96.04
Montenegro,MNE,2025-01-27 12:00:00,2025-01-27 13:00:00,104.99
Montenegro,MNE,2025-01-27 13:00:00,2025-01-27 14:00:00,122.91
Montenegro,MNE,2025-01-27 14:00:00,2025-01-27 15:00:00,144.85
Montenegro,MNE,2025-01-27 15:00:00,2025-01-27 16:00:00,158.19
Montenegro,MNE,2025-01-27 16:00:00,2025-01-27 17:00:00,158.67
Montenegro,MNE,2025-01-27 17:00:00,2025-01-27 18:00:00,158.37
Montenegro,MNE,2025-01-27 18:00:00,2025-01-27 19:00:00,158.35
Montenegro,MNE,2025-01-27 19:00:00,2025-01-27 20:00:00,149.1
Montenegro,MNE,2025-01-27 20:00:00,2025-01-27 21:00:00,140.31
Montenegro,MNE,2025-01-27 21:00:00,2025-01-27 22:00:00,122.68
Montenegro,MNE,2025-01-27 22:00:00,2025-01-27 23:00:00,104.82
Montenegro,MNE,2025-01-27 23:00:00,2025-01-28 00:00:00,95.08
Montenegro,MNE,2025-01-28 00:00:00,2025-01-28 01:00:00,93.08
Montenegro,MNE,2025-01-28 01:00:00,2025-01-28 02:00:00,91.78
Montenegro,MNE,2025-01-28 02:00:00,2025-01-28 03:00:00,91.09
Montenegro,MNE,2025-01-28 03:00:00,2025-01-28 04:00:00,96.98
Montenegro,MNE,2025-01-28 04:00:00,2025-01-28 05:00:00,111.97
Montenegro,MNE,2025-01-28 05:00:00,2025-01-28 06:00:00,143.0
Montenegro,MNE,2025-01-28 06:00:00,2025-01-28 07:00:00,160.0
Montenegro,MNE,2025-01-28 07:00:00,2025-01-28 08:00:00,153.69
Montenegro,MNE,2025-01-28 08:00:00,2025-01-28 09:00:00,143.06
Montenegro,MNE,2025-01-28 09:00:00,2025-01-28 10:00:00,125.6
Montenegro,MNE,2025-01-28 10:00:00,2025-01-28 11:00:00,119.6
Montenegro,MNE,2025-01-28 11:00:00,2025-01-28 12:00:00,115.3
Montenegro,MNE,2025-01-28 12:00:00,2025-01-28 13:00:00,125.01
Montenegro,MNE,2025-01-28 13:00:00,2025-01-28 14:00:00,132.09
Montenegro,MNE,2025-01-28 14:00:00,2025-01-28 15:00:00,143.09
Montenegro,MNE,2025-01-28 15:00:00,2025-01-28 16:00:00,155.38
Montenegro,MNE,2025-01-28 16:00:00,2025-01-28 17:00:00,171.0
Montenegro,MNE,2025-01-28 17:00:00,2025-01-28 18:00:00,169.82
Montenegro,MNE,2025-01-28 18:00:00,2025-01-28 19:00:00,167.7
Montenegro,MNE,2025-01-28 19:00:00,2025-01-28 20:00:00,154.57
Montenegro,MNE,2025-01-28 20:00:00,2025-01-28 21:00:00,136.29
Montenegro,MNE,2025-01-28 21:00:00,2025-01-28 22:00:00,122.0
Montenegro,MNE,2025-01-28 22:00:00,2025-01-28 23:00:00,105.32
Montenegro,MNE,2025-01-28 23:00:00,2025-01-29 00:00:00,95.31
Montenegro,MNE,2025-01-29 00:00:00,2025-01-29 01:00:00,95.0
Montenegro,MNE,2025-01-29 01:00:00,2025-01-29 02:00:00,85.01
Montenegro,MNE,2025-01-29 02:00:00,2025-01-29 03:00:00,86.01
Montenegro,MNE,2025-01-29 03:00:00,2025-01-29 04:00:00,94.38
Montenegro,MNE,2025-01-29 04:00:00,2025-01-29 05:00:00,111.56
Montenegro,MNE,2025-01-29 05:00:00,2025-01-29 06:00:00,142.05
Montenegro,MNE,2025-01-29 06:00:00,2025-01-29 07:00:00,153.61
Montenegro,MNE,2025-01-29 07:00:00,2025-01-29 08:00:00,155.01
Montenegro,MNE,2025-01-29 08:00:00,2025-01-29 09:00:00,137.05
Montenegro,MNE,2025-01-29 09:00:00,2025-01-29 10:00:00,125.31
Montenegro,MNE,2025-01-29 10:00:00,2025-01-29 11:00:00,120.03
Montenegro,MNE,2025-01-29 11:00:00,2025-01-29 12:00:00,111.27
Montenegro,MNE,2025-01-29 12:00:00,2025-01-29 13:00:00,113.0
Montenegro,MNE,2025-01-29 13:00:00,2025-01-29 14:00:00,125.0
Montenegro,MNE,2025-01-29 14:00:00,2025-01-29 15:00:00,136.9
Montenegro,MNE,2025-01-29 15:00:00,2025-01-29 16:00:00,153.84
Montenegro,MNE,2025-01-29 16:00:00,2025-01-29 17:00:00,160.84
Montenegro,MNE,2025-01-29 17:00:00,2025-01-29 18:00:00,163.74
Montenegro,MNE,2025-01-29 18:00:00,2025-01-29 19:00:00,165.3
Montenegro,MNE,2025-01-29 19:00:00,2025-01-29 20:00:00,153.05
Montenegro,MNE,2025-01-29 20:00:00,2025-01-29 21:00:00,131.17
Montenegro,MNE,2025-01-29 21:00:00,2025-01-29 22:00:00,125.01
Montenegro,MNE,2025-01-29 22:00:00,2025-01-29 23:00:00,118.08
Montenegro,MNE,2025-01-29 23:00:00,2025-01-30 00:00:00,104.84
Montenegro,MNE,2025-01-30 00:00:00,2025-01-30 01:00:00,104.51
Montenegro,MNE,2025-01-30 01:00:00,2025-01-30 02:00:00,97.68
Montenegro,MNE,2025-01-30 02:00:00,2025-01-30 03:00:00,90.98
Montenegro,MNE,2025-01-30 03:00:00,2025-01-30 04:00:00,97.8
Montenegro,MNE,2025-01-30 04:00:00,2025-01-30 05:00:00,111.93
Montenegro,MNE,2025-01-30 05:00:00,2025-01-30 06:00:00,145.18
Montenegro,MNE,2025-01-30 06:00:00,2025-01-30 07:00:00,160.87
Montenegro,MNE,2025-01-30 07:00:00,2025-01-30 08:00:00,171.04
Montenegro,MNE,2025-01-30 08:00:00,2025-01-30 09:00:00,153.81
Montenegro,MNE,2025-01-30 09:00:00,2025-01-30 10:00:00,139.37
Montenegro,MNE,2025-01-30 10:00:00,2025-01-30 11:00:00,125.77
Montenegro,MNE,2025-01-30 11:00:00,2025-01-30 12:00:00,118.9
Montenegro,MNE,2025-01-30 12:00:00,2025-01-30 13:00:00,125.9
Montenegro,MNE,2025-01-30 13:00:00,2025-01-30 14:00:00,133.04
Montenegro,MNE,2025-01-30 14:00:00,2025-01-30 15:00:00,153.79
Montenegro,MNE,2025-01-30 15:00:00,2025-01-30 16:00:00,169.0
Montenegro,MNE,2025-01-30 16:00:00,2025-01-30 17:00:00,188.08
Montenegro,MNE,2025-01-30 17:00:00,2025-01-30 18:00:00,186.03
Montenegro,MNE,2025-01-30 18:00:00,2025-01-30 19:00:00,174.07
Montenegro,MNE,2025-01-30 19:00:00,2025-01-30 20:00:00,160.38
Montenegro,MNE,2025-01-30 20:00:00,2025-01-30 21:00:00,146.66
Montenegro,MNE,2025-01-30 21:00:00,2025-01-30 22:00:00,139.77
Montenegro,MNE,2025-01-30 22:00:00,2025-01-30 23:00:00,124.07
Montenegro,MNE,2025-01-30 23:00:00,2025-01-31 00:00:00,115.83
Montenegro,MNE,2025-01-31 00:00:00,2025-01-31 01:00:00,111.08
Montenegro,MNE,2025-01-31 01:00:00,2025-01-31 02:00:00,105.69
Montenegro,MNE,2025-01-31 02:00:00,2025-01-31 03:00:00,103.0
Montenegro,MNE,2025-01-31 03:00:00,2025-01-31 04:00:00,105.04
Montenegro,MNE,2025-01-31 04:00:00,2025-01-31 05:00:00,117.72
Montenegro,MNE,2025-01-31 05:00:00,2025-01-31 06:00:00,153.36
Montenegro,MNE,2025-01-31 06:00:00,2025-01-31 07:00:00,160.25
Montenegro,MNE,2025-01-31 07:00:00,2025-01-31 08:00:00,163.77
Montenegro,MNE,2025-01-31 08:00:00,2025-01-31 09:00:00,154.09
Montenegro,MNE,2025-01-31 09:00:00,2025-01-31 10:00:00,135.09
Montenegro,MNE,2025-01-31 10:00:00,2025-01-31 11:00:00,125.06
Montenegro,MNE,2025-01-31 11:00:00,2025-01-31 12:00:00,116.95
Montenegro,MNE,2025-01-31 12:00:00,2025-01-31 13:00:00,116.09
Montenegro,MNE,2025-01-31 13:00:00,2025-01-31 14:00:00,130.05
Montenegro,MNE,2025-01-31 14:00:00,2025-01-31 15:00:00,147.08
Montenegro,MNE,2025-01-31 15:00:00,2025-01-31 16:00:00,168.68
Montenegro,MNE,2025-01-31 16:00:00,2025-01-31 17:00:00,183.1
Montenegro,MNE,2025-01-31 17:00:00,2025-01-31 18:00:00,183.71
Montenegro,MNE,2025-01-31 18:00:00,2025-01-31 19:00:00,174.04
Montenegro,MNE,2025-01-31 19:00:00,2025-01-31 20:00:00,158.63
Montenegro,MNE,2025-01-31 20:00:00,2025-01-31 21:00:00,146.0
Montenegro,MNE,2025-01-31 21:00:00,2025-01-31 22:00:00,139.99
Montenegro,MNE,2025-01-31 22:00:00,2025-01-31 23:00:00,131.27
Montenegro,MNE,2025-01-31 23:00:00,2025-02-01 00:00:00,135.9
Montenegro,MNE,2025-02-01 00:00:00,2025-02-01 01:00:00,129.06
Montenegro,MNE,2025-02-01 01:00:00,2025-02-01 02:00:00,123.0
Montenegro,MNE,2025-02-01 02:00:00,2025-02-01 03:00:00,119.43
Montenegro,MNE,2025-02-01 03:00:00,2025-02-01 04:00:00,120.92
Montenegro,MNE,2025-02-01 04:00:00,2025-02-01 05:00:00,123.85
Montenegro,MNE,2025-02-01 05:00:00,2025-02-01 06:00:00,134.06
Montenegro,MNE,2025-02-01 06:00:00,2025-02-01 07:00:00,142.06
Montenegro,MNE,2025-02-01 07:00:00,2025-02-01 08:00:00,141.03
Montenegro,MNE,2025-02-01 08:00:00,2025-02-01 09:00:00,135.1
Montenegro,MNE,2025-02-01 09:00:00,2025-02-01 10:00:00,119.06
Montenegro,MNE,2025-02-01 10:00:00,2025-02-01 11:00:00,105.08
Montenegro,MNE,2025-02-01 11:00:00,2025-02-01 12:00:00,101.09
Montenegro,MNE,2025-02-01 12:00:00,2025-02-01 13:00:00,101.43
Montenegro,MNE,2025-02-01 13:00:00,2025-02-01 14:00:00,114.23
Montenegro,MNE,2025-02-01 14:00:00,2025-02-01 15:00:00,127.02
Montenegro,MNE,2025-02-01 15:00:00,2025-02-01 16:00:00,149.71
Montenegro,MNE,2025-02-01 16:00:00,2025-02-01 17:00:00,169.04
Montenegro,MNE,2025-02-01 17:00:00,2025-02-01 18:00:00,169.07
Montenegro,MNE,2025-02-01 18:00:00,2025-02-01 19:00:00,160.05
Montenegro,MNE,2025-02-01 19:00:00,2025-02-01 20:00:00,155.07
Montenegro,MNE,2025-02-01 20:00:00,2025-02-01 21:00:00,145.47
Montenegro,MNE,2025-02-01 21:00:00,2025-02-01 22:00:00,139.22
Montenegro,MNE,2025-02-01 22:00:00,2025-02-01 23:00:00,129.41
Montenegro,MNE,2025-02-01 23:00:00,2025-02-02 00:00:00,141.09
Montenegro,MNE,2025-02-02 00:00:00,2025-02-02 01:00:00,127.09
Montenegro,MNE,2025-02-02 01:00:00,2025-02-02 02:00:00,121.53
Montenegro,MNE,2025-02-02 02:00:00,2025-02-02 03:00:00,115.67
Montenegro,MNE,2025-02-02 03:00:00,2025-02-02 04:00:00,111.15
Montenegro,MNE,2025-02-02 04:00:00,2025-02-02 05:00:00,114.67
Montenegro,MNE,2025-02-02 05:00:00,2025-02-02 06:00:00,123.01
Montenegro,MNE,2025-02-02 06:00:00,2025-02-02 07:00:00,135.35
Montenegro,MNE,2025-02-02 07:00:00,2025-02-02 08:00:00,141.26
Montenegro,MNE,2025-02-02 08:00:00,2025-02-02 09:00:00,135.22
Montenegro,MNE,2025-02-02 09:00:00,2025-02-02 10:00:00,130.0
Montenegro,MNE,2025-02-02 10:00:00,2025-02-02 11:00:00,121.69
Montenegro,MNE,2025-02-02 11:00:00,2025-02-02 12:00:00,110.64
Montenegro,MNE,2025-02-02 12:00:00,2025-02-02 13:00:00,105.61
Montenegro,MNE,2025-02-02 13:00:00,2025-02-02 14:00:00,110.23
Montenegro,MNE,2025-02-02 14:00:00,2025-02-02 15:00:00,129.01
Montenegro,MNE,2025-02-02 15:00:00,2025-02-02 16:00:00,145.09
Montenegro,MNE,2025-02-02 16:00:00,2025-02-02 17:00:00,161.0
Montenegro,MNE,2025-02-02 17:00:00,2025-02-02 18:00:00,165.54
Montenegro,MNE,2025-02-02 18:00:00,2025-02-02 19:00:00,164.01
Montenegro,MNE,2025-02-02 19:00:00,2025-02-02 20:00:00,157.17
Montenegro,MNE,2025-02-02 20:00:00,2025-02-02 21:00:00,149.14
Montenegro,MNE,2025-02-02 21:00:00,2025-02-02 22:00:00,145.1
Montenegro,MNE,2025-02-02 22:00:00,2025-02-02 23:00:00,135.12
Montenegro,MNE,2025-02-02 23:00:00,2025-02-03 00:00:00,135.07
Montenegro,MNE,2025-02-03 00:00:00,2025-02-03 01:00:00,130.0
Montenegro,MNE,2025-02-03 01:00:00,2025-02-03 02:00:00,115.98
Montenegro,MNE,2025-02-03 02:00:00,2025-02-03 03:00:00,115.94
Montenegro,MNE,2025-02-03 03:00:00,2025-02-03 04:00:00,117.19
Montenegro,MNE,2025-02-03 04:00:00,2025-02-03 05:00:00,130.16
Montenegro,MNE,2025-02-03 05:00:00,2025-02-03 06:00:00,163.64
Montenegro,MNE,2025-02-03 06:00:00,2025-02-03 07:00:00,199.84
Montenegro,MNE,2025-02-03 07:00:00,2025-02-03 08:00:00,212.0
Montenegro,MNE,2025-02-03 08:00:00,2025-02-03 09:00:00,186.0
Montenegro,MNE,2025-02-03 09:00:00,2025-02-03 10:00:00,161.0
Montenegro,MNE,2025-02-03 10:00:00,2025-02-03 11:00:00,151.0
Montenegro,MNE,2025-02-03 11:00:00,2025-02-03 12:00:00,143.02
Montenegro,MNE,2025-02-03 12:00:00,2025-02-03 13:00:00,141.0
Montenegro,MNE,2025-02-03 13:00:00,2025-02-03 14:00:00,146.0
Montenegro,MNE,2025-02-03 14:00:00,2025-02-03 15:00:00,163.78
Montenegro,MNE,2025-02-03 15:00:00,2025-02-03 16:00:00,189.91
Montenegro,MNE,2025-02-03 16:00:00,2025-02-03 17:00:00,190.02
Montenegro,MNE,2025-02-03 17:00:00,2025-02-03 18:00:00,219.18
Montenegro,MNE,2025-02-03 18:00:00,2025-02-03 19:00:00,191.0
Montenegro,MNE,2025-02-03 19:00:00,2025-02-03 20:00:00,187.01
Montenegro,MNE,2025-02-03 20:00:00,2025-02-03 21:00:00,159.65
Montenegro,MNE,2025-02-03 21:00:00,2025-02-03 22:00:00,151.85
Montenegro,MNE,2025-02-03 22:00:00,2025-02-03 23:00:00,139.65
Montenegro,MNE,2025-02-03 23:00:00,2025-02-04 00:00:00,134.01
Montenegro,MNE,2025-02-04 00:00:00,2025-02-04 01:00:00,130.0
Montenegro,MNE,2025-02-04 01:00:00,2025-02-04 02:00:00,124.88
Montenegro,MNE,2025-02-04 02:00:00,2025-02-04 03:00:00,124.05
Montenegro,MNE,2025-02-04 03:00:00,2025-02-04 04:00:00,123.35
Montenegro,MNE,2025-02-04 04:00:00,2025-02-04 05:00:00,131.46
Montenegro,MNE,2025-02-04 05:00:00,2025-02-04 06:00:00,155.01
Montenegro,MNE,2025-02-04 06:00:00,2025-02-04 07:00:00,183.01
Montenegro,MNE,2025-02-04 07:00:00,2025-02-04 08:00:00,191.28
Montenegro,MNE,2025-02-04 08:00:00,2025-02-04 09:00:00,159.5
Montenegro,MNE,2025-02-04 09:00:00,2025-02-04 10:00:00,135.92
Montenegro,MNE,2025-02-04 10:00:00,2025-02-04 11:00:00,118.58
Montenegro,MNE,2025-02-04 11:00:00,2025-02-04 12:00:00,110.58
Montenegro,MNE,2025-02-04 12:00:00,2025-02-04 13:00:00,108.04
Montenegro,MNE,2025-02-04 13:00:00,2025-02-04 14:00:00,117.0
Montenegro,MNE,2025-02-04 14:00:00,2025-02-04 15:00:00,139.98
Montenegro,MNE,2025-02-04 15:00:00,2025-02-04 16:00:00,162.03
Montenegro,MNE,2025-02-04 16:00:00,2025-02-04 17:00:00,181.96
Montenegro,MNE,2025-02-04 17:00:00,2025-02-04 18:00:00,183.0
Montenegro,MNE,2025-02-04 18:00:00,2025-02-04 19:00:00,179.53
Montenegro,MNE,2025-02-04 19:00:00,2025-02-04 20:00:00,159.54
Montenegro,MNE,2025-02-04 20:00:00,2025-02-04 21:00:00,140.01
Montenegro,MNE,2025-02-04 21:00:00,2025-02-04 22:00:00,132.01
Montenegro,MNE,2025-02-04 22:00:00,2025-02-04 23:00:00,126.01
Montenegro,MNE,2025-02-04 23:00:00,2025-02-05 00:00:00,125.0
Montenegro,MNE,2025-02-05 00:00:00,2025-02-05 01:00:00,119.11
Montenegro,MNE,2025-02-05 01:00:00,2025-02-05 02:00:00,115.62
Montenegro,MNE,2025-02-05 02:00:00,2025-02-05 03:00:00,115.03
Montenegro,MNE,2025-02-05 03:00:00,2025-02-05 04:00:00,115.17
Montenegro,MNE,2025-02-05 04:00:00,2025-02-05 05:00:00,123.93
Montenegro,MNE,2025-02-05 05:00:00,2025-02-05 06:00:00,151.0
Montenegro,MNE,2025-02-05 06:00:00,2025-02-05 07:00:00,174.0
Montenegro,MNE,2025-02-05 07:00:00,2025-02-05 08:00:00,180.0
Montenegro,MNE,2025-02-05 08:00:00,2025-02-05 09:00:00,148.91
Montenegro,MNE,2025-02-05 09:00:00,2025-02-05 10:00:00,128.67
Montenegro,MNE,2025-02-05 10:00:00,2025-02-05 11:00:00,115.01
Montenegro,MNE,2025-02-05 11:00:00,2025-02-05 12:00:00,115.0
Montenegro,MNE,2025-02-05 12:00:00,2025-02-05 13:00:00,113.01
Montenegro,MNE,2025-02-05 13:00:00,2025-02-05 14:00:00,122.61
Montenegro,MNE,2025-02-05 14:00:00,2025-02-05 15:00:00,145.34
Montenegro,MNE,2025-02-05 15:00:00,2025-02-05 16:00:00,167.01
Montenegro,MNE,2025-02-05 16:00:00,2025-02-05 17:00:00,180.0
Montenegro,MNE,2025-02-05 17:00:00,2025-02-05 18:00:00,181.32
Montenegro,MNE,2025-02-05 18:00:00,2025-02-05 19:00:00,180.0
Montenegro,MNE,2025-02-05 19:00:00,2025-02-05 20:00:00,165.01
Montenegro,MNE,2025-02-05 20:00:00,2025-02-05 21:00:00,151.94
Montenegro,MNE,2025-02-05 21:00:00,2025-02-05 22:00:00,142.6
Montenegro,MNE,2025-02-05 22:00:00,2025-02-05 23:00:00,133.94
Montenegro,MNE,2025-02-05 23:00:00,2025-02-06 00:00:00,137.91
Montenegro,MNE,2025-02-06 00:00:00,2025-02-06 01:00:00,131.76
Montenegro,MNE,2025-02-06 01:00:00,2025-02-06 02:00:00,129.78
Montenegro,MNE,2025-02-06 02:00:00,2025-02-06 03:00:00,128.77
Montenegro,MNE,2025-02-06 03:00:00,2025-02-06 04:00:00,129.09
Montenegro,MNE,2025-02-06 04:00:00,2025-02-06 05:00:00,137.36
Montenegro,MNE,2025-02-06 05:00:00,2025-02-06 06:00:00,167.19
Montenegro,MNE,2025-02-06 06:00:00,2025-02-06 07:00:00,181.38
Montenegro,MNE,2025-02-06 07:00:00,2025-02-06 08:00:00,191.46
Montenegro,MNE,2025-02-06 08:00:00,2025-02-06 09:00:00,173.04
Montenegro,MNE,2025-02-06 09:00:00,2025-02-06 10:00:00,148.0
Montenegro,MNE,2025-02-06 10:00:00,2025-02-06 11:00:00,143.04
Montenegro,MNE,2025-02-06 11:00:00,2025-02-06 12:00:00,135.01
Montenegro,MNE,2025-02-06 12:00:00,2025-02-06 13:00:00,135.01
Montenegro,MNE,2025-02-06 13:00:00,2025-02-06 14:00:00,135.06
Montenegro,MNE,2025-02-06 14:00:00,2025-02-06 15:00:00,148.01
Montenegro,MNE,2025-02-06 15:00:00,2025-02-06 16:00:00,164.0
Montenegro,MNE,2025-02-06 16:00:00,2025-02-06 17:00:00,178.01
Montenegro,MNE,2025-02-06 17:00:00,2025-02-06 18:00:00,184.08
Montenegro,MNE,2025-02-06 18:00:00,2025-02-06 19:00:00,180.0
Montenegro,MNE,2025-02-06 19:00:00,2025-02-06 20:00:00,165.91
Montenegro,MNE,2025-02-06 20:00:00,2025-02-06 21:00:00,154.3
Montenegro,MNE,2025-02-06 21:00:00,2025-02-06 22:00:00,146.86
Montenegro,MNE,2025-02-06 22:00:00,2025-02-06 23:00:00,129.74
Montenegro,MNE,2025-02-06 23:00:00,2025-02-07 00:00:00,129.78
Montenegro,MNE,2025-02-07 00:00:00,2025-02-07 01:00:00,120.83
Montenegro,MNE,2025-02-07 01:00:00,2025-02-07 02:00:00,110.09
Montenegro,MNE,2025-02-07 02:00:00,2025-02-07 03:00:00,111.29
Montenegro,MNE,2025-02-07 03:00:00,2025-02-07 04:00:00,111.38
Montenegro,MNE,2025-02-07 04:00:00,2025-02-07 05:00:00,125.94
Montenegro,MNE,2025-02-07 05:00:00,2025-02-07 06:00:00,150.95
Montenegro,MNE,2025-02-07 06:00:00,2025-02-07 07:00:00,169.71
Montenegro,MNE,2025-02-07 07:00:00,2025-02-07 08:00:00,173.41
Montenegro,MNE,2025-02-07 08:00:00,2025-02-07 09:00:00,151.89
Montenegro,MNE,2025-02-07 09:00:00,2025-02-07 10:00:00,135.0
Montenegro,MNE,2025-02-07 10:00:00,2025-02-07 11:00:00,119.62
Montenegro,MNE,2025-02-07 11:00:00,2025-02-07 12:00:00,110.37
Montenegro,MNE,2025-02-07 12:00:00,2025-02-07 13:00:00,113.73
Montenegro,MNE,2025-02-07 13:00:00,2025-02-07 14:00:00,122.01
Montenegro,MNE,2025-02-07 14:00:00,2025-02-07 15:00:00,140.7
Montenegro,MNE,2025-02-07 15:00:00,2025-02-07 16:00:00,167.17
Montenegro,MNE,2025-02-07 16:00:00,2025-02-07 17:00:00,171.4
Montenegro,MNE,2025-02-07 17:00:00,2025-02-07 18:00:00,175.02
Montenegro,MNE,2025-02-07 18:00:00,2025-02-07 19:00:00,177.22
Montenegro,MNE,2025-02-07 19:00:00,2025-02-07 20:00:00,163.19
Montenegro,MNE,2025-02-07 20:00:00,2025-02-07 21:00:00,146.54
Montenegro,MNE,2025-02-07 21:00:00,2025-02-07 22:00:00,136.65
Montenegro,MNE,2025-02-07 22:00:00,2025-02-07 23:00:00,121.55
Montenegro,MNE,2025-02-07 23:00:00,2025-02-08 00:00:00,110.51
Montenegro,MNE,2025-02-08 00:00:00,2025-02-08 01:00:00,105.01
Montenegro,MNE,2025-02-08 01:00:00,2025-02-08 02:00:00,95.01
Montenegro,MNE,2025-02-08 02:00:00,2025-02-08 03:00:00,95.01
Montenegro,MNE,2025-02-08 03:00:00,2025-02-08 04:00:00,94.01
Montenegro,MNE,2025-02-08 04:00:00,2025-02-08 05:00:00,100.05
Montenegro,MNE,2025-02-08 05:00:00,2025-02-08 06:00:00,112.9
Montenegro,MNE,2025-02-08 06:00:00,2025-02-08 07:00:00,126.08
Montenegro,MNE,2025-02-08 07:00:00,2025-02-08 08:00:00,125.62
Montenegro,MNE,2025-02-08 08:00:00,2025-02-08 09:00:00,103.01
Montenegro,MNE,2025-02-08 09:00:00,2025-02-08 10:00:00,114.81
Montenegro,MNE,2025-02-08 10:00:00,2025-02-08 11:00:00,91.0
Montenegro,MNE,2025-02-08 11:00:00,2025-02-08 12:00:00,81.99
Montenegro,MNE,2025-02-08 12:00:00,2025-02-08 13:00:00,85.19
Montenegro,MNE,2025-02-08 13:00:00,2025-02-08 14:00:00,91.89
Montenegro,MNE,2025-02-08 14:00:00,2025-02-08 15:00:00,121.98
Montenegro,MNE,2025-02-08 15:00:00,2025-02-08 16:00:00,155.88
Montenegro,MNE,2025-02-08 16:00:00,2025-02-08 17:00:00,163.81
Montenegro,MNE,2025-02-08 17:00:00,2025-02-08 18:00:00,161.67
Montenegro,MNE,2025-02-08 18:00:00,2025-02-08 19:00:00,161.01
Montenegro,MNE,2025-02-08 19:00:00,2025-02-08 20:00:00,152.37
Montenegro,MNE,2025-02-08 20:00:00,2025-02-08 21:00:00,142.0
Montenegro,MNE,2025-02-08 21:00:00,2025-02-08 22:00:00,143.0
Montenegro,MNE,2025-02-08 22:00:00,2025-02-08 23:00:00,134.71
Montenegro,MNE,2025-02-08 23:00:00,2025-02-09 00:00:00,132.07
Montenegro,MNE,2025-02-09 00:00:00,2025-02-09 01:00:00,125.45
Montenegro,MNE,2025-02-09 01:00:00,2025-02-09 02:00:00,117.25
Montenegro,MNE,2025-02-09 02:00:00,2025-02-09 03:00:00,115.05
Montenegro,MNE,2025-02-09 03:00:00,2025-02-09 04:00:00,118.13
Montenegro,MNE,2025-02-09 04:00:00,2025-02-09 05:00:00,117.45
Montenegro,MNE,2025-02-09 05:00:00,2025-02-09 06:00:00,118.43
Montenegro,MNE,2025-02-09 06:00:00,2025-02-09 07:00:00,125.8
Montenegro,MNE,2025-02-09 07:00:00,2025-02-09 08:00:00,125.57
Montenegro,MNE,2025-02-09 08:00:00,2025-02-09 09:00:00,122.23
Montenegro,MNE,2025-02-09 09:00:00,2025-02-09 10:00:00,111.85
Montenegro,MNE,2025-02-09 10:00:00,2025-02-09 11:00:00,105.81
Montenegro,MNE,2025-02-09 11:00:00,2025-02-09 12:00:00,104.3
Montenegro,MNE,2025-02-09 12:00:00,2025-02-09 13:00:00,104.38
Montenegro,MNE,2025-02-09 13:00:00,2025-02-09 14:00:00,109.03
Montenegro,MNE,2025-02-09 14:00:00,2025-02-09 15:00:00,115.03
Montenegro,MNE,2025-02-09 15:00:00,2025-02-09 16:00:00,147.08
Montenegro,MNE,2025-02-09 16:00:00,2025-02-09 17:00:00,153.98
Montenegro,MNE,2025-02-09 17:00:00,2025-02-09 18:00:00,160.72
Montenegro,MNE,2025-02-09 18:00:00,2025-02-09 19:00:00,153.96
Montenegro,MNE,2025-02-09 19:00:00,2025-02-09 20:00:00,144.03
Montenegro,MNE,2025-02-09 20:00:00,2025-02-09 21:00:00,139.63
Montenegro,MNE,2025-02-09 21:00:00,2025-02-09 22:00:00,130.08
Montenegro,MNE,2025-02-09 22:00:00,2025-02-09 23:00:00,130.01
Montenegro,MNE,2025-02-09 23:00:00,2025-02-10 00:00:00,132.01
Montenegro,MNE,2025-02-10 00:00:00,2025-02-10 01:00:00,118.71
Montenegro,MNE,2025-02-10 01:00:00,2025-02-10 02:00:00,114.92
Montenegro,MNE,2025-02-10 02:00:00,2025-02-10 03:00:00,112.02
Montenegro,MNE,2025-02-10 03:00:00,2025-02-10 04:00:00,111.97
Montenegro,MNE,2025-02-10 04:00:00,2025-02-10 05:00:00,124.02
Montenegro,MNE,2025-02-10 05:00:00,2025-02-10 06:00:00,160.14
Montenegro,MNE,2025-02-10 06:00:00,2025-02-10 07:00:00,177.07
Montenegro,MNE,2025-02-10 07:00:00,2025-02-10 08:00:00,174.1
Montenegro,MNE,2025-02-10 08:00:00,2025-02-10 09:00:00,158.02
Montenegro,MNE,2025-02-10 09:00:00,2025-02-10 10:00:00,139.98
Montenegro,MNE,2025-02-10 10:00:00,2025-02-10 11:00:00,135.0
Montenegro,MNE,2025-02-10 11:00:00,2025-02-10 12:00:00,126.06
Montenegro,MNE,2025-02-10 12:00:00,2025-02-10 13:00:00,121.06
Montenegro,MNE,2025-02-10 13:00:00,2025-02-10 14:00:00,136.29
Montenegro,MNE,2025-02-10 14:00:00,2025-02-10 15:00:00,160.26
Montenegro,MNE,2025-02-10 15:00:00,2025-02-10 16:00:00,181.09
Montenegro,MNE,2025-02-10 16:00:00,2025-02-10 17:00:00,183.1
Montenegro,MNE,2025-02-10 17:00:00,2025-02-10 18:00:00,188.49
Montenegro,MNE,2025-02-10 18:00:00,2025-02-10 19:00:00,181.77
Montenegro,MNE,2025-02-10 19:00:00,2025-02-10 20:00:00,187.05
Montenegro,MNE,2025-02-10 20:00:00,2025-02-10 21:00:00,169.09
Montenegro,MNE,2025-02-10 21:00:00,2025-02-10 22:00:00,153.23
Montenegro,MNE,2025-02-10 22:00:00,2025-02-10 23:00:00,151.06
Montenegro,MNE,2025-02-10 23:00:00,2025-02-11 00:00:00,135.01
Montenegro,MNE,2025-02-11 00:00:00,2025-02-11 01:00:00,116.47
Montenegro,MNE,2025-02-11 01:00:00,2025-02-11 02:00:00,112.73
Montenegro,MNE,2025-02-11 02:00:00,2025-02-11 03:00:00,113.22
Montenegro,MNE,2025-02-11 03:00:00,2025-02-11 04:00:00,120.48
Montenegro,MNE,2025-02-11 04:00:00,2025-02-11 05:00:00,133.13
Montenegro,MNE,2025-02-11 05:00:00,2025-02-11 06:00:00,161.68
Montenegro,MNE,2025-02-11 06:00:00,2025-02-11 07:00:00,179.69
Montenegro,MNE,2025-02-11 07:00:00,2025-02-11 08:00:00,177.27
Montenegro,MNE,2025-02-11 08:00:00,2025-02-11 09:00:00,151.08
Montenegro,MNE,2025-02-11 09:00:00,2025-02-11 10:00:00,139.96
Montenegro,MNE,2025-02-11 10:00:00,2025-02-11 11:00:00,135.01
Montenegro,MNE,2025-02-11 11:00:00,2025-02-11 12:00:00,125.98
Montenegro,MNE,2025-02-11 12:00:00,2025-02-11 13:00:00,127.5
Montenegro,MNE,2025-02-11 13:00:00,2025-02-11 14:00:00,145.05
Montenegro,MNE,2025-02-11 14:00:00,2025-02-11 15:00:00,162.36
Montenegro,MNE,2025-02-11 15:00:00,2025-02-11 16:00:00,183.61
Montenegro,MNE,2025-02-11 16:00:00,2025-02-11 17:00:00,190.79
Montenegro,MNE,2025-02-11 17:00:00,2025-02-11 18:00:00,199.99
Montenegro,MNE,2025-02-11 18:00:00,2025-02-11 19:00:00,194.16
Montenegro,MNE,2025-02-11 19:00:00,2025-02-11 20:00:00,187.72
Montenegro,MNE,2025-02-11 20:00:00,2025-02-11 21:00:00,166.26
Montenegro,MNE,2025-02-11 21:00:00,2025-02-11 22:00:00,162.01
Montenegro,MNE,2025-02-11 22:00:00,2025-02-11 23:00:00,157.39
Montenegro,MNE,2025-02-11 23:00:00,2025-02-12 00:00:00,145.2
Montenegro,MNE,2025-02-12 00:00:00,2025-02-12 01:00:00,140.01
Montenegro,MNE,2025-02-12 01:00:00,2025-02-12 02:00:00,140.01
Montenegro,MNE,2025-02-12 02:00:00,2025-02-12 03:00:00,140.0
Montenegro,MNE,2025-02-12 03:00:00,2025-02-12 04:00:00,140.01
Montenegro,MNE,2025-02-12 04:00:00,2025-02-12 05:00:00,158.33
Montenegro,MNE,2025-02-12 05:00:00,2025-02-12 06:00:00,160.09
Montenegro,MNE,2025-02-12 06:00:00,2025-02-12 07:00:00,176.36
Montenegro,MNE,2025-02-12 07:00:00,2025-02-12 08:00:00,194.17
Montenegro,MNE,2025-02-12 08:00:00,2025-02-12 09:00:00,176.93
Montenegro,MNE,2025-02-12 09:00:00,2025-02-12 10:00:00,167.94
Montenegro,MNE,2025-02-12 10:00:00,2025-02-12 11:00:00,158.95
Montenegro,MNE,2025-02-12 11:00:00,2025-02-12 12:00:00,158.56
Montenegro,MNE,2025-02-12 12:00:00,2025-02-12 13:00:00,158.59
Montenegro,MNE,2025-02-12 13:00:00,2025-02-12 14:00:00,158.85
Montenegro,MNE,2025-02-12 14:00:00,2025-02-12 15:00:00,185.34
Montenegro,MNE,2025-02-12 15:00:00,2025-02-12 16:00:00,175.1
Montenegro,MNE,2025-02-12 16:00:00,2025-02-12 17:00:00,185.07
Montenegro,MNE,2025-02-12 17:00:00,2025-02-12 18:00:00,195.09
Montenegro,MNE,2025-02-12 18:00:00,2025-02-12 19:00:00,209.99
Montenegro,MNE,2025-02-12 19:00:00,2025-02-12 20:00:00,167.09
Montenegro,MNE,2025-02-12 20:00:00,2025-02-12 21:00:00,176.52
Montenegro,MNE,2025-02-12 21:00:00,2025-02-12 22:00:00,158.61
Montenegro,MNE,2025-02-12 22:00:00,2025-02-12 23:00:00,158.29
Montenegro,MNE,2025-02-12 23:00:00,2025-02-13 00:00:00,150.97
Montenegro,MNE,2025-02-13 00:00:00,2025-02-13 01:00:00,147.99
Montenegro,MNE,2025-02-13 01:00:00,2025-02-13 02:00:00,147.72
Montenegro,MNE,2025-02-13 02:00:00,2025-02-13 03:00:00,147.69
Montenegro,MNE,2025-02-13 03:00:00,2025-02-13 04:00:00,147.75
Montenegro,MNE,2025-02-13 04:00:00,2025-02-13 05:00:00,170.03
Montenegro,MNE,2025-02-13 05:00:00,2025-02-13 06:00:00,225.12
Montenegro,MNE,2025-02-13 06:00:00,2025-02-13 07:00:00,244.78
Montenegro,MNE,2025-02-13 07:00:00,2025-02-13 08:00:00,212.85
Montenegro,MNE,2025-02-13 08:00:00,2025-02-13 09:00:00,186.79
Montenegro,MNE,2025-02-13 09:00:00,2025-02-13 10:00:00,173.85
Montenegro,MNE,2025-02-13 10:00:00,2025-02-13 11:00:00,173.24
Montenegro,MNE,2025-02-13 11:00:00,2025-02-13 12:00:00,173.09
Montenegro,MNE,2025-02-13 12:00:00,2025-02-13 13:00:00,173.0
Montenegro,MNE,2025-02-13 13:00:00,2025-02-13 14:00:00,165.71
Montenegro,MNE,2025-02-13 14:00:00,2025-02-13 15:00:00,186.54
Montenegro,MNE,2025-02-13 15:00:00,2025-02-13 16:00:00,238.26
Montenegro,MNE,2025-02-13 16:00:00,2025-02-13 17:00:00,277.97
Montenegro,MNE,2025-02-13 17:00:00,2025-02-13 18:00:00,254.48
Montenegro,MNE,2025-02-13 18:00:00,2025-02-13 19:00:00,264.09
Montenegro,MNE,2025-02-13 19:00:00,2025-02-13 20:00:00,225.8
Montenegro,MNE,2025-02-13 20:00:00,2025-02-13 21:00:00,186.49
Montenegro,MNE,2025-02-13 21:00:00,2025-02-13 22:00:00,173.27
Montenegro,MNE,2025-02-13 22:00:00,2025-02-13 23:00:00,171.19
Montenegro,MNE,2025-02-13 23:00:00,2025-02-14 00:00:00,160.13
Montenegro,MNE,2025-02-14 00:00:00,2025-02-14 01:00:00,150.02
Montenegro,MNE,2025-02-14 01:00:00,2025-02-14 02:00:00,150.01
Montenegro,MNE,2025-02-14 02:00:00,2025-02-14 03:00:00,147.26
Montenegro,MNE,2025-02-14 03:00:00,2025-02-14 04:00:00,150.01
Montenegro,MNE,2025-02-14 04:00:00,2025-02-14 05:00:00,159.95
Montenegro,MNE,2025-02-14 05:00:00,2025-02-14 06:00:00,212.03
Montenegro,MNE,2025-02-14 06:00:00,2025-02-14 07:00:00,229.99
Montenegro,MNE,2025-02-14 07:00:00,2025-02-14 08:00:00,202.29
Montenegro,MNE,2025-02-14 08:00:00,2025-02-14 09:00:00,197.23
Montenegro,MNE,2025-02-14 09:00:00,2025-02-14 10:00:00,168.32
Montenegro,MNE,2025-02-14 10:00:00,2025-02-14 11:00:00,171.84
Montenegro,MNE,2025-02-14 11:00:00,2025-02-14 12:00:00,160.96
Montenegro,MNE,2025-02-14 12:00:00,2025-02-14 13:00:00,160.01
Montenegro,MNE,2025-02-14 13:00:00,2025-02-14 14:00:00,186.56
Montenegro,MNE,2025-02-14 14:00:00,2025-02-14 15:00:00,199.54
Montenegro,MNE,2025-02-14 15:00:00,2025-02-14 16:00:00,197.24
Montenegro,MNE,2025-02-14 16:00:00,2025-02-14 17:00:00,237.01
Montenegro,MNE,2025-02-14 17:00:00,2025-02-14 18:00:00,230.0
Montenegro,MNE,2025-02-14 18:00:00,2025-02-14 19:00:00,229.99
Montenegro,MNE,2025-02-14 19:00:00,2025-02-14 20:00:00,212.06
Montenegro,MNE,2025-02-14 20:00:00,2025-02-14 21:00:00,199.02
Montenegro,MNE,2025-02-14 21:00:00,2025-02-14 22:00:00,184.76
Montenegro,MNE,2025-02-14 22:00:00,2025-02-14 23:00:00,160.96
Montenegro,MNE,2025-02-14 23:00:00,2025-02-15 00:00:00,144.91
Montenegro,MNE,2025-02-15 00:00:00,2025-02-15 01:00:00,138.5
Montenegro,MNE,2025-02-15 01:00:00,2025-02-15 02:00:00,131.85
Montenegro,MNE,2025-02-15 02:00:00,2025-02-15 03:00:00,128.49
Montenegro,MNE,2025-02-15 03:00:00,2025-02-15 04:00:00,124.49
Montenegro,MNE,2025-02-15 04:00:00,2025-02-15 05:00:00,127.07
Montenegro,MNE,2025-02-15 05:00:00,2025-02-15 06:00:00,135.15
Montenegro,MNE,2025-02-15 06:00:00,2025-02-15 07:00:00,149.29
Montenegro,MNE,2025-02-15 07:00:00,2025-02-15 08:00:00,149.5
Montenegro,MNE,2025-02-15 08:00:00,2025-02-15 09:00:00,139.5
Montenegro,MNE,2025-02-15 09:00:00,2025-02-15 10:00:00,125.96
Montenegro,MNE,2025-02-15 10:00:00,2025-02-15 11:00:00,130.01
Montenegro,MNE,2025-02-15 11:00:00,2025-02-15 12:00:00,126.01
Montenegro,MNE,2025-02-15 12:00:00,2025-02-15 13:00:00,125.27
Montenegro,MNE,2025-02-15 13:00:00,2025-02-15 14:00:00,129.01
Montenegro,MNE,2025-02-15 14:00:00,2025-02-15 15:00:00,136.06
Montenegro,MNE,2025-02-15 15:00:00,2025-02-15 16:00:00,158.38
Montenegro,MNE,2025-02-15 16:00:00,2025-02-15 17:00:00,172.08
Montenegro,MNE,2025-02-15 17:00:00,2025-02-15 18:00:00,183.08
Montenegro,MNE,2025-02-15 18:00:00,2025-02-15 19:00:00,180.01
Montenegro,MNE,2025-02-15 19:00:00,2025-02-15 20:00:00,162.09
Montenegro,MNE,2025-02-15 20:00:00,2025-02-15 21:00:00,153.09
Montenegro,MNE,2025-02-15 21:00:00,2025-02-15 22:00:00,147.61
Montenegro,MNE,2025-02-15 22:00:00,2025-02-15 23:00:00,139.97
Montenegro,MNE,2025-02-15 23:00:00,2025-02-16 00:00:00,132.65
Montenegro,MNE,2025-02-16 00:00:00,2025-02-16 01:00:00,132.5
Montenegro,MNE,2025-02-16 01:00:00,2025-02-16 02:00:00,132.11
Montenegro,MNE,2025-02-16 02:00:00,2025-02-16 03:00:00,118.81
Montenegro,MNE,2025-02-16 03:00:00,2025-02-16 04:00:00,118.21
Montenegro,MNE,2025-02-16 04:00:00,2025-02-16 05:00:00,118.32
Montenegro,MNE,2025-02-16 05:00:00,2025-02-16 06:00:00,118.89
Montenegro,MNE,2025-02-16 06:00:00,2025-02-16 07:00:00,125.93
Montenegro,MNE,2025-02-16 07:00:00,2025-02-16 08:00:00,125.58
Montenegro,MNE,2025-02-16 08:00:00,2025-02-16 09:00:00,118.68
Montenegro,MNE,2025-02-16 09:00:00,2025-02-16 10:00:00,106.7
Montenegro,MNE,2025-02-16 10:00:00,2025-02-16 11:00:00,102.12
Montenegro,MNE,2025-02-16 11:00:00,2025-02-16 12:00:00,98.44
Montenegro,MNE,2025-02-16 12:00:00,2025-02-16 13:00:00,104.4
Montenegro,MNE,2025-02-16 13:00:00,2025-02-16 14:00:00,111.21
Montenegro,MNE,2025-02-16 14:00:00,2025-02-16 15:00:00,132.05
Montenegro,MNE,2025-02-16 15:00:00,2025-02-16 16:00:00,146.85
Montenegro,MNE,2025-02-16 16:00:00,2025-02-16 17:00:00,168.5
Montenegro,MNE,2025-02-16 17:00:00,2025-02-16 18:00:00,175.08
Montenegro,MNE,2025-02-16 18:00:00,2025-02-16 19:00:00,175.21
Montenegro,MNE,2025-02-16 19:00:00,2025-02-16 20:00:00,174.6
Montenegro,MNE,2025-02-16 20:00:00,2025-02-16 21:00:00,160.06
Montenegro,MNE,2025-02-16 21:00:00,2025-02-16 22:00:00,143.0
Montenegro,MNE,2025-02-16 22:00:00,2025-02-16 23:00:00,139.3
Montenegro,MNE,2025-02-16 23:00:00,2025-02-17 00:00:00,147.72
Montenegro,MNE,2025-02-17 00:00:00,2025-02-17 01:00:00,147.25
Montenegro,MNE,2025-02-17 01:00:00,2025-02-17 02:00:00,132.66
Montenegro,MNE,2025-02-17 02:00:00,2025-02-17 03:00:00,131.86
Montenegro,MNE,2025-02-17 03:00:00,2025-02-17 04:00:00,136.34
Montenegro,MNE,2025-02-17 04:00:00,2025-02-17 05:00:00,147.77
Montenegro,MNE,2025-02-17 05:00:00,2025-02-17 06:00:00,173.44
Montenegro,MNE,2025-02-17 06:00:00,2025-02-17 07:00:00,199.21
Montenegro,MNE,2025-02-17 07:00:00,2025-02-17 08:00:00,199.39
Montenegro,MNE,2025-02-17 08:00:00,2025-02-17 09:00:00,163.88
Montenegro,MNE,2025-02-17 09:00:00,2025-02-17 10:00:00,147.84
Montenegro,MNE,2025-02-17 10:00:00,2025-02-17 11:00:00,131.9
Montenegro,MNE,2025-02-17 11:00:00,2025-02-17 12:00:00,131.82
Montenegro,MNE,2025-02-17 12:00:00,2025-02-17 13:00:00,131.82
Montenegro,MNE,2025-02-17 13:00:00,2025-02-17 14:00:00,139.54
Montenegro,MNE,2025-02-17 14:00:00,2025-02-17 15:00:00,160.56
Montenegro,MNE,2025-02-17 15:00:00,2025-02-17 16:00:00,186.68
Montenegro,MNE,2025-02-17 16:00:00,2025-02-17 17:00:00,270.02
Montenegro,MNE,2025-02-17 17:00:00,2025-02-17 18:00:00,265.01
Montenegro,MNE,2025-02-17 18:00:00,2025-02-17 19:00:00,210.08
Montenegro,MNE,2025-02-17 19:00:00,2025-02-17 20:00:00,172.08
Montenegro,MNE,2025-02-17 20:00:00,2025-02-17 21:00:00,173.84
Montenegro,MNE,2025-02-17 21:00:00,2025-02-17 22:00:00,173.6
Montenegro,MNE,2025-02-17 22:00:00,2025-02-17 23:00:00,160.55
Montenegro,MNE,2025-02-17 23:00:00,2025-02-18 00:00:00,147.91
Montenegro,MNE,2025-02-18 00:00:00,2025-02-18 01:00:00,144.05
Montenegro,MNE,2025-02-18 01:00:00,2025-02-18 02:00:00,131.96
Montenegro,MNE,2025-02-18 02:00:00,2025-02-18 03:00:00,131.97
Montenegro,MNE,2025-02-18 03:00:00,2025-02-18 04:00:00,139.03
Montenegro,MNE,2025-02-18 04:00:00,2025-02-18 05:00:00,152.07
Montenegro,MNE,2025-02-18 05:00:00,2025-02-18 06:00:00,199.55
Montenegro,MNE,2025-02-18 06:00:00,2025-02-18 07:00:00,264.45
Montenegro,MNE,2025-02-18 07:00:00,2025-02-18 08:00:00,212.0
Montenegro,MNE,2025-02-18 08:00:00,2025-02-18 09:00:00,171.01
Montenegro,MNE,2025-02-18 09:00:00,2025-02-18 10:00:00,147.88
Montenegro,MNE,2025-02-18 10:00:00,2025-02-18 11:00:00,140.05
Montenegro,MNE,2025-02-18 11:00:00,2025-02-18 12:00:00,133.81
Montenegro,MNE,2025-02-18 12:00:00,2025-02-18 13:00:00,131.93
Montenegro,MNE,2025-02-18 13:00:00,2025-02-18 14:00:00,147.63
Montenegro,MNE,2025-02-18 14:00:00,2025-02-18 15:00:00,160.16
Montenegro,MNE,2025-02-18 15:00:00,2025-02-18 16:00:00,224.16
Montenegro,MNE,2025-02-18 16:00:00,2025-02-18 17:00:00,230.08
Montenegro,MNE,2025-02-18 17:00:00,2025-02-18 18:00:00,265.01
Montenegro,MNE,2025-02-18 18:00:00,2025-02-18 19:00:00,230.0
Montenegro,MNE,2025-02-18 19:00:00,2025-02-18 20:00:00,201.43
Montenegro,MNE,2025-02-18 20:00:00,2025-02-18 21:00:00,173.64
Montenegro,MNE,2025-02-18 21:00:00,2025-02-18 22:00:00,160.97
Montenegro,MNE,2025-02-18 22:00:00,2025-02-18 23:00:00,150.0
Montenegro,MNE,2025-02-18 23:00:00,2025-02-19 00:00:00,141.11
Montenegro,MNE,2025-02-19 00:00:00,2025-02-19 01:00:00,131.95
Montenegro,MNE,2025-02-19 01:00:00,2025-02-19 02:00:00,131.52
Montenegro,MNE,2025-02-19 02:00:00,2025-02-19 03:00:00,131.31
Montenegro,MNE,2025-02-19 03:00:00,2025-02-19 04:00:00,131.7
Montenegro,MNE,2025-02-19 04:00:00,2025-02-19 05:00:00,147.56
Montenegro,MNE,2025-02-19 05:00:00,2025-02-19 06:00:00,160.77
Montenegro,MNE,2025-02-19 06:00:00,2025-02-19 07:00:00,200.01
Montenegro,MNE,2025-02-19 07:00:00,2025-02-19 08:00:00,185.06
Montenegro,MNE,2025-02-19 08:00:00,2025-02-19 09:00:00,161.23
Montenegro,MNE,2025-02-19 09:00:00,2025-02-19 10:00:00,147.1
Montenegro,MNE,2025-02-19 10:00:00,2025-02-19 11:00:00,148.06
Montenegro,MNE,2025-02-19 11:00:00,2025-02-19 12:00:00,132.69
Montenegro,MNE,2025-02-19 12:00:00,2025-02-19 13:00:00,139.06
Montenegro,MNE,2025-02-19 13:00:00,2025-02-19 14:00:00,147.52
Montenegro,MNE,2025-02-19 14:00:00,2025-02-19 15:00:00,160.48
Montenegro,MNE,2025-02-19 15:00:00,2025-02-19 16:00:00,199.74
Montenegro,MNE,2025-02-19 16:00:00,2025-02-19 17:00:00,220.07
Montenegro,MNE,2025-02-19 17:00:00,2025-02-19 18:00:00,220.07
Montenegro,MNE,2025-02-19 18:00:00,2025-02-19 19:00:00,205.04
Montenegro,MNE,2025-02-19 19:00:00,2025-02-19 20:00:00,180.09
Montenegro,MNE,2025-02-19 20:00:00,2025-02-19 21:00:00,160.87
Montenegro,MNE,2025-02-19 21:00:00,2025-02-19 22:00:00,152.01
Montenegro,MNE,2025-02-19 22:00:00,2025-02-19 23:00:00,150.01
Montenegro,MNE,2025-02-19 23:00:00,2025-02-20 00:00:00,140.01
Montenegro,MNE,2025-02-20 00:00:00,2025-02-20 01:00:00,138.05
Montenegro,MNE,2025-02-20 01:00:00,2025-02-20 02:00:00,129.47
Montenegro,MNE,2025-02-20 02:00:00,2025-02-20 03:00:00,129.89
Montenegro,MNE,2025-02-20 03:00:00,2025-02-20 04:00:00,131.89
Montenegro,MNE,2025-02-20 04:00:00,2025-02-20 05:00:00,147.78
Montenegro,MNE,2025-02-20 05:00:00,2025-02-20 06:00:00,183.87
Montenegro,MNE,2025-02-20 06:00:00,2025-02-20 07:00:00,230.0
Montenegro,MNE,2025-02-20 07:00:00,2025-02-20 08:00:00,186.3
Montenegro,MNE,2025-02-20 08:00:00,2025-02-20 09:00:00,147.96
Montenegro,MNE,2025-02-20 09:00:00,2025-02-20 10:00:00,120.68
Montenegro,MNE,2025-02-20 10:00:00,2025-02-20 11:00:00,129.4
Montenegro,MNE,2025-02-20 11:00:00,2025-02-20 12:00:00,110.79
Montenegro,MNE,2025-02-20 12:00:00,2025-02-20 13:00:00,115.28
Montenegro,MNE,2025-02-20 13:00:00,2025-02-20 14:00:00,120.39
Montenegro,MNE,2025-02-20 14:00:00,2025-02-20 15:00:00,147.99
Montenegro,MNE,2025-02-20 15:00:00,2025-02-20 16:00:00,199.41
Montenegro,MNE,2025-02-20 16:00:00,2025-02-20 17:00:00,230.09
Montenegro,MNE,2025-02-20 17:00:00,2025-02-20 18:00:00,270.15
Montenegro,MNE,2025-02-20 18:00:00,2025-02-20 19:00:00,230.0
Montenegro,MNE,2025-02-20 19:00:00,2025-02-20 20:00:00,180.09
Montenegro,MNE,2025-02-20 20:00:00,2025-02-20 21:00:00,173.85
Montenegro,MNE,2025-02-20 21:00:00,2025-02-20 22:00:00,173.31
Montenegro,MNE,2025-02-20 22:00:00,2025-02-20 23:00:00,160.05
Montenegro,MNE,2025-02-20 23:00:00,2025-02-21 00:00:00,146.08
Montenegro,MNE,2025-02-21 00:00:00,2025-02-21 01:00:00,135.86
Montenegro,MNE,2025-02-21 01:00:00,2025-02-21 02:00:00,131.72
Montenegro,MNE,2025-02-21 02:00:00,2025-02-21 03:00:00,131.84
Montenegro,MNE,2025-02-21 03:00:00,2025-02-21 04:00:00,131.77
Montenegro,MNE,2025-02-21 04:00:00,2025-02-21 05:00:00,147.46
Montenegro,MNE,2025-02-21 05:00:00,2025-02-21 06:00:00,190.02
Montenegro,MNE,2025-02-21 06:00:00,2025-02-21 07:00:00,186.87
Montenegro,MNE,2025-02-21 07:00:00,2025-02-21 08:00:00,160.88
Montenegro,MNE,2025-02-21 08:00:00,2025-02-21 09:00:00,141.29
Montenegro,MNE,2025-02-21 09:00:00,2025-02-21 10:00:00,144.06
Montenegro,MNE,2025-02-21 10:00:00,2025-02-21 11:00:00,145.02
Montenegro,MNE,2025-02-21 11:00:00,2025-02-21 12:00:00,135.07
Montenegro,MNE,2025-02-21 12:00:00,2025-02-21 13:00:00,124.59
Montenegro,MNE,2025-02-21 13:00:00,2025-02-21 14:00:00,124.03
Montenegro,MNE,2025-02-21 14:00:00,2025-02-21 15:00:00,147.13
Montenegro,MNE,2025-02-21 15:00:00,2025-02-21 16:00:00,171.0
Montenegro,MNE,2025-02-21 16:00:00,2025-02-21 17:00:00,200.01
Montenegro,MNE,2025-02-21 17:00:00,2025-02-21 18:00:00,210.07
Montenegro,MNE,2025-02-21 18:00:00,2025-02-21 19:00:00,202.0
Montenegro,MNE,2025-02-21 19:00:00,2025-02-21 20:00:00,173.91
Montenegro,MNE,2025-02-21 20:00:00,2025-02-21 21:00:00,157.0
Montenegro,MNE,2025-02-21 21:00:00,2025-02-21 22:00:00,152.0
Montenegro,MNE,2025-02-21 22:00:00,2025-02-21 23:00:00,147.93
Montenegro,MNE,2025-02-21 23:00:00,2025-02-22 00:00:00,145.08
Montenegro,MNE,2025-02-22 00:00:00,2025-02-22 01:00:00,134.15
Montenegro,MNE,2025-02-22 01:00:00,2025-02-22 02:00:00,130.49
Montenegro,MNE,2025-02-22 02:00:00,2025-02-22 03:00:00,133.76
Montenegro,MNE,2025-02-22 03:00:00,2025-02-22 04:00:00,132.49
Montenegro,MNE,2025-02-22 04:00:00,2025-02-22 05:00:00,131.15
Montenegro,MNE,2025-02-22 05:00:00,2025-02-22 06:00:00,124.53
Montenegro,MNE,2025-02-22 06:00:00,2025-02-22 07:00:00,159.03
Montenegro,MNE,2025-02-22 07:00:00,2025-02-22 08:00:00,154.01
Montenegro,MNE,2025-02-22 08:00:00,2025-02-22 09:00:00,150.01
Montenegro,MNE,2025-02-22 09:00:00,2025-02-22 10:00:00,146.03
Montenegro,MNE,2025-02-22 10:00:00,2025-02-22 11:00:00,134.07
Montenegro,MNE,2025-02-22 11:00:00,2025-02-22 12:00:00,125.85
Montenegro,MNE,2025-02-22 12:00:00,2025-02-22 13:00:00,125.87
Montenegro,MNE,2025-02-22 13:00:00,2025-02-22 14:00:00,122.45
Montenegro,MNE,2025-02-22 14:00:00,2025-02-22 15:00:00,135.04
Montenegro,MNE,2025-02-22 15:00:00,2025-02-22 16:00:00,150.0
Montenegro,MNE,2025-02-22 16:00:00,2025-02-22 17:00:00,166.06
Montenegro,MNE,2025-02-22 17:00:00,2025-02-22 18:00:00,176.95
Montenegro,MNE,2025-02-22 18:00:00,2025-02-22 19:00:00,194.06
Montenegro,MNE,2025-02-22 19:00:00,2025-02-22 20:00:00,167.4
Montenegro,MNE,2025-02-22 20:00:00,2025-02-22 21:00:00,155.01
Montenegro,MNE,2025-02-22 21:00:00,2025-02-22 22:00:00,150.0
Montenegro,MNE,2025-02-22 22:00:00,2025-02-22 23:00:00,140.89
Montenegro,MNE,2025-02-22 23:00:00,2025-02-23 00:00:00,135.74
Montenegro,MNE,2025-02-23 00:00:00,2025-02-23 01:00:00,127.9
Montenegro,MNE,2025-02-23 01:00:00,2025-02-23 02:00:00,123.94
Montenegro,MNE,2025-02-23 02:00:00,2025-02-23 03:00:00,123.76
Montenegro,MNE,2025-02-23 03:00:00,2025-02-23 04:00:00,121.5
Montenegro,MNE,2025-02-23 04:00:00,2025-02-23 05:00:00,127.49
Montenegro,MNE,2025-02-23 05:00:00,2025-02-23 06:00:00,131.3
Montenegro,MNE,2025-02-23 06:00:00,2025-02-23 07:00:00,135.38
Montenegro,MNE,2025-02-23 07:00:00,2025-02-23 08:00:00,115.96
Montenegro,MNE,2025-02-23 08:00:00,2025-02-23 09:00:00,87.67
Montenegro,MNE,2025-02-23 09:00:00,2025-02-23 10:00:00,76.57
Montenegro,MNE,2025-02-23 10:00:00,2025-02-23 11:00:00,111.03
Montenegro,MNE,2025-02-23 11:00:00,2025-02-23 12:00:00,75.47
Montenegro,MNE,2025-02-23 12:00:00,2025-02-23 13:00:00,75.69
Montenegro,MNE,2025-02-23 13:00:00,2025-02-23 14:00:00,83.7
Montenegro,MNE,2025-02-23 14:00:00,2025-02-23 15:00:00,123.44
Montenegro,MNE,2025-02-23 15:00:00,2025-02-23 16:00:00,176.36
Montenegro,MNE,2025-02-23 16:00:00,2025-02-23 17:00:00,186.05
Montenegro,MNE,2025-02-23 17:00:00,2025-02-23 18:00:00,201.38
Montenegro,MNE,2025-02-23 18:00:00,2025-02-23 19:00:00,192.36
Montenegro,MNE,2025-02-23 19:00:00,2025-02-23 20:00:00,179.03
Montenegro,MNE,2025-02-23 20:00:00,2025-02-23 21:00:00,165.06
Montenegro,MNE,2025-02-23 21:00:00,2025-02-23 22:00:00,136.9
Montenegro,MNE,2025-02-23 22:00:00,2025-02-23 23:00:00,143.65
Montenegro,MNE,2025-02-23 23:00:00,2025-02-24 00:00:00,131.56
Montenegro,MNE,2025-02-24 00:00:00,2025-02-24 01:00:00,125.48
Montenegro,MNE,2025-02-24 01:00:00,2025-02-24 02:00:00,122.98
Montenegro,MNE,2025-02-24 02:00:00,2025-02-24 03:00:00,121.07
Montenegro,MNE,2025-02-24 03:00:00,2025-02-24 04:00:00,123.73
Montenegro,MNE,2025-02-24 04:00:00,2025-02-24 05:00:00,139.33
Montenegro,MNE,2025-02-24 05:00:00,2025-02-24 06:00:00,190.07
Montenegro,MNE,2025-02-24 06:00:00,2025-02-24 07:00:00,239.36
Montenegro,MNE,2025-02-24 07:00:00,2025-02-24 08:00:00,195.03
Montenegro,MNE,2025-02-24 08:00:00,2025-02-24 09:00:00,162.24
Montenegro,MNE,2025-02-24 09:00:00,2025-02-24 10:00:00,147.96
Montenegro,MNE,2025-02-24 10:00:00,2025-02-24 11:00:00,139.45
Montenegro,MNE,2025-02-24 11:00:00,2025-02-24 12:00:00,131.89
Montenegro,MNE,2025-02-24 12:00:00,2025-02-24 13:00:00,135.61
Montenegro,MNE,2025-02-24 13:00:00,2025-02-24 14:00:00,149.48
Montenegro,MNE,2025-02-24 14:00:00,2025-02-24 15:00:00,175.99
Montenegro,MNE,2025-02-24 15:00:00,2025-02-24 16:00:00,215.7
Montenegro,MNE,2025-02-24 16:00:00,2025-02-24 17:00:00,247.11
Montenegro,MNE,2025-02-24 17:00:00,2025-02-24 18:00:00,255.73
Montenegro,MNE,2025-02-24 18:00:00,2025-02-24 19:00:00,251.76
Montenegro,MNE,2025-02-24 19:00:00,2025-02-24 20:00:00,207.36
Montenegro,MNE,2025-02-24 20:00:00,2025-02-24 21:00:00,170.96
Montenegro,MNE,2025-02-24 21:00:00,2025-02-24 22:00:00,155.95
Montenegro,MNE,2025-02-24 22:00:00,2025-02-24 23:00:00,140.96
Montenegro,MNE,2025-02-24 23:00:00,2025-02-25 00:00:00,147.86
Montenegro,MNE,2025-02-25 00:00:00,2025-02-25 01:00:00,131.97
Montenegro,MNE,2025-02-25 01:00:00,2025-02-25 02:00:00,131.91
Montenegro,MNE,2025-02-25 02:00:00,2025-02-25 03:00:00,131.82
Montenegro,MNE,2025-02-25 03:00:00,2025-02-25 04:00:00,131.96
Montenegro,MNE,2025-02-25 04:00:00,2025-02-25 05:00:00,152.06
Montenegro,MNE,2025-02-25 05:00:00,2025-02-25 06:00:00,195.05
Montenegro,MNE,2025-02-25 06:00:00,2025-02-25 07:00:00,212.71
Montenegro,MNE,2025-02-25 07:00:00,2025-02-25 08:00:00,189.99
Montenegro,MNE,2025-02-25 08:00:00,2025-02-25 09:00:00,160.63
Montenegro,MNE,2025-02-25 09:00:00,2025-02-25 10:00:00,147.77
Montenegro,MNE,2025-02-25 10:00:00,2025-02-25 11:00:00,144.09
Montenegro,MNE,2025-02-25 11:00:00,2025-02-25 12:00:00,131.69
Montenegro,MNE,2025-02-25 12:00:00,2025-02-25 13:00:00,131.87
Montenegro,MNE,2025-02-25 13:00:00,2025-02-25 14:00:00,147.87
Montenegro,MNE,2025-02-25 14:00:00,2025-02-25 15:00:00,160.79
Montenegro,MNE,2025-02-25 15:00:00,2025-02-25 16:00:00,220.06
Montenegro,MNE,2025-02-25 16:00:00,2025-02-25 17:00:00,262.09
Montenegro,MNE,2025-02-25 17:00:00,2025-02-25 18:00:00,260.07
Montenegro,MNE,2025-02-25 18:00:00,2025-02-25 19:00:00,250.09
Montenegro,MNE,2025-02-25 19:00:00,2025-02-25 20:00:00,200.07
Montenegro,MNE,2025-02-25 20:00:00,2025-02-25 21:00:00,173.93
Montenegro,MNE,2025-02-25 21:00:00,2025-02-25 22:00:00,150.0
Montenegro,MNE,2025-02-25 22:00:00,2025-02-25 23:00:00,143.0
Montenegro,MNE,2025-02-25 23:00:00,2025-02-26 00:00:00,131.65
Montenegro,MNE,2025-02-26 00:00:00,2025-02-26 01:00:00,124.08
Montenegro,MNE,2025-02-26 01:00:00,2025-02-26 02:00:00,122.44
Montenegro,MNE,2025-02-26 02:00:00,2025-02-26 03:00:00,122.41
Montenegro,MNE,2025-02-26 03:00:00,2025-02-26 04:00:00,124.01
Montenegro,MNE,2025-02-26 04:00:00,2025-02-26 05:00:00,140.73
Montenegro,MNE,2025-02-26 05:00:00,2025-02-26 06:00:00,199.0
Montenegro,MNE,2025-02-26 06:00:00,2025-02-26 07:00:00,212.99
Montenegro,MNE,2025-02-26 07:00:00,2025-02-26 08:00:00,181.0
Montenegro,MNE,2025-02-26 08:00:00,2025-02-26 09:00:00,160.0
Montenegro,MNE,2025-02-26 09:00:00,2025-02-26 10:00:00,150.39
Montenegro,MNE,2025-02-26 10:00:00,2025-02-26 11:00:00,140.55
Montenegro,MNE,2025-02-26 11:00:00,2025-02-26 12:00:00,131.8
Montenegro,MNE,2025-02-26 12:00:00,2025-02-26 13:00:00,131.8
Montenegro,MNE,2025-02-26 13:00:00,2025-02-26 14:00:00,135.75
Montenegro,MNE,2025-02-26 14:00:00,2025-02-26 15:00:00,149.7
Montenegro,MNE,2025-02-26 15:00:00,2025-02-26 16:00:00,178.0
Montenegro,MNE,2025-02-26 16:00:00,2025-02-26 17:00:00,192.09
Montenegro,MNE,2025-02-26 17:00:00,2025-02-26 18:00:00,203.73
Montenegro,MNE,2025-02-26 18:00:00,2025-02-26 19:00:00,199.99
Montenegro,MNE,2025-02-26 19:00:00,2025-02-26 20:00:00,175.37
Montenegro,MNE,2025-02-26 20:00:00,2025-02-26 21:00:00,158.62
Montenegro,MNE,2025-02-26 21:00:00,2025-02-26 22:00:00,139.07
Montenegro,MNE,2025-02-26 22:00:00,2025-02-26 23:00:00,131.23
Montenegro,MNE,2025-02-26 23:00:00,2025-02-27 00:00:00,120.01
Montenegro,MNE,2025-02-27 00:00:00,2025-02-27 01:00:00,119.0
Montenegro,MNE,2025-02-27 01:00:00,2025-02-27 02:00:00,104.01
Montenegro,MNE,2025-02-27 02:00:00,2025-02-27 03:00:00,104.01
Montenegro,MNE,2025-02-27 03:00:00,2025-02-27 04:00:00,109.0
Montenegro,MNE,2025-02-27 04:00:00,2025-02-27 05:00:00,127.92
Montenegro,MNE,2025-02-27 05:00:00,2025-02-27 06:00:00,154.63
Montenegro,MNE,2025-02-27 06:00:00,2025-02-27 07:00:00,176.0
Montenegro,MNE,2025-02-27 07:00:00,2025-02-27 08:00:00,174.0
Montenegro,MNE,2025-02-27 08:00:00,2025-02-27 09:00:00,149.48
Montenegro,MNE,2025-02-27 09:00:00,2025-02-27 10:00:00,132.75
Montenegro,MNE,2025-02-27 10:00:00,2025-02-27 11:00:00,121.08
Montenegro,MNE,2025-02-27 11:00:00,2025-02-27 12:00:00,115.78
Montenegro,MNE,2025-02-27 12:00:00,2025-02-27 13:00:00,115.91
Montenegro,MNE,2025-02-27 13:00:00,2025-02-27 14:00:00,122.0
Montenegro,MNE,2025-02-27 14:00:00,2025-02-27 15:00:00,135.01
Montenegro,MNE,2025-02-27 15:00:00,2025-02-27 16:00:00,170.0
Montenegro,MNE,2025-02-27 16:00:00,2025-02-27 17:00:00,181.0
Montenegro,MNE,2025-02-27 17:00:00,2025-02-27 18:00:00,190.71
Montenegro,MNE,2025-02-27 18:00:00,2025-02-27 19:00:00,183.57
Montenegro,MNE,2025-02-27 19:00:00,2025-02-27 20:00:00,170.0
Montenegro,MNE,2025-02-27 20:00:00,2025-02-27 21:00:00,147.8
Montenegro,MNE,2025-02-27 21:00:00,2025-02-27 22:00:00,137.44
Montenegro,MNE,2025-02-27 22:00:00,2025-02-27 23:00:00,131.49
Montenegro,MNE,2025-02-27 23:00:00,2025-02-28 00:00:00,122.57
Montenegro,MNE,2025-02-28 00:00:00,2025-02-28 01:00:00,113.92
Montenegro,MNE,2025-02-28 01:00:00,2025-02-28 02:00:00,113.25
Montenegro,MNE,2025-02-28 02:00:00,2025-02-28 03:00:00,113.07
Montenegro,MNE,2025-02-28 03:00:00,2025-02-28 04:00:00,106.04
Montenegro,MNE,2025-02-28 04:00:00,2025-02-28 05:00:00,122.67
Montenegro,MNE,2025-02-28 05:00:00,2025-02-28 06:00:00,148.02
Montenegro,MNE,2025-02-28 06:00:00,2025-02-28 07:00:00,167.15
Montenegro,MNE,2025-02-28 07:00:00,2025-02-28 08:00:00,167.0
Montenegro,MNE,2025-02-28 08:00:00,2025-02-28 09:00:00,149.89
Montenegro,MNE,2025-02-28 09:00:00,2025-02-28 10:00:00,131.84
Montenegro,MNE,2025-02-28 10:00:00,2025-02-28 11:00:00,126.09
Montenegro,MNE,2025-02-28 11:00:00,2025-02-28 12:00:00,120.96
Montenegro,MNE,2025-02-28 12:00:00,2025-02-28 13:00:00,117.01
Montenegro,MNE,2025-02-28 13:00:00,2025-02-28 14:00:00,122.68
Montenegro,MNE,2025-02-28 14:00:00,2025-02-28 15:00:00,135.89
Montenegro,MNE,2025-02-28 15:00:00,2025-02-28 16:00:00,168.01
Montenegro,MNE,2025-02-28 16:00:00,2025-02-28 17:00:00,175.03
Montenegro,MNE,2025-02-28 17:00:00,2025-02-28 18:00:00,183.03
Montenegro,MNE,2025-02-28 18:00:00,2025-02-28 19:00:00,179.99
Montenegro,MNE,2025-02-28 19:00:00,2025-02-28 20:00:00,166.0
Montenegro,MNE,2025-02-28 20:00:00,2025-02-28 21:00:00,142.08
Montenegro,MNE,2025-02-28 21:00:00,2025-02-28 22:00:00,132.1
Montenegro,MNE,2025-02-28 22:00:00,2025-02-28 23:00:00,122.88
Montenegro,MNE,2025-02-28 23:00:00,2025-03-01 00:00:00,131.59
Montenegro,MNE,2025-03-01 00:00:00,2025-03-01 01:00:00,122.56
Montenegro,MNE,2025-03-01 01:00:00,2025-03-01 02:00:00,120.37
Montenegro,MNE,2025-03-01 02:00:00,2025-03-01 03:00:00,113.79
Montenegro,MNE,2025-03-01 03:00:00,2025-03-01 04:00:00,113.73
Montenegro,MNE,2025-03-01 04:00:00,2025-03-01 05:00:00,113.97
Montenegro,MNE,2025-03-01 05:00:00,2025-03-01 06:00:00,132.01
Montenegro,MNE,2025-03-01 06:00:00,2025-03-01 07:00:00,147.02
Montenegro,MNE,2025-03-01 07:00:00,2025-03-01 08:00:00,140.86
Montenegro,MNE,2025-03-01 08:00:00,2025-03-01 09:00:00,137.01
Montenegro,MNE,2025-03-01 09:00:00,2025-03-01 10:00:00,116.26
Montenegro,MNE,2025-03-01 10:00:00,2025-03-01 11:00:00,113.31
Montenegro,MNE,2025-03-01 11:00:00,2025-03-01 12:00:00,113.07
Montenegro,MNE,2025-03-01 12:00:00,2025-03-01 13:00:00,113.32
Montenegro,MNE,2025-03-01 13:00:00,2025-03-01 14:00:00,114.0
Montenegro,MNE,2025-03-01 14:00:00,2025-03-01 15:00:00,133.0
Montenegro,MNE,2025-03-01 15:00:00,2025-03-01 16:00:00,178.82
Montenegro,MNE,2025-03-01 16:00:00,2025-03-01 17:00:00,212.23
Montenegro,MNE,2025-03-01 17:00:00,2025-03-01 18:00:00,212.63
Montenegro,MNE,2025-03-01 18:00:00,2025-03-01 19:00:00,204.73
Montenegro,MNE,2025-03-01 19:00:00,2025-03-01 20:00:00,185.73
Montenegro,MNE,2025-03-01 20:00:00,2025-03-01 21:00:00,167.1
Montenegro,MNE,2025-03-01 21:00:00,2025-03-01 22:00:00,136.0
Montenegro,MNE,2025-03-01 22:00:00,2025-03-01 23:00:00,131.72
Montenegro,MNE,2025-03-01 23:00:00,2025-03-02 00:00:00,128.65
Montenegro,MNE,2025-03-02 00:00:00,2025-03-02 01:00:00,118.14
Montenegro,MNE,2025-03-02 01:00:00,2025-03-02 02:00:00,111.02
Montenegro,MNE,2025-03-02 02:00:00,2025-03-02 03:00:00,104.7
Montenegro,MNE,2025-03-02 03:00:00,2025-03-02 04:00:00,111.3
Montenegro,MNE,2025-03-02 04:00:00,2025-03-02 05:00:00,111.63
Montenegro,MNE,2025-03-02 05:00:00,2025-03-02 06:00:00,118.75
Montenegro,MNE,2025-03-02 06:00:00,2025-03-02 07:00:00,118.08
Montenegro,MNE,2025-03-02 07:00:00,2025-03-02 08:00:00,97.95
Montenegro,MNE,2025-03-02 08:00:00,2025-03-02 09:00:00,93.0
Montenegro,MNE,2025-03-02 09:00:00,2025-03-02 10:00:00,104.07
Montenegro,MNE,2025-03-02 10:00:00,2025-03-02 11:00:00,86.0
Montenegro,MNE,2025-03-02 11:00:00,2025-03-02 12:00:00,97.06
Montenegro,MNE,2025-03-02 12:00:00,2025-03-02 13:00:00,83.45
Montenegro,MNE,2025-03-02 13:00:00,2025-03-02 14:00:00,96.07
Montenegro,MNE,2025-03-02 14:00:00,2025-03-02 15:00:00,109.99
Montenegro,MNE,2025-03-02 15:00:00,2025-03-02 16:00:00,132.5
Montenegro,MNE,2025-03-02 16:00:00,2025-03-02 17:00:00,146.27
Montenegro,MNE,2025-03-02 17:00:00,2025-03-02 18:00:00,154.05
Montenegro,MNE,2025-03-02 18:00:00,2025-03-02 19:00:00,153.74
Montenegro,MNE,2025-03-02 19:00:00,2025-03-02 20:00:00,146.02
Montenegro,MNE,2025-03-02 20:00:00,2025-03-02 21:00:00,140.03
Montenegro,MNE,2025-03-02 21:00:00,2025-03-02 22:00:00,125.88
Montenegro,MNE,2025-03-02 22:00:00,2025-03-02 23:00:00,114.0
Montenegro,MNE,2025-03-02 23:00:00,2025-03-03 00:00:00,112.0
Montenegro,MNE,2025-03-03 00:00:00,2025-03-03 01:00:00,99.05
Montenegro,MNE,2025-03-03 01:00:00,2025-03-03 02:00:00,95.73
Montenegro,MNE,2025-03-03 02:00:00,2025-03-03 03:00:00,95.46
Montenegro,MNE,2025-03-03 03:00:00,2025-03-03 04:00:00,95.65
Montenegro,MNE,2025-03-03 04:00:00,2025-03-03 05:00:00,113.49
Montenegro,MNE,2025-03-03 05:00:00,2025-03-03 06:00:00,139.07
Montenegro,MNE,2025-03-03 06:00:00,2025-03-03 07:00:00,151.01
Montenegro,MNE,2025-03-03 07:00:00,2025-03-03 08:00:00,149.08
Montenegro,MNE,2025-03-03 08:00:00,2025-03-03 09:00:00,125.01
Montenegro,MNE,2025-03-03 09:00:00,2025-03-03 10:00:00,103.0
Montenegro,MNE,2025-03-03 10:00:00,2025-03-03 11:00:00,85.01
Montenegro,MNE,2025-03-03 11:00:00,2025-03-03 12:00:00,75.0
Montenegro,MNE,2025-03-03 12:00:00,2025-03-03 13:00:00,72.2
Montenegro,MNE,2025-03-03 13:00:00,2025-03-03 14:00:00,91.0
Montenegro,MNE,2025-03-03 14:00:00,2025-03-03 15:00:00,114.01
Montenegro,MNE,2025-03-03 15:00:00,2025-03-03 16:00:00,142.0
Montenegro,MNE,2025-03-03 16:00:00,2025-03-03 17:00:00,159.08
Montenegro,MNE,2025-03-03 17:00:00,2025-03-03 18:00:00,174.0
Montenegro,MNE,2025-03-03 18:00:00,2025-03-03 19:00:00,167.01
Montenegro,MNE,2025-03-03 19:00:00,2025-03-03 20:00:00,150.0
Montenegro,MNE,2025-03-03 20:00:00,2025-03-03 21:00:00,140.4
Montenegro,MNE,2025-03-03 21:00:00,2025-03-03 22:00:00,140.08
Montenegro,MNE,2025-03-03 22:00:00,2025-03-03 23:00:00,139.05
Montenegro,MNE,2025-03-03 23:00:00,2025-03-04 00:00:00,125.8
Montenegro,MNE,2025-03-04 00:00:00,2025-03-04 01:00:00,122.02
Montenegro,MNE,2025-03-04 01:00:00,2025-03-04 02:00:00,118.46
Montenegro,MNE,2025-03-04 02:00:00,2025-03-04 03:00:00,111.88
Montenegro,MNE,2025-03-04 03:00:00,2025-03-04 04:00:00,118.23
Montenegro,MNE,2025-03-04 04:00:00,2025-03-04 05:00:00,126.01
Montenegro,MNE,2025-03-04 05:00:00,2025-03-04 06:00:00,153.44
Montenegro,MNE,2025-03-04 06:00:00,2025-03-04 07:00:00,174.52
Montenegro,MNE,2025-03-04 07:00:00,2025-03-04 08:00:00,155.32
Montenegro,MNE,2025-03-04 08:00:00,2025-03-04 09:00:00,112.82
Montenegro,MNE,2025-03-04 09:00:00,2025-03-04 10:00:00,97.38
Montenegro,MNE,2025-03-04 10:00:00,2025-03-04 11:00:00,120.96
Montenegro,MNE,2025-03-04 11:00:00,2025-03-04 12:00:00,65.02
Montenegro,MNE,2025-03-04 12:00:00,2025-03-04 13:00:00,54.03
Montenegro,MNE,2025-03-04 13:00:00,2025-03-04 14:00:00,72.1
Montenegro,MNE,2025-03-04 14:00:00,2025-03-04 15:00:00,126.15
Montenegro,MNE,2025-03-04 15:00:00,2025-03-04 16:00:00,141.01
Montenegro,MNE,2025-03-04 16:00:00,2025-03-04 17:00:00,179.99
Montenegro,MNE,2025-03-04 17:00:00,2025-03-04 18:00:00,198.66
Montenegro,MNE,2025-03-04 18:00:00,2025-03-04 19:00:00,188.82
Montenegro,MNE,2025-03-04 19:00:00,2025-03-04 20:00:00,181.06
Montenegro,MNE,2025-03-04 20:00:00,2025-03-04 21:00:00,146.63
Montenegro,MNE,2025-03-04 21:00:00,2025-03-04 22:00:00,139.23
Montenegro,MNE,2025-03-04 22:00:00,2025-03-04 23:00:00,134.05
Montenegro,MNE,2025-03-04 23:00:00,2025-03-05 00:00:00,131.3
Montenegro,MNE,2025-03-05 00:00:00,2025-03-05 01:00:00,121.06
Montenegro,MNE,2025-03-05 01:00:00,2025-03-05 02:00:00,115.54
Montenegro,MNE,2025-03-05 02:00:00,2025-03-05 03:00:00,110.93
Montenegro,MNE,2025-03-05 03:00:00,2025-03-05 04:00:00,117.22
Montenegro,MNE,2025-03-05 04:00:00,2025-03-05 05:00:00,140.06
Montenegro,MNE,2025-03-05 05:00:00,2025-03-05 06:00:00,158.94
Montenegro,MNE,2025-03-05 06:00:00,2025-03-05 07:00:00,158.47
Montenegro,MNE,2025-03-05 07:00:00,2025-03-05 08:00:00,127.17
Montenegro,MNE,2025-03-05 08:00:00,2025-03-05 09:00:00,95.96
Montenegro,MNE,2025-03-05 09:00:00,2025-03-05 10:00:00,55.01
Montenegro,MNE,2025-03-05 10:00:00,2025-03-05 11:00:00,41.01
Montenegro,MNE,2025-03-05 11:00:00,2025-03-05 12:00:00,21.08
Montenegro,MNE,2025-03-05 12:00:00,2025-03-05 13:00:00,16.1
Montenegro,MNE,2025-03-05 13:00:00,2025-03-05 14:00:00,41.63
Montenegro,MNE,2025-03-05 14:00:00,2025-03-05 15:00:00,100.0
Montenegro,MNE,2025-03-05 15:00:00,2025-03-05 16:00:00,140.03
Montenegro,MNE,2025-03-05 16:00:00,2025-03-05 17:00:00,185.08
Montenegro,MNE,2025-03-05 17:00:00,2025-03-05 18:00:00,210.02
Montenegro,MNE,2025-03-05 18:00:00,2025-03-05 19:00:00,195.01
Montenegro,MNE,2025-03-05 19:00:00,2025-03-05 20:00:00,170.05
Montenegro,MNE,2025-03-05 20:00:00,2025-03-05 21:00:00,150.02
Montenegro,MNE,2025-03-05 21:00:00,2025-03-05 22:00:00,140.95
Montenegro,MNE,2025-03-05 22:00:00,2025-03-05 23:00:00,131.99
Montenegro,MNE,2025-03-05 23:00:00,2025-03-06 00:00:00,118.97
Montenegro,MNE,2025-03-06 00:00:00,2025-03-06 01:00:00,111.25
Montenegro,MNE,2025-03-06 01:00:00,2025-03-06 02:00:00,109.95
Montenegro,MNE,2025-03-06 02:00:00,2025-03-06 03:00:00,107.08
Montenegro,MNE,2025-03-06 03:00:00,2025-03-06 04:00:00,116.01
Montenegro,MNE,2025-03-06 04:00:00,2025-03-06 05:00:00,131.01
Montenegro,MNE,2025-03-06 05:00:00,2025-03-06 06:00:00,146.03
Montenegro,MNE,2025-03-06 06:00:00,2025-03-06 07:00:00,146.72
Montenegro,MNE,2025-03-06 07:00:00,2025-03-06 08:00:00,109.74
Montenegro,MNE,2025-03-06 08:00:00,2025-03-06 09:00:00,59.92
Montenegro,MNE,2025-03-06 09:00:00,2025-03-06 10:00:00,6.84
Montenegro,MNE,2025-03-06 10:00:00,2025-03-06 11:00:00,6.21
Montenegro,MNE,2025-03-06 11:00:00,2025-03-06 12:00:00,6.47
Montenegro,MNE,2025-03-06 12:00:00,2025-03-06 13:00:00,6.47
Montenegro,MNE,2025-03-06 13:00:00,2025-03-06 14:00:00,6.92
Montenegro,MNE,2025-03-06 14:00:00,2025-03-06 15:00:00,67.81
Montenegro,MNE,2025-03-06 15:00:00,2025-03-06 16:00:00,132.48
Montenegro,MNE,2025-03-06 16:00:00,2025-03-06 17:00:00,174.48
Montenegro,MNE,2025-03-06 17:00:00,2025-03-06 18:00:00,190.07
Montenegro,MNE,2025-03-06 18:00:00,2025-03-06 19:00:00,179.99
Montenegro,MNE,2025-03-06 19:00:00,2025-03-06 20:00:00,153.93
Montenegro,MNE,2025-03-06 20:00:00,2025-03-06 21:00:00,150.06
Montenegro,MNE,2025-03-06 21:00:00,2025-03-06 22:00:00,132.73
Montenegro,MNE,2025-03-06 22:00:00,2025-03-06 23:00:00,125.71
Montenegro,MNE,2025-03-06 23:00:00,2025-03-07 00:00:00,115.71
Montenegro,MNE,2025-03-07 00:00:00,2025-03-07 01:00:00,109.03
Montenegro,MNE,2025-03-07 01:00:00,2025-03-07 02:00:00,107.95
Montenegro,MNE,2025-03-07 02:00:00,2025-03-07 03:00:00,109.0
Montenegro,MNE,2025-03-07 03:00:00,2025-03-07 04:00:00,114.05
Montenegro,MNE,2025-03-07 04:00:00,2025-03-07 05:00:00,131.01
Montenegro,MNE,2025-03-07 05:00:00,2025-03-07 06:00:00,163.85
Montenegro,MNE,2025-03-07 06:00:00,2025-03-07 07:00:00,154.92
Montenegro,MNE,2025-03-07 07:00:00,2025-03-07 08:00:00,120.01
Montenegro,MNE,2025-03-07 08:00:00,2025-03-07 09:00:00,81.0
Montenegro,MNE,2025-03-07 09:00:00,2025-03-07 10:00:00,53.2
Montenegro,MNE,2025-03-07 10:00:00,2025-03-07 11:00:00,15.87
Montenegro,MNE,2025-03-07 11:00:00,2025-03-07 12:00:00,11.69
Montenegro,MNE,2025-03-07 12:00:00,2025-03-07 13:00:00,13.01
Montenegro,MNE,2025-03-07 13:00:00,2025-03-07 14:00:00,61.35
Montenegro,MNE,2025-03-07 14:00:00,2025-03-07 15:00:00,107.19
Montenegro,MNE,2025-03-07 15:00:00,2025-03-07 16:00:00,127.36
Montenegro,MNE,2025-03-07 16:00:00,2025-03-07 17:00:00,171.87
Montenegro,MNE,2025-03-07 17:00:00,2025-03-07 18:00:00,199.5
Montenegro,MNE,2025-03-07 18:00:00,2025-03-07 19:00:00,191.0
Montenegro,MNE,2025-03-07 19:00:00,2025-03-07 20:00:00,171.09
Montenegro,MNE,2025-03-07 20:00:00,2025-03-07 21:00:00,144.01
Montenegro,MNE,2025-03-07 21:00:00,2025-03-07 22:00:00,134.06
Montenegro,MNE,2025-03-07 22:00:00,2025-03-07 23:00:00,125.75
Montenegro,MNE,2025-03-07 23:00:00,2025-03-08 00:00:00,124.06
Montenegro,MNE,2025-03-08 00:00:00,2025-03-08 01:00:00,112.05
Montenegro,MNE,2025-03-08 01:00:00,2025-03-08 02:00:00,107.05
Montenegro,MNE,2025-03-08 02:00:00,2025-03-08 03:00:00,105.05
Montenegro,MNE,2025-03-08 03:00:00,2025-03-08 04:00:00,106.67
Montenegro,MNE,2025-03-08 04:00:00,2025-03-08 05:00:00,115.01
Montenegro,MNE,2025-03-08 05:00:00,2025-03-08 06:00:00,126.07
Montenegro,MNE,2025-03-08 06:00:00,2025-03-08 07:00:00,118.88
Montenegro,MNE,2025-03-08 07:00:00,2025-03-08 08:00:00,90.51
Montenegro,MNE,2025-03-08 08:00:00,2025-03-08 09:00:00,48.9
Montenegro,MNE,2025-03-08 09:00:00,2025-03-08 10:00:00,10.26
Montenegro,MNE,2025-03-08 10:00:00,2025-03-08 11:00:00,6.74
Montenegro,MNE,2025-03-08 11:00:00,2025-03-08 12:00:00,6.74
Montenegro,MNE,2025-03-08 12:00:00,2025-03-08 13:00:00,6.74
Montenegro,MNE,2025-03-08 13:00:00,2025-03-08 14:00:00,6.79
Montenegro,MNE,2025-03-08 14:00:00,2025-03-08 15:00:00,61.01
Montenegro,MNE,2025-03-08 15:00:00,2025-03-08 16:00:00,104.39
Montenegro,MNE,2025-03-08 16:00:00,2025-03-08 17:00:00,135.01
Montenegro,MNE,2025-03-08 17:00:00,2025-03-08 18:00:00,148.71
Montenegro,MNE,2025-03-08 18:00:00,2025-03-08 19:00:00,150.07
Montenegro,MNE,2025-03-08 19:00:00,2025-03-08 20:00:00,134.13
Montenegro,MNE,2025-03-08 20:00:00,2025-03-08 21:00:00,125.46
Montenegro,MNE,2025-03-08 21:00:00,2025-03-08 22:00:00,118.05
Montenegro,MNE,2025-03-08 22:00:00,2025-03-08 23:00:00,115.0
Montenegro,MNE,2025-03-08 23:00:00,2025-03-09 00:00:00,107.06
Montenegro,MNE,2025-03-09 00:00:00,2025-03-09 01:00:00,96.81
Montenegro,MNE,2025-03-09 01:00:00,2025-03-09 02:00:00,89.93
Montenegro,MNE,2025-03-09 02:00:00,2025-03-09 03:00:00,89.93
Montenegro,MNE,2025-03-09 03:00:00,2025-03-09 04:00:00,91.68
Montenegro,MNE,2025-03-09 04:00:00,2025-03-09 05:00:00,97.06
Montenegro,MNE,2025-03-09 05:00:00,2025-03-09 06:00:00,98.05
Montenegro,MNE,2025-03-09 06:00:00,2025-03-09 07:00:00,85.35
Montenegro,MNE,2025-03-09 07:00:00,2025-03-09 08:00:00,51.99
Montenegro,MNE,2025-03-09 08:00:00,2025-03-09 09:00:00,18.02
Montenegro,MNE,2025-03-09 09:00:00,2025-03-09 10:00:00,1.97
Montenegro,MNE,2025-03-09 10:00:00,2025-03-09 11:00:00,0.99
Montenegro,MNE,2025-03-09 11:00:00,2025-03-09 12:00:00,0.92
Montenegro,MNE,2025-03-09 12:00:00,2025-03-09 13:00:00,0.93
Montenegro,MNE,2025-03-09 13:00:00,2025-03-09 14:00:00,0.95
Montenegro,MNE,2025-03-09 14:00:00,2025-03-09 15:00:00,22.06
Montenegro,MNE,2025-03-09 15:00:00,2025-03-09 16:00:00,97.94
Montenegro,MNE,2025-03-09 16:00:00,2025-03-09 17:00:00,129.25
Montenegro,MNE,2025-03-09 17:00:00,2025-03-09 18:00:00,144.0
Montenegro,MNE,2025-03-09 18:00:00,2025-03-09 19:00:00,141.06
Montenegro,MNE,2025-03-09 19:00:00,2025-03-09 20:00:00,135.27
Montenegro,MNE,2025-03-09 20:00:00,2025-03-09 21:00:00,127.22
Montenegro,MNE,2025-03-09 21:00:00,2025-03-09 22:00:00,119.31
Montenegro,MNE,2025-03-09 22:00:00,2025-03-09 23:00:00,108.43
Montenegro,MNE,2025-03-09 23:00:00,2025-03-10 00:00:00,108.84
Montenegro,MNE,2025-03-10 00:00:00,2025-03-10 01:00:00,97.94
Montenegro,MNE,2025-03-10 01:00:00,2025-03-10 02:00:00,97.59
Montenegro,MNE,2025-03-10 02:00:00,2025-03-10 03:00:00,97.59
Montenegro,MNE,2025-03-10 03:00:00,2025-03-10 04:00:00,97.94
Montenegro,MNE,2025-03-10 04:00:00,2025-03-10 05:00:00,111.87
Montenegro,MNE,2025-03-10 05:00:00,2025-03-10 06:00:00,135.87
Montenegro,MNE,2025-03-10 06:00:00,2025-03-10 07:00:00,153.31
Montenegro,MNE,2025-03-10 07:00:00,2025-03-10 08:00:00,144.62
Montenegro,MNE,2025-03-10 08:00:00,2025-03-10 09:00:00,90.86
Montenegro,MNE,2025-03-10 09:00:00,2025-03-10 10:00:00,82.93
Montenegro,MNE,2025-03-10 10:00:00,2025-03-10 11:00:00,68.93
Montenegro,MNE,2025-03-10 11:00:00,2025-03-10 12:00:00,62.23
Montenegro,MNE,2025-03-10 12:00:00,2025-03-10 13:00:00,64.82
Montenegro,MNE,2025-03-10 13:00:00,2025-03-10 14:00:00,77.04
Montenegro,MNE,2025-03-10 14:00:00,2025-03-10 15:00:00,94.54
Montenegro,MNE,2025-03-10 15:00:00,2025-03-10 16:00:00,125.59
Montenegro,MNE,2025-03-10 16:00:00,2025-03-10 17:00:00,153.25
Montenegro,MNE,2025-03-10 17:00:00,2025-03-10 18:00:00,171.41
Montenegro,MNE,2025-03-10 18:00:00,2025-03-10 19:00:00,167.15
Montenegro,MNE,2025-03-10 19:00:00,2025-03-10 20:00:00,149.84
Montenegro,MNE,2025-03-10 20:00:00,2025-03-10 21:00:00,132.2
Montenegro,MNE,2025-03-10 21:00:00,2025-03-10 22:00:00,118.16
Montenegro,MNE,2025-03-10 22:00:00,2025-03-10 23:00:00,111.03
Montenegro,MNE,2025-03-10 23:00:00,2025-03-11 00:00:00,105.0
Montenegro,MNE,2025-03-11 00:00:00,2025-03-11 01:00:00,100.8
Montenegro,MNE,2025-03-11 01:00:00,2025-03-11 02:00:00,94.06
Montenegro,MNE,2025-03-11 02:00:00,2025-03-11 03:00:00,95.15
Montenegro,MNE,2025-03-11 03:00:00,2025-03-11 04:00:00,97.66
Montenegro,MNE,2025-03-11 04:00:00,2025-03-11 05:00:00,109.49
Montenegro,MNE,2025-03-11 05:00:00,2025-03-11 06:00:00,145.07
Montenegro,MNE,2025-03-11 06:00:00,2025-03-11 07:00:00,149.01
Montenegro,MNE,2025-03-11 07:00:00,2025-03-11 08:00:00,123.09
Montenegro,MNE,2025-03-11 08:00:00,2025-03-11 09:00:00,102.73
Montenegro,MNE,2025-03-11 09:00:00,2025-03-11 10:00:00,81.86
Montenegro,MNE,2025-03-11 10:00:00,2025-03-11 11:00:00,71.44
Montenegro,MNE,2025-03-11 11:00:00,2025-03-11 12:00:00,69.04
Montenegro,MNE,2025-03-11 12:00:00,2025-03-11 13:00:00,76.01
Montenegro,MNE,2025-03-11 13:00:00,2025-03-11 14:00:00,101.1
Montenegro,MNE,2025-03-11 14:00:00,2025-03-11 15:00:00,113.77
Montenegro,MNE,2025-03-11 15:00:00,2025-03-11 16:00:00,132.03
Montenegro,MNE,2025-03-11 16:00:00,2025-03-11 17:00:00,145.13
Montenegro,MNE,2025-03-11 17:00:00,2025-03-11 18:00:00,159.76
Montenegro,MNE,2025-03-11 18:00:00,2025-03-11 19:00:00,152.09
Montenegro,MNE,2025-03-11 19:00:00,2025-03-11 20:00:00,139.33
Montenegro,MNE,2025-03-11 20:00:00,2025-03-11 21:00:00,124.58
Montenegro,MNE,2025-03-11 21:00:00,2025-03-11 22:00:00,108.94
Montenegro,MNE,2025-03-11 22:00:00,2025-03-11 23:00:00,95.31
Montenegro,MNE,2025-03-11 23:00:00,2025-03-12 00:00:00,102.29
Montenegro,MNE,2025-03-12 00:00:00,2025-03-12 01:00:00,97.82
Montenegro,MNE,2025-03-12 01:00:00,2025-03-12 02:00:00,92.05
Montenegro,MNE,2025-03-12 02:00:00,2025-03-12 03:00:00,91.81
Montenegro,MNE,2025-03-12 03:00:00,2025-03-12 04:00:00,95.35
Montenegro,MNE,2025-03-12 04:00:00,2025-03-12 05:00:00,105.0
Montenegro,MNE,2025-03-12 05:00:00,2025-03-12 06:00:00,131.04
Montenegro,MNE,2025-03-12 06:00:00,2025-03-12 07:00:00,141.67
Montenegro,MNE,2025-03-12 07:00:00,2025-03-12 08:00:00,137.77
Montenegro,MNE,2025-03-12 08:00:00,2025-03-12 09:00:00,113.9
Montenegro,MNE,2025-03-12 09:00:00,2025-03-12 10:00:00,89.4
Montenegro,MNE,2025-03-12 10:00:00,2025-03-12 11:00:00,83.84
Montenegro,MNE,2025-03-12 11:00:00,2025-03-12 12:00:00,86.07
Montenegro,MNE,2025-03-12 12:00:00,2025-03-12 13:00:00,90.0
Montenegro,MNE,2025-03-12 13:00:00,2025-03-12 14:00:00,99.05
Montenegro,MNE,2025-03-12 14:00:00,2025-03-12 15:00:00,111.08
Montenegro,MNE,2025-03-12 15:00:00,2025-03-12 16:00:00,135.2
Montenegro,MNE,2025-03-12 16:00:00,2025-03-12 17:00:00,147.01
Montenegro,MNE,2025-03-12 17:00:00,2025-03-12 18:00:00,150.0
Montenegro,MNE,2025-03-12 18:00:00,2025-03-12 19:00:00,157.01
Montenegro,MNE,2025-03-12 19:00:00,2025-03-12 20:00:00,142.03
Montenegro,MNE,2025-03-12 20:00:00,2025-03-12 21:00:00,127.01
Montenegro,MNE,2025-03-12 21:00:00,2025-03-12 22:00:00,114.48
Montenegro,MNE,2025-03-12 22:00:00,2025-03-12 23:00:00,104.33
Montenegro,MNE,2025-03-12 23:00:00,2025-03-13 00:00:00,106.0
Montenegro,MNE,2025-03-13 00:00:00,2025-03-13 01:00:00,94.32
Montenegro,MNE,2025-03-13 01:00:00,2025-03-13 02:00:00,92.03
Montenegro,MNE,2025-03-13 02:00:00,2025-03-13 03:00:00,91.31
Montenegro,MNE,2025-03-13 03:00:00,2025-03-13 04:00:00,92.71
Montenegro,MNE,2025-03-13 04:00:00,2025-03-13 05:00:00,98.02
Montenegro,MNE,2025-03-13 05:00:00,2025-03-13 06:00:00,124.95
Montenegro,MNE,2025-03-13 06:00:00,2025-03-13 07:00:00,135.24
Montenegro,MNE,2025-03-13 07:00:00,2025-03-13 08:00:00,119.6
Montenegro,MNE,2025-03-13 08:00:00,2025-03-13 09:00:00,109.01
Montenegro,MNE,2025-03-13 09:00:00,2025-03-13 10:00:00,81.0
Montenegro,MNE,2025-03-13 10:00:00,2025-03-13 11:00:00,69.53
Montenegro,MNE,2025-03-13 11:00:00,2025-03-13 12:00:00,68.01
Montenegro,MNE,2025-03-13 12:00:00,2025-03-13 13:00:00,69.7
Montenegro,MNE,2025-03-13 13:00:00,2025-03-13 14:00:00,82.15
Montenegro,MNE,2025-03-13 14:00:00,2025-03-13 15:00:00,101.62
Montenegro,MNE,2025-03-13 15:00:00,2025-03-13 16:00:00,121.36
Montenegro,MNE,2025-03-13 16:00:00,2025-03-13 17:00:00,137.52
Montenegro,MNE,2025-03-13 17:00:00,2025-03-13 18:00:00,143.01
Montenegro,MNE,2025-03-13 18:00:00,2025-03-13 19:00:00,146.78
Montenegro,MNE,2025-03-13 19:00:00,2025-03-13 20:00:00,139.64
Montenegro,MNE,2025-03-13 20:00:00,2025-03-13 21:00:00,124.06
Montenegro,MNE,2025-03-13 21:00:00,2025-03-13 22:00:00,111.04
Montenegro,MNE,2025-03-13 22:00:00,2025-03-13 23:00:00,107.47
Montenegro,MNE,2025-03-13 23:00:00,2025-03-14 00:00:00,103.65
Montenegro,MNE,2025-03-14 00:00:00,2025-03-14 01:00:00,99.24
Montenegro,MNE,2025-03-14 01:00:00,2025-03-14 02:00:00,96.0
Montenegro,MNE,2025-03-14 02:00:00,2025-03-14 03:00:00,95.31
Montenegro,MNE,2025-03-14 03:00:00,2025-03-14 04:00:00,96.08
Montenegro,MNE,2025-03-14 04:00:00,2025-03-14 05:00:00,103.45
Montenegro,MNE,2025-03-14 05:00:00,2025-03-14 06:00:00,129.35
Montenegro,MNE,2025-03-14 06:00:00,2025-03-14 07:00:00,142.88
Montenegro,MNE,2025-03-14 07:00:00,2025-03-14 08:00:00,137.19
Montenegro,MNE,2025-03-14 08:00:00,2025-03-14 09:00:00,113.69
Montenegro,MNE,2025-03-14 09:00:00,2025-03-14 10:00:00,95.22
Montenegro,MNE,2025-03-14 10:00:00,2025-03-14 11:00:00,80.8
Montenegro,MNE,2025-03-14 11:00:00,2025-03-14 12:00:00,71.03
Montenegro,MNE,2025-03-14 12:00:00,2025-03-14 13:00:00,69.09
Montenegro,MNE,2025-03-14 13:00:00,2025-03-14 14:00:00,85.66
Montenegro,MNE,2025-03-14 14:00:00,2025-03-14 15:00:00,107.16
Montenegro,MNE,2025-03-14 15:00:00,2025-03-14 16:00:00,125.01
Montenegro,MNE,2025-03-14 16:00:00,2025-03-14 17:00:00,137.75
Montenegro,MNE,2025-03-14 17:00:00,2025-03-14 18:00:00,148.22
Montenegro,MNE,2025-03-14 18:00:00,2025-03-14 19:00:00,155.34
Montenegro,MNE,2025-03-14 19:00:00,2025-03-14 20:00:00,137.64
Montenegro,MNE,2025-03-14 20:00:00,2025-03-14 21:00:00,125.0
Montenegro,MNE,2025-03-14 21:00:00,2025-03-14 22:00:00,111.0
Montenegro,MNE,2025-03-14 22:00:00,2025-03-14 23:00:00,101.09
Montenegro,MNE,2025-03-14 23:00:00,2025-03-15 00:00:00,103.71
Montenegro,MNE,2025-03-15 00:00:00,2025-03-15 01:00:00,100.01
Montenegro,MNE,2025-03-15 01:00:00,2025-03-15 02:00:00,95.24
Montenegro,MNE,2025-03-15 02:00:00,2025-03-15 03:00:00,91.54
Montenegro,MNE,2025-03-15 03:00:00,2025-03-15 04:00:00,91.9
Montenegro,MNE,2025-03-15 04:00:00,2025-03-15 05:00:00,97.47
Montenegro,MNE,2025-03-15 05:00:00,2025-03-15 06:00:00,97.38
Montenegro,MNE,2025-03-15 06:00:00,2025-03-15 07:00:00,101.16
Montenegro,MNE,2025-03-15 07:00:00,2025-03-15 08:00:00,71.21
Montenegro,MNE,2025-03-15 08:00:00,2025-03-15 09:00:00,61.03
Montenegro,MNE,2025-03-15 09:00:00,2025-03-15 10:00:00,41.0
Montenegro,MNE,2025-03-15 10:00:00,2025-03-15 11:00:00,25.08
Montenegro,MNE,2025-03-15 11:00:00,2025-03-15 12:00:00,25.07
Montenegro,MNE,2025-03-15 12:00:00,2025-03-15 13:00:00,25.52
Montenegro,MNE,2025-03-15 13:00:00,2025-03-15 14:00:00,39.01
Montenegro,MNE,2025-03-15 14:00:00,2025-03-15 15:00:00,73.77
Montenegro,MNE,2025-03-15 15:00:00,2025-03-15 16:00:00,105.36
Montenegro,MNE,2025-03-15 16:00:00,2025-03-15 17:00:00,119.81
Montenegro,MNE,2025-03-15 17:00:00,2025-03-15 18:00:00,133.93
Montenegro,MNE,2025-03-15 18:00:00,2025-03-15 19:00:00,130.01
Montenegro,MNE,2025-03-15 19:00:00,2025-03-15 20:00:00,119.37
Montenegro,MNE,2025-03-15 20:00:00,2025-03-15 21:00:00,107.82
Montenegro,MNE,2025-03-15 21:00:00,2025-03-15 22:00:00,96.06
Montenegro,MNE,2025-03-15 22:00:00,2025-03-15 23:00:00,104.0
Montenegro,MNE,2025-03-15 23:00:00,2025-03-16 00:00:00,85.4
Montenegro,MNE,2025-03-16 00:00:00,2025-03-16 01:00:00,83.68
Montenegro,MNE,2025-03-16 01:00:00,2025-03-16 02:00:00,75.72
Montenegro,MNE,2025-03-16 02:00:00,2025-03-16 03:00:00,71.92
Montenegro,MNE,2025-03-16 03:00:00,2025-03-16 04:00:00,71.92
Montenegro,MNE,2025-03-16 04:00:00,2025-03-16 05:00:00,75.31
Montenegro,MNE,2025-03-16 05:00:00,2025-03-16 06:00:00,77.72
Montenegro,MNE,2025-03-16 06:00:00,2025-03-16 07:00:00,59.88
Montenegro,MNE,2025-03-16 07:00:00,2025-03-16 08:00:00,7.58
Montenegro,MNE,2025-03-16 08:00:00,2025-03-16 09:00:00,2.01
Montenegro,MNE,2025-03-16 09:00:00,2025-03-16 10:00:00,1.72
Montenegro,MNE,2025-03-16 10:00:00,2025-03-16 11:00:00,1.35
Montenegro,MNE,2025-03-16 11:00:00,2025-03-16 12:00:00,1.26
Montenegro,MNE,2025-03-16 12:00:00,2025-03-16 13:00:00,1.33
Montenegro,MNE,2025-03-16 13:00:00,2025-03-16 14:00:00,3.24
Montenegro,MNE,2025-03-16 14:00:00,2025-03-16 15:00:00,32.06
Montenegro,MNE,2025-03-16 15:00:00,2025-03-16 16:00:00,57.75
Montenegro,MNE,2025-03-16 16:00:00,2025-03-16 17:00:00,117.01
Montenegro,MNE,2025-03-16 17:00:00,2025-03-16 18:00:00,131.6
Montenegro,MNE,2025-03-16 18:00:00,2025-03-16 19:00:00,129.39
Montenegro,MNE,2025-03-16 19:00:00,2025-03-16 20:00:00,119.05
Montenegro,MNE,2025-03-16 20:00:00,2025-03-16 21:00:00,107.0
Montenegro,MNE,2025-03-16 21:00:00,2025-03-16 22:00:00,102.0
Montenegro,MNE,2025-03-16 22:00:00,2025-03-16 23:00:00,99.55
Montenegro,MNE,2025-03-16 23:00:00,2025-03-17 00:00:00,83.89
Montenegro,MNE,2025-03-17 00:00:00,2025-03-17 01:00:00,80.01
Montenegro,MNE,2025-03-17 01:00:00,2025-03-17 02:00:00,77.53
Montenegro,MNE,2025-03-17 02:00:00,2025-03-17 03:00:00,80.0
Montenegro,MNE,2025-03-17 03:00:00,2025-03-17 04:00:00,83.65
Montenegro,MNE,2025-03-17 04:00:00,2025-03-17 05:00:00,95.01
Montenegro,MNE,2025-03-17 05:00:00,2025-03-17 06:00:00,119.56
Montenegro,MNE,2025-03-17 06:00:00,2025-03-17 07:00:00,133.02
Montenegro,MNE,2025-03-17 07:00:00,2025-03-17 08:00:00,121.26
Montenegro,MNE,2025-03-17 08:00:00,2025-03-17 09:00:00,99.4
Montenegro,MNE,2025-03-17 09:00:00,2025-03-17 10:00:00,67.91
Montenegro,MNE,2025-03-17 10:00:00,2025-03-17 11:00:00,50.09
Montenegro,MNE,2025-03-17 11:00:00,2025-03-17 12:00:00,40.02
Montenegro,MNE,2025-03-17 12:00:00,2025-03-17 13:00:00,38.26
Montenegro,MNE,2025-03-17 13:00:00,2025-03-17 14:00:00,49.02
Montenegro,MNE,2025-03-17 14:00:00,2025-03-17 15:00:00,69.85
Montenegro,MNE,2025-03-17 15:00:00,2025-03-17 16:00:00,107.46
Montenegro,MNE,2025-03-17 16:00:00,2025-03-17 17:00:00,137.71
Montenegro,MNE,2025-03-17 17:00:00,2025-03-17 18:00:00,158.08
Montenegro,MNE,2025-03-17 18:00:00,2025-03-17 19:00:00,151.71
Montenegro,MNE,2025-03-17 19:00:00,2025-03-17 20:00:00,135.14
Montenegro,MNE,2025-03-17 20:00:00,2025-03-17 21:00:00,118.01
Montenegro,MNE,2025-03-17 21:00:00,2025-03-17 22:00:00,108.03
Montenegro,MNE,2025-03-17 22:00:00,2025-03-17 23:00:00,95.75
Montenegro,MNE,2025-03-17 23:00:00,2025-03-18 00:00:00,93.58
Montenegro,MNE,2025-03-18 00:00:00,2025-03-18 01:00:00,90.82
Montenegro,MNE,2025-03-18 01:00:00,2025-03-18 02:00:00,90.07
Montenegro,MNE,2025-03-18 02:00:00,2025-03-18 03:00:00,90.06
Montenegro,MNE,2025-03-18 03:00:00,2025-03-18 04:00:00,94.36
Montenegro,MNE,2025-03-18 04:00:00,2025-03-18 05:00:00,104.65
Montenegro,MNE,2025-03-18 05:00:00,2025-03-18 06:00:00,130.1
Montenegro,MNE,2025-03-18 06:00:00,2025-03-18 07:00:00,139.03
Montenegro,MNE,2025-03-18 07:00:00,2025-03-18 08:00:00,111.65
Montenegro,MNE,2025-03-18 08:00:00,2025-03-18 09:00:00,80.03
Montenegro,MNE,2025-03-18 09:00:00,2025-03-18 10:00:00,52.09
Montenegro,MNE,2025-03-18 10:00:00,2025-03-18 11:00:00,41.41
Montenegro,MNE,2025-03-18 11:00:00,2025-03-18 12:00:00,34.4
Montenegro,MNE,2025-03-18 12:00:00,2025-03-18 13:00:00,34.12
Montenegro,MNE,2025-03-18 13:00:00,2025-03-18 14:00:00,48.15
Montenegro,MNE,2025-03-18 14:00:00,2025-03-18 15:00:00,79.07
Montenegro,MNE,2025-03-18 15:00:00,2025-03-18 16:00:00,118.07
Montenegro,MNE,2025-03-18 16:00:00,2025-03-18 17:00:00,139.54
Montenegro,MNE,2025-03-18 17:00:00,2025-03-18 18:00:00,158.2
Montenegro,MNE,2025-03-18 18:00:00,2025-03-18 19:00:00,156.01
Montenegro,MNE,2025-03-18 19:00:00,2025-03-18 20:00:00,145.02
Montenegro,MNE,2025-03-18 20:00:00,2025-03-18 21:00:00,127.1
Montenegro,MNE,2025-03-18 21:00:00,2025-03-18 22:00:00,114.05
Montenegro,MNE,2025-03-18 22:00:00,2025-03-18 23:00:00,104.3
Montenegro,MNE,2025-03-18 23:00:00,2025-03-19 00:00:00,95.78
Montenegro,MNE,2025-03-19 00:00:00,2025-03-19 01:00:00,91.02
Montenegro,MNE,2025-03-19 01:00:00,2025-03-19 02:00:00,90.01
Montenegro,MNE,2025-03-19 02:00:00,2025-03-19 03:00:00,88.18
Montenegro,MNE,2025-03-19 03:00:00,2025-03-19 04:00:00,98.08
Montenegro,MNE,2025-03-19 04:00:00,2025-03-19 05:00:00,108.02
Montenegro,MNE,2025-03-19 05:00:00,2025-03-19 06:00:00,135.39
Montenegro,MNE,2025-03-19 06:00:00,2025-03-19 07:00:00,136.94
Montenegro,MNE,2025-03-19 07:00:00,2025-03-19 08:00:00,76.1
Montenegro,MNE,2025-03-19 08:00:00,2025-03-19 09:00:00,51.89
Montenegro,MNE,2025-03-19 09:00:00,2025-03-19 10:00:00,36.66
Montenegro,MNE,2025-03-19 10:00:00,2025-03-19 11:00:00,8.05
Montenegro,MNE,2025-03-19 11:00:00,2025-03-19 12:00:00,3.95
Montenegro,MNE,2025-03-19 12:00:00,2025-03-19 13:00:00,3.88
Montenegro,MNE,2025-03-19 13:00:00,2025-03-19 14:00:00,19.6
Montenegro,MNE,2025-03-19 14:00:00,2025-03-19 15:00:00,71.98
Montenegro,MNE,2025-03-19 15:00:00,2025-03-19 16:00:00,107.66
Montenegro,MNE,2025-03-19 16:00:00,2025-03-19 17:00:00,143.05
Montenegro,MNE,2025-03-19 17:00:00,2025-03-19 18:00:00,163.0
Montenegro,MNE,2025-03-19 18:00:00,2025-03-19 19:00:00,171.39
Montenegro,MNE,2025-03-19 19:00:00,2025-03-19 20:00:00,148.04
Montenegro,MNE,2025-03-19 20:00:00,2025-03-19 21:00:00,131.03
Montenegro,MNE,2025-03-19 21:00:00,2025-03-19 22:00:00,123.42
Montenegro,MNE,2025-03-19 22:00:00,2025-03-19 23:00:00,115.11
Montenegro,MNE,2025-03-19 23:00:00,2025-03-20 00:00:00,115.01
Montenegro,MNE,2025-03-20 00:00:00,2025-03-20 01:00:00,107.33
Montenegro,MNE,2025-03-20 01:00:00,2025-03-20 02:00:00,103.66
Montenegro,MNE,2025-03-20 02:00:00,2025-03-20 03:00:00,103.44
Montenegro,MNE,2025-03-20 03:00:00,2025-03-20 04:00:00,107.9
Montenegro,MNE,2025-03-20 04:00:00,2025-03-20 05:00:00,123.53
Montenegro,MNE,2025-03-20 05:00:00,2025-03-20 06:00:00,143.23
Montenegro,MNE,2025-03-20 06:00:00,2025-03-20 07:00:00,139.18
Montenegro,MNE,2025-03-20 07:00:00,2025-03-20 08:00:00,79.68
Montenegro,MNE,2025-03-20 08:00:00,2025-03-20 09:00:00,35.72
Montenegro,MNE,2025-03-20 09:00:00,2025-03-20 10:00:00,11.79
Montenegro,MNE,2025-03-20 10:00:00,2025-03-20 11:00:00,3.87
Montenegro,MNE,2025-03-20 11:00:00,2025-03-20 12:00:00,3.82
Montenegro,MNE,2025-03-20 12:00:00,2025-03-20 13:00:00,3.74
Montenegro,MNE,2025-03-20 13:00:00,2025-03-20 14:00:00,8.01
Montenegro,MNE,2025-03-20 14:00:00,2025-03-20 15:00:00,68.01
Montenegro,MNE,2025-03-20 15:00:00,2025-03-20 16:00:00,120.01
Montenegro,MNE,2025-03-20 16:00:00,2025-03-20 17:00:00,170.08
Montenegro,MNE,2025-03-20 17:00:00,2025-03-20 18:00:00,159.72
Montenegro,MNE,2025-03-20 18:00:00,2025-03-20 19:00:00,167.55
Montenegro,MNE,2025-03-20 19:00:00,2025-03-20 20:00:00,170.02
Montenegro,MNE,2025-03-20 20:00:00,2025-03-20 21:00:00,135.8
Montenegro,MNE,2025-03-20 21:00:00,2025-03-20 22:00:00,136.01
Montenegro,MNE,2025-03-20 22:00:00,2025-03-20 23:00:00,119.38
Montenegro,MNE,2025-03-20 23:00:00,2025-03-21 00:00:00,123.5
Montenegro,MNE,2025-03-21 00:00:00,2025-03-21 01:00:00,113.7
Montenegro,MNE,2025-03-21 01:00:00,2025-03-21 02:00:00,109.01
Montenegro,MNE,2025-03-21 02:00:00,2025-03-21 03:00:00,107.66
Montenegro,MNE,2025-03-21 03:00:00,2025-03-21 04:00:00,111.31
Montenegro,MNE,2025-03-21 04:00:00,2025-03-21 05:00:00,123.55
Montenegro,MNE,2025-03-21 05:00:00,2025-03-21 06:00:00,140.03
Montenegro,MNE,2025-03-21 06:00:00,2025-03-21 07:00:00,131.74
Montenegro,MNE,2025-03-21 07:00:00,2025-03-21 08:00:00,85.06
Montenegro,MNE,2025-03-21 08:00:00,2025-03-21 09:00:00,47.59
Montenegro,MNE,2025-03-21 09:00:00,2025-03-21 10:00:00,11.78
Montenegro,MNE,2025-03-21 10:00:00,2025-03-21 11:00:00,3.23
Montenegro,MNE,2025-03-21 11:00:00,2025-03-21 12:00:00,3.04
Montenegro,MNE,2025-03-21 12:00:00,2025-03-21 13:00:00,3.0
Montenegro,MNE,2025-03-21 13:00:00,2025-03-21 14:00:00,3.3
Montenegro,MNE,2025-03-21 14:00:00,2025-03-21 15:00:00,50.45
Montenegro,MNE,2025-03-21 15:00:00,2025-03-21 16:00:00,107.67
Montenegro,MNE,2025-03-21 16:00:00,2025-03-21 17:00:00,130.0
Montenegro,MNE,2025-03-21 17:00:00,2025-03-21 18:00:00,145.74
Montenegro,MNE,2025-03-21 18:00:00,2025-03-21 19:00:00,147.85
Montenegro,MNE,2025-03-21 19:00:00,2025-03-21 20:00:00,137.42
Montenegro,MNE,2025-03-21 20:00:00,2025-03-21 21:00:00,131.92
Montenegro,MNE,2025-03-21 21:00:00,2025-03-21 22:00:00,120.73
Montenegro,MNE,2025-03-21 22:00:00,2025-03-21 23:00:00,111.68
Montenegro,MNE,2025-03-21 23:00:00,2025-03-22 00:00:00,91.85
Montenegro,MNE,2025-03-22 00:00:00,2025-03-22 01:00:00,83.72
Montenegro,MNE,2025-03-22 01:00:00,2025-03-22 02:00:00,75.61
Montenegro,MNE,2025-03-22 02:00:00,2025-03-22 03:00:00,73.13
Montenegro,MNE,2025-03-22 03:00:00,2025-03-22 04:00:00,77.55
Montenegro,MNE,2025-03-22 04:00:00,2025-03-22 05:00:00,83.56
Montenegro,MNE,2025-03-22 05:00:00,2025-03-22 06:00:00,85.47
Montenegro,MNE,2025-03-22 06:00:00,2025-03-22 07:00:00,60.6
Montenegro,MNE,2025-03-22 07:00:00,2025-03-22 08:00:00,31.09
Montenegro,MNE,2025-03-22 08:00:00,2025-03-22 09:00:00,11.22
Montenegro,MNE,2025-03-22 09:00:00,2025-03-22 10:00:00,1.71
Montenegro,MNE,2025-03-22 10:00:00,2025-03-22 11:00:00,1.71
Montenegro,MNE,2025-03-22 11:00:00,2025-03-22 12:00:00,1.78
Montenegro,MNE,2025-03-22 12:00:00,2025-03-22 13:00:00,1.77
Montenegro,MNE,2025-03-22 13:00:00,2025-03-22 14:00:00,2.94
Montenegro,MNE,2025-03-22 14:00:00,2025-03-22 15:00:00,55.01
Montenegro,MNE,2025-03-22 15:00:00,2025-03-22 16:00:00,89.31
Montenegro,MNE,2025-03-22 16:00:00,2025-03-22 17:00:00,114.57
Montenegro,MNE,2025-03-22 17:00:00,2025-03-22 18:00:00,127.45
Montenegro,MNE,2025-03-22 18:00:00,2025-03-22 19:00:00,125.92
Montenegro,MNE,2025-03-22 19:00:00,2025-03-22 20:00:00,120.0
Montenegro,MNE,2025-03-22 20:00:00,2025-03-22 21:00:00,100.0
Montenegro,MNE,2025-03-22 21:00:00,2025-03-22 22:00:00,89.45
Montenegro,MNE,2025-03-22 22:00:00,2025-03-22 23:00:00,61.9
Montenegro,MNE,2025-03-22 23:00:00,2025-03-23 00:00:00,69.05
Montenegro,MNE,2025-03-23 00:00:00,2025-03-23 01:00:00,56.55
Montenegro,MNE,2025-03-23 01:00:00,2025-03-23 02:00:00,48.58
Montenegro,MNE,2025-03-23 02:00:00,2025-03-23 03:00:00,46.53
Montenegro,MNE,2025-03-23 03:00:00,2025-03-23 04:00:00,50.03
Montenegro,MNE,2025-03-23 04:00:00,2025-03-23 05:00:00,47.18
Montenegro,MNE,2025-03-23 05:00:00,2025-03-23 06:00:00,43.57
Montenegro,MNE,2025-03-23 06:00:00,2025-03-23 07:00:00,37.4
Montenegro,MNE,2025-03-23 07:00:00,2025-03-23 08:00:00,29.03
Montenegro,MNE,2025-03-23 08:00:00,2025-03-23 09:00:00,19.98
Montenegro,MNE,2025-03-23 09:00:00,2025-03-23 10:00:00,3.47
Montenegro,MNE,2025-03-23 10:00:00,2025-03-23 11:00:00,1.46
Montenegro,MNE,2025-03-23 11:00:00,2025-03-23 12:00:00,1.43
Montenegro,MNE,2025-03-23 12:00:00,2025-03-23 13:00:00,1.5
Montenegro,MNE,2025-03-23 13:00:00,2025-03-23 14:00:00,9.09
Montenegro,MNE,2025-03-23 14:00:00,2025-03-23 15:00:00,29.54
Montenegro,MNE,2025-03-23 15:00:00,2025-03-23 16:00:00,79.41
Montenegro,MNE,2025-03-23 16:00:00,2025-03-23 17:00:00,113.24
Montenegro,MNE,2025-03-23 17:00:00,2025-03-23 18:00:00,136.67
Montenegro,MNE,2025-03-23 18:00:00,2025-03-23 19:00:00,140.92
Montenegro,MNE,2025-03-23 19:00:00,2025-03-23 20:00:00,127.6
Montenegro,MNE,2025-03-23 20:00:00,2025-03-23 21:00:00,113.91
Montenegro,MNE,2025-03-23 21:00:00,2025-03-23 22:00:00,111.21
Montenegro,MNE,2025-03-23 22:00:00,2025-03-23 23:00:00,103.05
Montenegro,MNE,2025-03-23 23:00:00,2025-03-24 00:00:00,98.25
Montenegro,MNE,2025-03-24 00:00:00,2025-03-24 01:00:00,95.35
Montenegro,MNE,2025-03-24 01:00:00,2025-03-24 02:00:00,94.4
Montenegro,MNE,2025-03-24 02:00:00,2025-03-24 03:00:00,94.74
Montenegro,MNE,2025-03-24 03:00:00,2025-03-24 04:00:00,98.44
Montenegro,MNE,2025-03-24 04:00:00,2025-03-24 05:00:00,108.64
Montenegro,MNE,2025-03-24 05:00:00,2025-03-24 06:00:00,133.01
Montenegro,MNE,2025-03-24 06:00:00,2025-03-24 07:00:00,137.31
Montenegro,MNE,2025-03-24 07:00:00,2025-03-24 08:00:00,125.59
Montenegro,MNE,2025-03-24 08:00:00,2025-03-24 09:00:00,103.11
Montenegro,MNE,2025-03-24 09:00:00,2025-03-24 10:00:00,93.08
Montenegro,MNE,2025-03-24 10:00:00,2025-03-24 11:00:00,69.06
Montenegro,MNE,2025-03-24 11:00:00,2025-03-24 12:00:00,61.5
Montenegro,MNE,2025-03-24 12:00:00,2025-03-24 13:00:00,62.07
Montenegro,MNE,2025-03-24 13:00:00,2025-03-24 14:00:00,87.05
Montenegro,MNE,2025-03-24 14:00:00,2025-03-24 15:00:00,108.23
Montenegro,MNE,2025-03-24 15:00:00,2025-03-24 16:00:00,127.21
Montenegro,MNE,2025-03-24 16:00:00,2025-03-24 17:00:00,139.09
Montenegro,MNE,2025-03-24 17:00:00,2025-03-24 18:00:00,166.16
Montenegro,MNE,2025-03-24 18:00:00,2025-03-24 19:00:00,167.01
Montenegro,MNE,2025-03-24 19:00:00,2025-03-24 20:00:00,146.61
Montenegro,MNE,2025-03-24 20:00:00,2025-03-24 21:00:00,131.04
Montenegro,MNE,2025-03-24 21:00:00,2025-03-24 22:00:00,125.38
Montenegro,MNE,2025-03-24 22:00:00,2025-03-24 23:00:00,116.06
Montenegro,MNE,2025-03-24 23:00:00,2025-03-25 00:00:00,115.67
Montenegro,MNE,2025-03-25 00:00:00,2025-03-25 01:00:00,111.33
Montenegro,MNE,2025-03-25 01:00:00,2025-03-25 02:00:00,100.5
Montenegro,MNE,2025-03-25 02:00:00,2025-03-25 03:00:00,95.63
Montenegro,MNE,2025-03-25 03:00:00,2025-03-25 04:00:00,98.49
Montenegro,MNE,2025-03-25 04:00:00,2025-03-25 05:00:00,113.19
Montenegro,MNE,2025-03-25 05:00:00,2025-03-25 06:00:00,131.49
Montenegro,MNE,2025-03-25 06:00:00,2025-03-25 07:00:00,140.7
Montenegro,MNE,2025-03-25 07:00:00,2025-03-25 08:00:00,133.47
Montenegro,MNE,2025-03-25 08:00:00,2025-03-25 09:00:00,107.01
Montenegro,MNE,2025-03-25 09:00:00,2025-03-25 10:00:00,89.02
Montenegro,MNE,2025-03-25 10:00:00,2025-03-25 11:00:00,80.0
Montenegro,MNE,2025-03-25 11:00:00,2025-03-25 12:00:00,78.25
Montenegro,MNE,2025-03-25 12:00:00,2025-03-25 13:00:00,76.95
Montenegro,MNE,2025-03-25 13:00:00,2025-03-25 14:00:00,85.25
Montenegro,MNE,2025-03-25 14:00:00,2025-03-25 15:00:00,105.66
Montenegro,MNE,2025-03-25 15:00:00,2025-03-25 16:00:00,125.76
Montenegro,MNE,2025-03-25 16:00:00,2025-03-25 17:00:00,141.0
Montenegro,MNE,2025-03-25 17:00:00,2025-03-25 18:00:00,160.0
Montenegro,MNE,2025-03-25 18:00:00,2025-03-25 19:00:00,161.0
Montenegro,MNE,2025-03-25 19:00:00,2025-03-25 20:00:00,143.5
Montenegro,MNE,2025-03-25 20:00:00,2025-03-25 21:00:00,123.55
Montenegro,MNE,2025-03-25 21:00:00,2025-03-25 22:00:00,109.03
Montenegro,MNE,2025-03-25 22:00:00,2025-03-25 23:00:00,103.11
Montenegro,MNE,2025-03-25 23:00:00,2025-03-26 00:00:00,97.24
Montenegro,MNE,2025-03-26 00:00:00,2025-03-26 01:00:00,95.85
Montenegro,MNE,2025-03-26 01:00:00,2025-03-26 02:00:00,91.1
Montenegro,MNE,2025-03-26 02:00:00,2025-03-26 03:00:00,91.36
Montenegro,MNE,2025-03-26 03:00:00,2025-03-26 04:00:00,92.77
Montenegro,MNE,2025-03-26 04:00:00,2025-03-26 05:00:00,101.49
Montenegro,MNE,2025-03-26 05:00:00,2025-03-26 06:00:00,131.87
Montenegro,MNE,2025-03-26 06:00:00,2025-03-26 07:00:00,134.94
Montenegro,MNE,2025-03-26 07:00:00,2025-03-26 08:00:00,132.01
Montenegro,MNE,2025-03-26 08:00:00,2025-03-26 09:00:00,119.78
Montenegro,MNE,2025-03-26 09:00:00,2025-03-26 10:00:00,109.45
Montenegro,MNE,2025-03-26 10:00:00,2025-03-26 11:00:00,104.44
Montenegro,MNE,2025-03-26 11:00:00,2025-03-26 12:00:00,100.0
Montenegro,MNE,2025-03-26 12:00:00,2025-03-26 13:00:00,98.65
Montenegro,MNE,2025-03-26 13:00:00,2025-03-26 14:00:00,110.27
Montenegro,MNE,2025-03-26 14:00:00,2025-03-26 15:00:00,117.0
Montenegro,MNE,2025-03-26 15:00:00,2025-03-26 16:00:00,132.13
Montenegro,MNE,2025-03-26 16:00:00,2025-03-26 17:00:00,145.16
Montenegro,MNE,2025-03-26 17:00:00,2025-03-26 18:00:00,166.0
Montenegro,MNE,2025-03-26 18:00:00,2025-03-26 19:00:00,165.43
Montenegro,MNE,2025-03-26 19:00:00,2025-03-26 20:00:00,144.01
Montenegro,MNE,2025-03-26 20:00:00,2025-03-26 21:00:00,130.0
Montenegro,MNE,2025-03-26 21:00:00,2025-03-26 22:00:00,122.11
Montenegro,MNE,2025-03-26 22:00:00,2025-03-26 23:00:00,106.89
Montenegro,MNE,2025-03-26 23:00:00,2025-03-27 00:00:00,100.23
Montenegro,MNE,2025-03-27 00:00:00,2025-03-27 01:00:00,98.0
Montenegro,MNE,2025-03-27 01:00:00,2025-03-27 02:00:00,89.72
Montenegro,MNE,2025-03-27 02:00:00,2025-03-27 03:00:00,90.66
Montenegro,MNE,2025-03-27 03:00:00,2025-03-27 04:00:00,92.83
Montenegro,MNE,2025-03-27 04:00:00,2025-03-27 05:00:00,100.01
Montenegro,MNE,2025-03-27 05:00:00,2025-03-27 06:00:00,113.03
Montenegro,MNE,2025-03-27 06:00:00,2025-03-27 07:00:00,123.08
Montenegro,MNE,2025-03-27 07:00:00,2025-03-27 08:00:00,119.99
Montenegro,MNE,2025-03-27 08:00:00,2025-03-27 09:00:00,96.5
Montenegro,MNE,2025-03-27 09:00:00,2025-03-27 10:00:00,81.01
Montenegro,MNE,2025-03-27 10:00:00,2025-03-27 11:00:00,65.78
Montenegro,MNE,2025-03-27 11:00:00,2025-03-27 12:00:00,63.25
Montenegro,MNE,2025-03-27 12:00:00,2025-03-27 13:00:00,57.95
Montenegro,MNE,2025-03-27 13:00:00,2025-03-27 14:00:00,65.38
Montenegro,MNE,2025-03-27 14:00:00,2025-03-27 15:00:00,90.01
Montenegro,MNE,2025-03-27 15:00:00,2025-03-27 16:00:00,117.87
Montenegro,MNE,2025-03-27 16:00:00,2025-03-27 17:00:00,130.0
Montenegro,MNE,2025-03-27 17:00:00,2025-03-27 18:00:00,149.98
Montenegro,MNE,2025-03-27 18:00:00,2025-03-27 19:00:00,151.79
Montenegro,MNE,2025-03-27 19:00:00,2025-03-27 20:00:00,145.0
Montenegro,MNE,2025-03-27 20:00:00,2025-03-27 21:00:00,118.16
Montenegro,MNE,2025-03-27 21:00:00,2025-03-27 22:00:00,113.01
Montenegro,MNE,2025-03-27 22:00:00,2025-03-27 23:00:00,101.36
Montenegro,MNE,2025-03-27 23:00:00,2025-03-28 00:00:00,91.02
Montenegro,MNE,2025-03-28 00:00:00,2025-03-28 01:00:00,80.7
Montenegro,MNE,2025-03-28 01:00:00,2025-03-28 02:00:00,76.01
Montenegro,MNE,2025-03-28 02:00:00,2025-03-28 03:00:00,71.04
Montenegro,MNE,2025-03-28 03:00:00,2025-03-28 04:00:00,73.06
Montenegro,MNE,2025-03-28 04:00:00,2025-03-28 05:00:00,84.08
Montenegro,MNE,2025-03-28 05:00:00,2025-03-28 06:00:00,101.0
Montenegro,MNE,2025-03-28 06:00:00,2025-03-28 07:00:00,103.02
Montenegro,MNE,2025-03-28 07:00:00,2025-03-28 08:00:00,85.29
Montenegro,MNE,2025-03-28 08:00:00,2025-03-28 09:00:00,57.01
Montenegro,MNE,2025-03-28 09:00:00,2025-03-28 10:00:00,37.01
Montenegro,MNE,2025-03-28 10:00:00,2025-03-28 11:00:00,33.01
Montenegro,MNE,2025-03-28 11:00:00,2025-03-28 12:00:00,38.01
Montenegro,MNE,2025-03-28 12:00:00,2025-03-28 13:00:00,51.04
Montenegro,MNE,2025-03-28 13:00:00,2025-03-28 14:00:00,57.8
Montenegro,MNE,2025-03-28 14:00:00,2025-03-28 15:00:00,83.22
Montenegro,MNE,2025-03-28 15:00:00,2025-03-28 16:00:00,103.93
Montenegro,MNE,2025-03-28 16:00:00,2025-03-28 17:00:00,125.73
Montenegro,MNE,2025-03-28 17:00:00,2025-03-28 18:00:00,146.02
Montenegro,MNE,2025-03-28 18:00:00,2025-03-28 19:00:00,154.81
Montenegro,MNE,2025-03-28 19:00:00,2025-03-28 20:00:00,139.0
Montenegro,MNE,2025-03-28 20:00:00,2025-03-28 21:00:00,117.89
Montenegro,MNE,2025-03-28 21:00:00,2025-03-28 22:00:00,107.03
Montenegro,MNE,2025-03-28 22:00:00,2025-03-28 23:00:00,94.78
Montenegro,MNE,2025-03-28 23:00:00,2025-03-29 00:00:00,98.49
Montenegro,MNE,2025-03-29 00:00:00,2025-03-29 01:00:00,91.87
Montenegro,MNE,2025-03-29 01:00:00,2025-03-29 02:00:00,85.29
Montenegro,MNE,2025-03-29 02:00:00,2025-03-29 03:00:00,85.05
Montenegro,MNE,2025-03-29 03:00:00,2025-03-29 04:00:00,83.3
Montenegro,MNE,2025-03-29 04:00:00,2025-03-29 05:00:00,87.52
Montenegro,MNE,2025-03-29 05:00:00,2025-03-29 06:00:00,101.0
Montenegro,MNE,2025-03-29 06:00:00,2025-03-29 07:00:00,105.8
Montenegro,MNE,2025-03-29 07:00:00,2025-03-29 08:00:00,93.77
Montenegro,MNE,2025-03-29 08:00:00,2025-03-29 09:00:00,83.65
Montenegro,MNE,2025-03-29 09:00:00,2025-03-29 10:00:00,75.48
Montenegro,MNE,2025-03-29 10:00:00,2025-03-29 11:00:00,59.01
Montenegro,MNE,2025-03-29 11:00:00,2025-03-29 12:00:00,55.46
Montenegro,MNE,2025-03-29 12:00:00,2025-03-29 13:00:00,55.61
Montenegro,MNE,2025-03-29 13:00:00,2025-03-29 14:00:00,55.65
Montenegro,MNE,2025-03-29 14:00:00,2025-03-29 15:00:00,85.26
Montenegro,MNE,2025-03-29 15:00:00,2025-03-29 16:00:00,98.59
Montenegro,MNE,2025-03-29 16:00:00,2025-03-29 17:00:00,121.88
Montenegro,MNE,2025-03-29 17:00:00,2025-03-29 18:00:00,145.15
Montenegro,MNE,2025-03-29 18:00:00,2025-03-29 19:00:00,137.06
Montenegro,MNE,2025-03-29 19:00:00,2025-03-29 20:00:00,126.0
Montenegro,MNE,2025-03-29 20:00:00,2025-03-29 21:00:00,109.89
Montenegro,MNE,2025-03-29 21:00:00,2025-03-29 22:00:00,99.45
Montenegro,MNE,2025-03-29 22:00:00,2025-03-29 23:00:00,87.4
Montenegro,MNE,2025-03-29 23:00:00,2025-03-30 00:00:00,90.6
Montenegro,MNE,2025-03-30 00:00:00,2025-03-30 01:00:00,55.63
Montenegro,MNE,2025-03-30 01:00:00,2025-03-30 03:00:00,41.53
Montenegro,MNE,2025-03-30 02:00:00,2025-03-30 04:00:00,34.59
Montenegro,MNE,2025-03-30 03:00:00,2025-03-30 05:00:00,34.52
Montenegro,MNE,2025-03-30 04:00:00,2025-03-30 06:00:00,34.03
Montenegro,MNE,2025-03-30 05:00:00,2025-03-30 07:00:00,34.96
Montenegro,MNE,2025-03-30 06:00:00,2025-03-30 08:00:00,41.99
Montenegro,MNE,2025-03-30 07:00:00,2025-03-30 09:00:00,41.08
Montenegro,MNE,2025-03-30 08:00:00,2025-03-30 10:00:00,18.89
Montenegro,MNE,2025-03-30 09:00:00,2025-03-30 11:00:00,6.44
Montenegro,MNE,2025-03-30 10:00:00,2025-03-30 12:00:00,6.32
Montenegro,MNE,2025-03-30 11:00:00,2025-03-30 13:00:00,6.33
Montenegro,MNE,2025-03-30 12:00:00,2025-03-30 14:00:00,6.26
Montenegro,MNE,2025-03-30 13:00:00,2025-03-30 15:00:00,6.4
Montenegro,MNE,2025-03-30 14:00:00,2025-03-30 16:00:00,20.4
Montenegro,MNE,2025-03-30 15:00:00,2025-03-30 17:00:00,83.85
Montenegro,MNE,2025-03-30 16:00:00,2025-03-30 18:00:00,125.93
Montenegro,MNE,2025-03-30 17:00:00,2025-03-30 19:00:00,132.28
Montenegro,MNE,2025-03-30 18:00:00,2025-03-30 20:00:00,97.94
Montenegro,MNE,2025-03-30 19:00:00,2025-03-30 21:00:00,90.62
Montenegro,MNE,2025-03-30 20:00:00,2025-03-30 22:00:00,83.75
Montenegro,MNE,2025-03-30 21:00:00,2025-03-30 23:00:00,69.64
Montenegro,MNE,2025-03-30 22:00:00,2025-03-31 00:00:00,76.3
Montenegro,MNE,2025-03-30 23:00:00,2025-03-31 01:00:00,62.41
Montenegro,MNE,2025-03-31 00:00:00,2025-03-31 02:00:00,55.27
Montenegro,MNE,2025-03-31 01:00:00,2025-03-31 03:00:00,55.15
Montenegro,MNE,2025-03-31 02:00:00,2025-03-31 04:00:00,62.31
Montenegro,MNE,2025-03-31 03:00:00,2025-03-31 05:00:00,62.95
Montenegro,MNE,2025-03-31 04:00:00,2025-03-31 06:00:00,106.25
Montenegro,MNE,2025-03-31 05:00:00,2025-03-31 07:00:00,122.59
Montenegro,MNE,2025-03-31 06:00:00,2025-03-31 08:00:00,124.27
Montenegro,MNE,2025-03-31 07:00:00,2025-03-31 09:00:00,111.78
Montenegro,MNE,2025-03-31 08:00:00,2025-03-31 10:00:00,90.63
Montenegro,MNE,2025-03-31 09:00:00,2025-03-31 11:00:00,83.49
Montenegro,MNE,2025-03-31 10:00:00,2025-03-31 12:00:00,70.04
Montenegro,MNE,2025-03-31 11:00:00,2025-03-31 13:00:00,62.59
Montenegro,MNE,2025-03-31 12:00:00,2025-03-31 14:00:00,62.93
Montenegro,MNE,2025-03-31 13:00:00,2025-03-31 15:00:00,76.97
Montenegro,MNE,2025-03-31 14:00:00,2025-03-31 16:00:00,83.89
Montenegro,MNE,2025-03-31 15:00:00,2025-03-31 17:00:00,111.72
Montenegro,MNE,2025-03-31 16:00:00,2025-03-31 18:00:00,132.31
Montenegro,MNE,2025-03-31 17:00:00,2025-03-31 19:00:00,146.45
Montenegro,MNE,2025-03-31 18:00:00,2025-03-31 20:00:00,139.83
Montenegro,MNE,2025-03-31 19:00:00,2025-03-31 21:00:00,119.7
Montenegro,MNE,2025-03-31 20:00:00,2025-03-31 22:00:00,118.02
Montenegro,MNE,2025-03-31 21:00:00,2025-03-31 23:00:00,108.95
Montenegro,MNE,2025-03-31 22:00:00,2025-04-01 00:00:00,111.87
Montenegro,MNE,2025-03-31 23:00:00,2025-04-01 01:00:00,111.72
Montenegro,MNE,2025-04-01 00:00:00,2025-04-01 02:00:00,111.03
Montenegro,MNE,2025-04-01 01:00:00,2025-04-01 03:00:00,108.9
Montenegro,MNE,2025-04-01 02:00:00,2025-04-01 04:00:00,111.15
Montenegro,MNE,2025-04-01 03:00:00,2025-04-01 05:00:00,121.03
Montenegro,MNE,2025-04-01 04:00:00,2025-04-01 06:00:00,135.85
Montenegro,MNE,2025-04-01 05:00:00,2025-04-01 07:00:00,147.04
Montenegro,MNE,2025-04-01 06:00:00,2025-04-01 08:00:00,135.69
Montenegro,MNE,2025-04-01 07:00:00,2025-04-01 09:00:00,119.0
Montenegro,MNE,2025-04-01 08:00:00,2025-04-01 10:00:00,101.31
Montenegro,MNE,2025-04-01 09:00:00,2025-04-01 11:00:00,83.94
Montenegro,MNE,2025-04-01 10:00:00,2025-04-01 12:00:00,80.06
Montenegro,MNE,2025-04-01 11:00:00,2025-04-01 13:00:00,75.17
Montenegro,MNE,2025-04-01 12:00:00,2025-04-01 14:00:00,85.3
Montenegro,MNE,2025-04-01 13:00:00,2025-04-01 15:00:00,89.16
Montenegro,MNE,2025-04-01 14:00:00,2025-04-01 16:00:00,97.56
Montenegro,MNE,2025-04-01 15:00:00,2025-04-01 17:00:00,113.44
Montenegro,MNE,2025-04-01 16:00:00,2025-04-01 18:00:00,131.68
Montenegro,MNE,2025-04-01 17:00:00,2025-04-01 19:00:00,155.99
Montenegro,MNE,2025-04-01 18:00:00,2025-04-01 20:00:00,147.16
Montenegro,MNE,2025-04-01 19:00:00,2025-04-01 21:00:00,119.17
Montenegro,MNE,2025-04-01 20:00:00,2025-04-01 22:00:00,91.49
Montenegro,MNE,2025-04-01 21:00:00,2025-04-01 23:00:00,87.42
Montenegro,MNE,2025-04-01 22:00:00,2025-04-02 00:00:00,85.69
Montenegro,MNE,2025-04-01 23:00:00,2025-04-02 01:00:00,72.99
Montenegro,MNE,2025-04-02 00:00:00,2025-04-02 02:00:00,69.77
Montenegro,MNE,2025-04-02 01:00:00,2025-04-02 03:00:00,71.36
Montenegro,MNE,2025-04-02 02:00:00,2025-04-02 04:00:00,69.85
Montenegro,MNE,2025-04-02 03:00:00,2025-04-02 05:00:00,81.02
Montenegro,MNE,2025-04-02 04:00:00,2025-04-02 06:00:00,119.99
Montenegro,MNE,2025-04-02 05:00:00,2025-04-02 07:00:00,139.51
Montenegro,MNE,2025-04-02 06:00:00,2025-04-02 08:00:00,129.01
Montenegro,MNE,2025-04-02 07:00:00,2025-04-02 09:00:00,93.72
Montenegro,MNE,2025-04-02 08:00:00,2025-04-02 10:00:00,105.53
Montenegro,MNE,2025-04-02 09:00:00,2025-04-02 11:00:00,91.01
Montenegro,MNE,2025-04-02 10:00:00,2025-04-02 12:00:00,88.0
Montenegro,MNE,2025-04-02 11:00:00,2025-04-02 13:00:00,89.0
Montenegro,MNE,2025-04-02 12:00:00,2025-04-02 14:00:00,90.01
Montenegro,MNE,2025-04-02 13:00:00,2025-04-02 15:00:00,91.01
Montenegro,MNE,2025-04-02 14:00:00,2025-04-02 16:00:00,85.7
Montenegro,MNE,2025-04-02 15:00:00,2025-04-02 17:00:00,113.87
Montenegro,MNE,2025-04-02 16:00:00,2025-04-02 18:00:00,127.05
Montenegro,MNE,2025-04-02 17:00:00,2025-04-02 19:00:00,143.71
Montenegro,MNE,2025-04-02 18:00:00,2025-04-02 20:00:00,134.67
Montenegro,MNE,2025-04-02 19:00:00,2025-04-02 21:00:00,133.75
Montenegro,MNE,2025-04-02 20:00:00,2025-04-02 22:00:00,112.74
Montenegro,MNE,2025-04-02 21:00:00,2025-04-02 23:00:00,125.08
Montenegro,MNE,2025-04-02 22:00:00,2025-04-03 00:00:00,124.46
Montenegro,MNE,2025-04-02 23:00:00,2025-04-03 01:00:00,121.95
Montenegro,MNE,2025-04-03 00:00:00,2025-04-03 02:00:00,117.31
Montenegro,MNE,2025-04-03 01:00:00,2025-04-03 03:00:00,111.69
Montenegro,MNE,2025-04-03 02:00:00,2025-04-03 04:00:00,113.09
Montenegro,MNE,2025-04-03 03:00:00,2025-04-03 05:00:00,115.7
Montenegro,MNE,2025-04-03 04:00:00,2025-04-03 06:00:00,131.5
Montenegro,MNE,2025-04-03 05:00:00,2025-04-03 07:00:00,153.85
Montenegro,MNE,2025-04-03 06:00:00,2025-04-03 08:00:00,137.92
Montenegro,MNE,2025-04-03 07:00:00,2025-04-03 09:00:00,90.0
Montenegro,MNE,2025-04-03 08:00:00,2025-04-03 10:00:00,107.32
Montenegro,MNE,2025-04-03 09:00:00,2025-04-03 11:00:00,89.97
Montenegro,MNE,2025-04-03 10:00:00,2025-04-03 12:00:00,67.67
Montenegro,MNE,2025-04-03 11:00:00,2025-04-03 13:00:00,73.62
Montenegro,MNE,2025-04-03 12:00:00,2025-04-03 14:00:00,81.02
Montenegro,MNE,2025-04-03 13:00:00,2025-04-03 15:00:00,103.31
Montenegro,MNE,2025-04-03 14:00:00,2025-04-03 16:00:00,111.53
Montenegro,MNE,2025-04-03 15:00:00,2025-04-03 17:00:00,120.29
Montenegro,MNE,2025-04-03 16:00:00,2025-04-03 18:00:00,145.54
Montenegro,MNE,2025-04-03 17:00:00,2025-04-03 19:00:00,167.7
Montenegro,MNE,2025-04-03 18:00:00,2025-04-03 20:00:00,153.97
Montenegro,MNE,2025-04-03 19:00:00,2025-04-03 21:00:00,137.45
Montenegro,MNE,2025-04-03 20:00:00,2025-04-03 22:00:00,129.97
Montenegro,MNE,2025-04-03 21:00:00,2025-04-03 23:00:00,132.9
Montenegro,MNE,2025-04-03 22:00:00,2025-04-04 00:00:00,112.81
Montenegro,MNE,2025-04-03 23:00:00,2025-04-04 01:00:00,102.03
Montenegro,MNE,2025-04-04 00:00:00,2025-04-04 02:00:00,99.33
Montenegro,MNE,2025-04-04 01:00:00,2025-04-04 03:00:00,101.02
Montenegro,MNE,2025-04-04 02:00:00,2025-04-04 04:00:00,102.2
Montenegro,MNE,2025-04-04 03:00:00,2025-04-04 05:00:00,114.95
Montenegro,MNE,2025-04-04 04:00:00,2025-04-04 06:00:00,143.46
Montenegro,MNE,2025-04-04 05:00:00,2025-04-04 07:00:00,174.05
Montenegro,MNE,2025-04-04 06:00:00,2025-04-04 08:00:00,148.07
Montenegro,MNE,2025-04-04 07:00:00,2025-04-04 09:00:00,103.91
Montenegro,MNE,2025-04-04 08:00:00,2025-04-04 10:00:00,61.45
Montenegro,MNE,2025-04-04 09:00:00,2025-04-04 11:00:00,56.05
Montenegro,MNE,2025-04-04 10:00:00,2025-04-04 12:00:00,31.14
Montenegro,MNE,2025-04-04 11:00:00,2025-04-04 13:00:00,27.79
Montenegro,MNE,2025-04-04 12:00:00,2025-04-04 14:00:00,41.28
Montenegro,MNE,2025-04-04 13:00:00,2025-04-04 15:00:00,70.01
Montenegro,MNE,2025-04-04 14:00:00,2025-04-04 16:00:00,70.03
Montenegro,MNE,2025-04-04 15:00:00,2025-04-04 17:00:00,97.92
Montenegro,MNE,2025-04-04 16:00:00,2025-04-04 18:00:00,147.28
Montenegro,MNE,2025-04-04 17:00:00,2025-04-04 19:00:00,179.86
Montenegro,MNE,2025-04-04 18:00:00,2025-04-04 20:00:00,165.08
Montenegro,MNE,2025-04-04 19:00:00,2025-04-04 21:00:00,141.52
Montenegro,MNE,2025-04-04 20:00:00,2025-04-04 22:00:00,109.29
Montenegro,MNE,2025-04-04 21:00:00,2025-04-04 23:00:00,99.53
Montenegro,MNE,2025-04-04 22:00:00,2025-04-05 00:00:00,99.86
Montenegro,MNE,2025-04-04 23:00:00,2025-04-05 01:00:00,95.02
Montenegro,MNE,2025-04-05 00:00:00,2025-04-05 02:00:00,92.6
Montenegro,MNE,2025-04-05 01:00:00,2025-04-05 03:00:00,85.1
Montenegro,MNE,2025-04-05 02:00:00,2025-04-05 04:00:00,89.91
Montenegro,MNE,2025-04-05 03:00:00,2025-04-05 05:00:00,95.28
Montenegro,MNE,2025-04-05 04:00:00,2025-04-05 06:00:00,100.27
Montenegro,MNE,2025-04-05 05:00:00,2025-04-05 07:00:00,101.84
Montenegro,MNE,2025-04-05 06:00:00,2025-04-05 08:00:00,69.04
Montenegro,MNE,2025-04-05 07:00:00,2025-04-05 09:00:00,28.39
Montenegro,MNE,2025-04-05 08:00:00,2025-04-05 10:00:00,1.69
Montenegro,MNE,2025-04-05 09:00:00,2025-04-05 11:00:00,1.07
Montenegro,MNE,2025-04-05 10:00:00,2025-04-05 12:00:00,1.57
Montenegro,MNE,2025-04-05 11:00:00,2025-04-05 13:00:00,1.05
Montenegro,MNE,2025-04-05 12:00:00,2025-04-05 14:00:00,1.05
Montenegro,MNE,2025-04-05 13:00:00,2025-04-05 15:00:00,1.03
Montenegro,MNE,2025-04-05 14:00:00,2025-04-05 16:00:00,5.01
Montenegro,MNE,2025-04-05 15:00:00,2025-04-05 17:00:00,65.51
Montenegro,MNE,2025-04-05 16:00:00,2025-04-05 18:00:00,99.83
Montenegro,MNE,2025-04-05 17:00:00,2025-04-05 19:00:00,115.73
Montenegro,MNE,2025-04-05 18:00:00,2025-04-05 20:00:00,112.03
Montenegro,MNE,2025-04-05 19:00:00,2025-04-05 21:00:00,87.59
Montenegro,MNE,2025-04-05 20:00:00,2025-04-05 22:00:00,87.61
Montenegro,MNE,2025-04-05 21:00:00,2025-04-05 23:00:00,80.0
Montenegro,MNE,2025-04-05 22:00:00,2025-04-06 00:00:00,90.01
Montenegro,MNE,2025-04-05 23:00:00,2025-04-06 01:00:00,93.81
Montenegro,MNE,2025-04-06 00:00:00,2025-04-06 02:00:00,83.77
Montenegro,MNE,2025-04-06 01:00:00,2025-04-06 03:00:00,65.17
Montenegro,MNE,2025-04-06 02:00:00,2025-04-06 04:00:00,65.17
Montenegro,MNE,2025-04-06 03:00:00,2025-04-06 05:00:00,72.05
Montenegro,MNE,2025-04-06 04:00:00,2025-04-06 06:00:00,70.09
Montenegro,MNE,2025-04-06 05:00:00,2025-04-06 07:00:00,76.06
Montenegro,MNE,2025-04-06 06:00:00,2025-04-06 08:00:00,55.57
Montenegro,MNE,2025-04-06 07:00:00,2025-04-06 09:00:00,4.57
Montenegro,MNE,2025-04-06 08:00:00,2025-04-06 10:00:00,1.07
Montenegro,MNE,2025-04-06 09:00:00,2025-04-06 11:00:00,0.0
Montenegro,MNE,2025-04-06 10:00:00,2025-04-06 12:00:00,0.0
Montenegro,MNE,2025-04-06 11:00:00,2025-04-06 13:00:00,0.0
Montenegro,MNE,2025-04-06 12:00:00,2025-04-06 14:00:00,0.0
Montenegro,MNE,2025-04-06 13:00:00,2025-04-06 15:00:00,0.0
Montenegro,MNE,2025-04-06 14:00:00,2025-04-06 16:00:00,2.04
Montenegro,MNE,2025-04-06 15:00:00,2025-04-06 17:00:00,62.27
Montenegro,MNE,2025-04-06 16:00:00,2025-04-06 18:00:00,97.08
Montenegro,MNE,2025-04-06 17:00:00,2025-04-06 19:00:00,134.93
Montenegro,MNE,2025-04-06 18:00:00,2025-04-06 20:00:00,141.07
Montenegro,MNE,2025-04-06 19:00:00,2025-04-06 21:00:00,128.01
Montenegro,MNE,2025-04-06 20:00:00,2025-04-06 22:00:00,110.01
Montenegro,MNE,2025-04-06 21:00:00,2025-04-06 23:00:00,105.01
Montenegro,MNE,2025-04-06 22:00:00,2025-04-07 00:00:00,92.24
Montenegro,MNE,2025-04-06 23:00:00,2025-04-07 01:00:00,87.06
Montenegro,MNE,2025-04-07 00:00:00,2025-04-07 02:00:00,81.42
Montenegro,MNE,2025-04-07 01:00:00,2025-04-07 03:00:00,79.96
Montenegro,MNE,2025-04-07 02:00:00,2025-04-07 04:00:00,84.52
Montenegro,MNE,2025-04-07 03:00:00,2025-04-07 05:00:00,97.38
Montenegro,MNE,2025-04-07 04:00:00,2025-04-07 06:00:00,123.83
Montenegro,MNE,2025-04-07 05:00:00,2025-04-07 07:00:00,151.37
Montenegro,MNE,2025-04-07 06:00:00,2025-04-07 08:00:00,131.39
Montenegro,MNE,2025-04-07 07:00:00,2025-04-07 09:00:00,101.14
Montenegro,MNE,2025-04-07 08:00:00,2025-04-07 10:00:00,85.18
Montenegro,MNE,2025-04-07 09:00:00,2025-04-07 11:00:00,78.52
Montenegro,MNE,2025-04-07 10:00:00,2025-04-07 12:00:00,64.91
Montenegro,MNE,2025-04-07 11:00:00,2025-04-07 13:00:00,35.2
Montenegro,MNE,2025-04-07 12:00:00,2025-04-07 14:00:00,71.18
Montenegro,MNE,2025-04-07 13:00:00,2025-04-07 15:00:00,79.54
Montenegro,MNE,2025-04-07 14:00:00,2025-04-07 16:00:00,75.33
Montenegro,MNE,2025-04-07 15:00:00,2025-04-07 17:00:00,105.34
Montenegro,MNE,2025-04-07 16:00:00,2025-04-07 18:00:00,145.41
Montenegro,MNE,2025-04-07 17:00:00,2025-04-07 19:00:00,160.05
Montenegro,MNE,2025-04-07 18:00:00,2025-04-07 20:00:00,159.25
Montenegro,MNE,2025-04-07 19:00:00,2025-04-07 21:00:00,139.5
Montenegro,MNE,2025-04-07 20:00:00,2025-04-07 22:00:00,124.25
Montenegro,MNE,2025-04-07 21:00:00,2025-04-07 23:00:00,117.86
Montenegro,MNE,2025-04-07 22:00:00,2025-04-08 00:00:00,109.01
Montenegro,MNE,2025-04-07 23:00:00,2025-04-08 01:00:00,104.99
Montenegro,MNE,2025-04-08 00:00:00,2025-04-08 02:00:00,100.0
Montenegro,MNE,2025-04-08 01:00:00,2025-04-08 03:00:00,100.0
Montenegro,MNE,2025-04-08 02:00:00,2025-04-08 04:00:00,104.3
Montenegro,MNE,2025-04-08 03:00:00,2025-04-08 05:00:00,111.63
Montenegro,MNE,2025-04-08 04:00:00,2025-04-08 06:00:00,141.01
Montenegro,MNE,2025-04-08 05:00:00,2025-04-08 07:00:00,173.84
Montenegro,MNE,2025-04-08 06:00:00,2025-04-08 08:00:00,146.5
Montenegro,MNE,2025-04-08 07:00:00,2025-04-08 09:00:00,120.01
Montenegro,MNE,2025-04-08 08:00:00,2025-04-08 10:00:00,90.66
Montenegro,MNE,2025-04-08 09:00:00,2025-04-08 11:00:00,76.04
Montenegro,MNE,2025-04-08 10:00:00,2025-04-08 12:00:00,56.01
Montenegro,MNE,2025-04-08 11:00:00,2025-04-08 13:00:00,62.96
Montenegro,MNE,2025-04-08 12:00:00,2025-04-08 14:00:00,76.38
Montenegro,MNE,2025-04-08 13:00:00,2025-04-08 15:00:00,81.09
Montenegro,MNE,2025-04-08 14:00:00,2025-04-08 16:00:00,97.87
Montenegro,MNE,2025-04-08 15:00:00,2025-04-08 17:00:00,118.86
Montenegro,MNE,2025-04-08 16:00:00,2025-04-08 18:00:00,150.0
Montenegro,MNE,2025-04-08 17:00:00,2025-04-08 19:00:00,188.68
Montenegro,MNE,2025-04-08 18:00:00,2025-04-08 20:00:00,190.0
Montenegro,MNE,2025-04-08 19:00:00,2025-04-08 21:00:00,149.99
Montenegro,MNE,2025-04-08 20:00:00,2025-04-08 22:00:00,130.01
Montenegro,MNE,2025-04-08 21:00:00,2025-04-08 23:00:00,119.01
Montenegro,MNE,2025-04-08 22:00:00,2025-04-09 00:00:00,111.21
Montenegro,MNE,2025-04-08 23:00:00,2025-04-09 01:00:00,106.99
Montenegro,MNE,2025-04-09 00:00:00,2025-04-09 02:00:00,103.29
Montenegro,MNE,2025-04-09 01:00:00,2025-04-09 03:00:00,100.99
Montenegro,MNE,2025-04-09 02:00:00,2025-04-09 04:00:00,102.0
Montenegro,MNE,2025-04-09 03:00:00,2025-04-09 05:00:00,115.98
Montenegro,MNE,2025-04-09 04:00:00,2025-04-09 06:00:00,139.88
Montenegro,MNE,2025-04-09 05:00:00,2025-04-09 07:00:00,171.05
Montenegro,MNE,2025-04-09 06:00:00,2025-04-09 08:00:00,137.09
Montenegro,MNE,2025-04-09 07:00:00,2025-04-09 09:00:00,112.0
Montenegro,MNE,2025-04-09 08:00:00,2025-04-09 10:00:00,94.02
Montenegro,MNE,2025-04-09 09:00:00,2025-04-09 11:00:00,80.01
Montenegro,MNE,2025-04-09 10:00:00,2025-04-09 12:00:00,65.52
Montenegro,MNE,2025-04-09 11:00:00,2025-04-09 13:00:00,63.27
Montenegro,MNE,2025-04-09 12:00:00,2025-04-09 14:00:00,65.0
Montenegro,MNE,2025-04-09 13:00:00,2025-04-09 15:00:00,83.29
Montenegro,MNE,2025-04-09 14:00:00,2025-04-09 16:00:00,99.78
Montenegro,MNE,2025-04-09 15:00:00,2025-04-09 17:00:00,117.82
Montenegro,MNE,2025-04-09 16:00:00,2025-04-09 18:00:00,135.56
Montenegro,MNE,2025-04-09 17:00:00,2025-04-09 19:00:00,175.22
Montenegro,MNE,2025-04-09 18:00:00,2025-04-09 20:00:00,177.01
Montenegro,MNE,2025-04-09 19:00:00,2025-04-09 21:00:00,143.93
Montenegro,MNE,2025-04-09 20:00:00,2025-04-09 22:00:00,120.0
Montenegro,MNE,2025-04-09 21:00:00,2025-04-09 23:00:00,114.07
Montenegro,MNE,2025-04-09 22:00:00,2025-04-10 00:00:00,110.63
Montenegro,MNE,2025-04-09 23:00:00,2025-04-10 01:00:00,105.27
Montenegro,MNE,2025-04-10 00:00:00,2025-04-10 02:00:00,103.3
Montenegro,MNE,2025-04-10 01:00:00,2025-04-10 03:00:00,101.98
Montenegro,MNE,2025-04-10 02:00:00,2025-04-10 04:00:00,103.87
Montenegro,MNE,2025-04-10 03:00:00,2025-04-10 05:00:00,111.58
Montenegro,MNE,2025-04-10 04:00:00,2025-04-10 06:00:00,132.58
Montenegro,MNE,2025-04-10 05:00:00,2025-04-10 07:00:00,159.75
Montenegro,MNE,2025-04-10 06:00:00,2025-04-10 08:00:00,133.31
Montenegro,MNE,2025-04-10 07:00:00,2025-04-10 09:00:00,101.06
Montenegro,MNE,2025-04-10 08:00:00,2025-04-10 10:00:00,102.36
Montenegro,MNE,2025-04-10 09:00:00,2025-04-10 11:00:00,93.94
Montenegro,MNE,2025-04-10 10:00:00,2025-04-10 12:00:00,75.64
Montenegro,MNE,2025-04-10 11:00:00,2025-04-10 13:00:00,67.38
Montenegro,MNE,2025-04-10 12:00:00,2025-04-10 14:00:00,67.35
Montenegro,MNE,2025-04-10 13:00:00,2025-04-10 15:00:00,79.71
Montenegro,MNE,2025-04-10 14:00:00,2025-04-10 16:00:00,94.4
Montenegro,MNE,2025-04-10 15:00:00,2025-04-10 17:00:00,91.0
Montenegro,MNE,2025-04-10 16:00:00,2025-04-10 18:00:00,122.01
Montenegro,MNE,2025-04-10 17:00:00,2025-04-10 19:00:00,156.0
Montenegro,MNE,2025-04-10 18:00:00,2025-04-10 20:00:00,155.0
Montenegro,MNE,2025-04-10 19:00:00,2025-04-10 21:00:00,137.04
Montenegro,MNE,2025-04-10 20:00:00,2025-04-10 22:00:00,121.34
Montenegro,MNE,2025-04-10 21:00:00,2025-04-10 23:00:00,113.43
Montenegro,MNE,2025-04-10 22:00:00,2025-04-11 00:00:00,112.06
Montenegro,MNE,2025-04-10 23:00:00,2025-04-11 01:00:00,99.33
Montenegro,MNE,2025-04-11 00:00:00,2025-04-11 02:00:00,87.38
Montenegro,MNE,2025-04-11 01:00:00,2025-04-11 03:00:00,87.88
Montenegro,MNE,2025-04-11 02:00:00,2025-04-11 04:00:00,95.21
Montenegro,MNE,2025-04-11 03:00:00,2025-04-11 05:00:00,109.02
Montenegro,MNE,2025-04-11 04:00:00,2025-04-11 06:00:00,120.0
Montenegro,MNE,2025-04-11 05:00:00,2025-04-11 07:00:00,124.86
Montenegro,MNE,2025-04-11 06:00:00,2025-04-11 08:00:00,101.01
Montenegro,MNE,2025-04-11 07:00:00,2025-04-11 09:00:00,116.06
Montenegro,MNE,2025-04-11 08:00:00,2025-04-11 10:00:00,111.21
Montenegro,MNE,2025-04-11 09:00:00,2025-04-11 11:00:00,104.03
Montenegro,MNE,2025-04-11 10:00:00,2025-04-11 12:00:00,80.6
Montenegro,MNE,2025-04-11 11:00:00,2025-04-11 13:00:00,79.08
Montenegro,MNE,2025-04-11 12:00:00,2025-04-11 14:00:00,79.91
Montenegro,MNE,2025-04-11 13:00:00,2025-04-11 15:00:00,79.22
Montenegro,MNE,2025-04-11 14:00:00,2025-04-11 16:00:00,84.7
Montenegro,MNE,2025-04-11 15:00:00,2025-04-11 17:00:00,104.49
Montenegro,MNE,2025-04-11 16:00:00,2025-04-11 18:00:00,128.01
Montenegro,MNE,2025-04-11 17:00:00,2025-04-11 19:00:00,165.01
Montenegro,MNE,2025-04-11 18:00:00,2025-04-11 20:00:00,175.01
Montenegro,MNE,2025-04-11 19:00:00,2025-04-11 21:00:00,123.54
Montenegro,MNE,2025-04-11 20:00:00,2025-04-11 22:00:00,116.87
Montenegro,MNE,2025-04-11 21:00:00,2025-04-11 23:00:00,112.09
Montenegro,MNE,2025-04-11 22:00:00,2025-04-12 00:00:00,100.5
Montenegro,MNE,2025-04-11 23:00:00,2025-04-12 01:00:00,98.91
Montenegro,MNE,2025-04-12 00:00:00,2025-04-12 02:00:00,92.32
Montenegro,MNE,2025-04-12 01:00:00,2025-04-12 03:00:00,95.22
Montenegro,MNE,2025-04-12 02:00:00,2025-04-12 04:00:00,93.22
Montenegro,MNE,2025-04-12 03:00:00,2025-04-12 05:00:00,96.01
Montenegro,MNE,2025-04-12 04:00:00,2025-04-12 06:00:00,109.01
Montenegro,MNE,2025-04-12 05:00:00,2025-04-12 07:00:00,116.78
Montenegro,MNE,2025-04-12 06:00:00,2025-04-12 08:00:00,100.05
Montenegro,MNE,2025-04-12 07:00:00,2025-04-12 09:00:00,77.0
Montenegro,MNE,2025-04-12 08:00:00,2025-04-12 10:00:00,60.03
Montenegro,MNE,2025-04-12 09:00:00,2025-04-12 11:00:00,40.03
Montenegro,MNE,2025-04-12 10:00:00,2025-04-12 12:00:00,29.95
Montenegro,MNE,2025-04-12 11:00:00,2025-04-12 13:00:00,26.08
Montenegro,MNE,2025-04-12 12:00:00,2025-04-12 14:00:00,35.03
Montenegro,MNE,2025-04-12 13:00:00,2025-04-12 15:00:00,39.81
Montenegro,MNE,2025-04-12 14:00:00,2025-04-12 16:00:00,61.0
Montenegro,MNE,2025-04-12 15:00:00,2025-04-12 17:00:00,96.0
Montenegro,MNE,2025-04-12 16:00:00,2025-04-12 18:00:00,123.45
Montenegro,MNE,2025-04-12 17:00:00,2025-04-12 19:00:00,149.73
Montenegro,MNE,2025-04-12 18:00:00,2025-04-12 20:00:00,148.07
Montenegro,MNE,2025-04-12 19:00:00,2025-04-12 21:00:00,120.35
Montenegro,MNE,2025-04-12 20:00:00,2025-04-12 22:00:00,117.57
Montenegro,MNE,2025-04-12 21:00:00,2025-04-12 23:00:00,108.0
Montenegro,MNE,2025-04-12 22:00:00,2025-04-13 00:00:00,95.08
Montenegro,MNE,2025-04-12 23:00:00,2025-04-13 01:00:00,95.08
Montenegro,MNE,2025-04-13 00:00:00,2025-04-13 02:00:00,43.86
Montenegro,MNE,2025-04-13 01:00:00,2025-04-13 03:00:00,43.81
Montenegro,MNE,2025-04-13 02:00:00,2025-04-13 04:00:00,53.34
Montenegro,MNE,2025-04-13 03:00:00,2025-04-13 05:00:00,59.11
Montenegro,MNE,2025-04-13 04:00:00,2025-04-13 06:00:00,55.69
Montenegro,MNE,2025-04-13 05:00:00,2025-04-13 07:00:00,90.0
Montenegro,MNE,2025-04-13 06:00:00,2025-04-13 08:00:00,105.01
Montenegro,MNE,2025-04-13 07:00:00,2025-04-13 09:00:00,1.97
Montenegro,MNE,2025-04-13 08:00:00,2025-04-13 10:00:00,1.86
Montenegro,MNE,2025-04-13 09:00:00,2025-04-13 11:00:00,1.78
Montenegro,MNE,2025-04-13 10:00:00,2025-04-13 12:00:00,1.78
Montenegro,MNE,2025-04-13 11:00:00,2025-04-13 13:00:00,1.78
Montenegro,MNE,2025-04-13 12:00:00,2025-04-13 14:00:00,1.79
Montenegro,MNE,2025-04-13 13:00:00,2025-04-13 15:00:00,1.8
Montenegro,MNE,2025-04-13 14:00:00,2025-04-13 16:00:00,17.53
Montenegro,MNE,2025-04-13 15:00:00,2025-04-13 17:00:00,99.34
Montenegro,MNE,2025-04-13 16:00:00,2025-04-13 18:00:00,99.73
Montenegro,MNE,2025-04-13 17:00:00,2025-04-13 19:00:00,123.12
Montenegro,MNE,2025-04-13 18:00:00,2025-04-13 20:00:00,129.35
Montenegro,MNE,2025-04-13 19:00:00,2025-04-13 21:00:00,123.2
Montenegro,MNE,2025-04-13 20:00:00,2025-04-13 22:00:00,111.72
Montenegro,MNE,2025-04-13 21:00:00,2025-04-13 23:00:00,99.27
Montenegro,MNE,2025-04-13 22:00:00,2025-04-14 00:00:00,89.09
Montenegro,MNE,2025-04-13 23:00:00,2025-04-14 01:00:00,87.86
Montenegro,MNE,2025-04-14 00:00:00,2025-04-14 02:00:00,84.09
Montenegro,MNE,2025-04-14 01:00:00,2025-04-14 03:00:00,86.37
Montenegro,MNE,2025-04-14 02:00:00,2025-04-14 04:00:00,89.68
Montenegro,MNE,2025-04-14 03:00:00,2025-04-14 05:00:00,103.68
Montenegro,MNE,2025-04-14 04:00:00,2025-04-14 06:00:00,121.48
Montenegro,MNE,2025-04-14 05:00:00,2025-04-14 07:00:00,151.03
Montenegro,MNE,2025-04-14 06:00:00,2025-04-14 08:00:00,129.08
Montenegro,MNE,2025-04-14 07:00:00,2025-04-14 09:00:00,111.96
Montenegro,MNE,2025-04-14 08:00:00,2025-04-14 10:00:00,92.98
Montenegro,MNE,2025-04-14 09:00:00,2025-04-14 11:00:00,90.01
Montenegro,MNE,2025-04-14 10:00:00,2025-04-14 12:00:00,90.01
Montenegro,MNE,2025-04-14 11:00:00,2025-04-14 13:00:00,90.01
Montenegro,MNE,2025-04-14 12:00:00,2025-04-14 14:00:00,90.01
Montenegro,MNE,2025-04-14 13:00:00,2025-04-14 15:00:00,101.34
Montenegro,MNE,2025-04-14 14:00:00,2025-04-14 16:00:00,111.09
Montenegro,MNE,2025-04-14 15:00:00,2025-04-14 17:00:00,119.99
Montenegro,MNE,2025-04-14 16:00:00,2025-04-14 18:00:00,155.11
Montenegro,MNE,2025-04-14 17:00:00,2025-04-14 19:00:00,157.26
Montenegro,MNE,2025-04-14 18:00:00,2025-04-14 20:00:00,152.66
Montenegro,MNE,2025-04-14 19:00:00,2025-04-14 21:00:00,121.78
Montenegro,MNE,2025-04-14 20:00:00,2025-04-14 22:00:00,119.99
Montenegro,MNE,2025-04-14 21:00:00,2025-04-14 23:00:00,109.11
Montenegro,MNE,2025-04-14 22:00:00,2025-04-15 00:00:00,90.98
Montenegro,MNE,2025-04-14 23:00:00,2025-04-15 01:00:00,83.7
Montenegro,MNE,2025-04-15 00:00:00,2025-04-15 02:00:00,83.6
Montenegro,MNE,2025-04-15 01:00:00,2025-04-15 03:00:00,88.76
Montenegro,MNE,2025-04-15 02:00:00,2025-04-15 04:00:00,92.14
Montenegro,MNE,2025-04-15 03:00:00,2025-04-15 05:00:00,94.32
Montenegro,MNE,2025-04-15 04:00:00,2025-04-15 06:00:00,114.98
Montenegro,MNE,2025-04-15 05:00:00,2025-04-15 07:00:00,127.78
Montenegro,MNE,2025-04-15 06:00:00,2025-04-15 08:00:00,127.23
Montenegro,MNE,2025-04-15 07:00:00,2025-04-15 09:00:00,112.01
Montenegro,MNE,2025-04-15 08:00:00,2025-04-15 10:00:00,97.0
Montenegro,MNE,2025-04-15 09:00:00,2025-04-15 11:00:00,99.2
Montenegro,MNE,2025-04-15 10:00:00,2025-04-15 12:00:00,103.42
Montenegro,MNE,2025-04-15 11:00:00,2025-04-15 13:00:00,91.61
Montenegro,MNE,2025-04-15 12:00:00,2025-04-15 14:00:00,79.77
Montenegro,MNE,2025-04-15 13:00:00,2025-04-15 15:00:00,93.01
Montenegro,MNE,2025-04-15 14:00:00,2025-04-15 16:00:00,100.0
Montenegro,MNE,2025-04-15 15:00:00,2025-04-15 17:00:00,105.0
Montenegro,MNE,2025-04-15 16:00:00,2025-04-15 18:00:00,119.99
Montenegro,MNE,2025-04-15 17:00:00,2025-04-15 19:00:00,150.0
Montenegro,MNE,2025-04-15 18:00:00,2025-04-15 20:00:00,150.62
Montenegro,MNE,2025-04-15 19:00:00,2025-04-15 21:00:00,115.78
Montenegro,MNE,2025-04-15 20:00:00,2025-04-15 22:00:00,107.74
Montenegro,MNE,2025-04-15 21:00:00,2025-04-15 23:00:00,95.68
Montenegro,MNE,2025-04-15 22:00:00,2025-04-16 00:00:00,97.0
Montenegro,MNE,2025-04-15 23:00:00,2025-04-16 01:00:00,95.0
Montenegro,MNE,2025-04-16 00:00:00,2025-04-16 02:00:00,94.99
Montenegro,MNE,2025-04-16 01:00:00,2025-04-16 03:00:00,91.36
Montenegro,MNE,2025-04-16 02:00:00,2025-04-16 04:00:00,94.99
Montenegro,MNE,2025-04-16 03:00:00,2025-04-16 05:00:00,102.32
Montenegro,MNE,2025-04-16 04:00:00,2025-04-16 06:00:00,119.99
Montenegro,MNE,2025-04-16 05:00:00,2025-04-16 07:00:00,123.93
Montenegro,MNE,2025-04-16 06:00:00,2025-04-16 08:00:00,119.8
Montenegro,MNE,2025-04-16 07:00:00,2025-04-16 09:00:00,106.0
Montenegro,MNE,2025-04-16 08:00:00,2025-04-16 10:00:00,90.04
Montenegro,MNE,2025-04-16 09:00:00,2025-04-16 11:00:00,47.85
Montenegro,MNE,2025-04-16 10:00:00,2025-04-16 12:00:00,39.59
Montenegro,MNE,2025-04-16 11:00:00,2025-04-16 13:00:00,28.68
Montenegro,MNE,2025-04-16 12:00:00,2025-04-16 14:00:00,43.02
Montenegro,MNE,2025-04-16 13:00:00,2025-04-16 15:00:00,63.05
Montenegro,MNE,2025-04-16 14:00:00,2025-04-16 16:00:00,99.99
Montenegro,MNE,2025-04-16 15:00:00,2025-04-16 17:00:00,114.48
Montenegro,MNE,2025-04-16 16:00:00,2025-04-16 18:00:00,120.0
Montenegro,MNE,2025-04-16 17:00:00,2025-04-16 19:00:00,150.0
Montenegro,MNE,2025-04-16 18:00:00,2025-04-16 20:00:00,147.02
Montenegro,MNE,2025-04-16 19:00:00,2025-04-16 21:00:00,119.99
Montenegro,MNE,2025-04-16 20:00:00,2025-04-16 22:00:00,107.81
Montenegro,MNE,2025-04-16 21:00:00,2025-04-16 23:00:00,109.33
Montenegro,MNE,2025-04-16 22:00:00,2025-04-17 00:00:00,96.06
Montenegro,MNE,2025-04-16 23:00:00,2025-04-17 01:00:00,91.91
Montenegro,MNE,2025-04-17 00:00:00,2025-04-17 02:00:00,85.05
Montenegro,MNE,2025-04-17 01:00:00,2025-04-17 03:00:00,80.08
Montenegro,MNE,2025-04-17 02:00:00,2025-04-17 04:00:00,85.04
Montenegro,MNE,2025-04-17 03:00:00,2025-04-17 05:00:00,91.98
Montenegro,MNE,2025-04-17 04:00:00,2025-04-17 06:00:00,120.0
Montenegro,MNE,2025-04-17 05:00:00,2025-04-17 07:00:00,125.1
Montenegro,MNE,2025-04-17 06:00:00,2025-04-17 08:00:00,119.13
Montenegro,MNE,2025-04-17 07:00:00,2025-04-17 09:00:00,91.39
Montenegro,MNE,2025-04-17 08:00:00,2025-04-17 10:00:00,90.01
Montenegro,MNE,2025-04-17 09:00:00,2025-04-17 11:00:00,89.73
Montenegro,MNE,2025-04-17 10:00:00,2025-04-17 12:00:00,39.14
Montenegro,MNE,2025-04-17 11:00:00,2025-04-17 13:00:00,37.84
Montenegro,MNE,2025-04-17 12:00:00,2025-04-17 14:00:00,46.25
Montenegro,MNE,2025-04-17 13:00:00,2025-04-17 15:00:00,59.54
Montenegro,MNE,2025-04-17 14:00:00,2025-04-17 16:00:00,87.75
Montenegro,MNE,2025-04-17 15:00:00,2025-04-17 17:00:00,103.67
Montenegro,MNE,2025-04-17 16:00:00,2025-04-17 18:00:00,120.0
Montenegro,MNE,2025-04-17 17:00:00,2025-04-17 19:00:00,139.21
Montenegro,MNE,2025-04-17 18:00:00,2025-04-17 20:00:00,135.6
Montenegro,MNE,2025-04-17 19:00:00,2025-04-17 21:00:00,115.29
Montenegro,MNE,2025-04-17 20:00:00,2025-04-17 22:00:00,103.98
Montenegro,MNE,2025-04-17 21:00:00,2025-04-17 23:00:00,97.01
Montenegro,MNE,2025-04-17 22:00:00,2025-04-18 00:00:00,88.0
Montenegro,MNE,2025-04-17 23:00:00,2025-04-18 01:00:00,80.06
Montenegro,MNE,2025-04-18 00:00:00,2025-04-18 02:00:00,77.36
Montenegro,MNE,2025-04-18 01:00:00,2025-04-18 03:00:00,76.59
Montenegro,MNE,2025-04-18 02:00:00,2025-04-18 04:00:00,80.0
Montenegro,MNE,2025-04-18 03:00:00,2025-04-18 05:00:00,99.24
Montenegro,MNE,2025-04-18 04:00:00,2025-04-18 06:00:00,108.0
Montenegro,MNE,2025-04-18 05:00:00,2025-04-18 07:00:00,124.64
Montenegro,MNE,2025-04-18 06:00:00,2025-04-18 08:00:00,120.0
Montenegro,MNE,2025-04-18 07:00:00,2025-04-18 09:00:00,105.01
Montenegro,MNE,2025-04-18 08:00:00,2025-04-18 10:00:00,64.36
Montenegro,MNE,2025-04-18 09:00:00,2025-04-18 11:00:00,53.08
Montenegro,MNE,2025-04-18 10:00:00,2025-04-18 12:00:00,47.11
Montenegro,MNE,2025-04-18 11:00:00,2025-04-18 13:00:00,47.2
Montenegro,MNE,2025-04-18 12:00:00,2025-04-18 14:00:00,47.31
Montenegro,MNE,2025-04-18 13:00:00,2025-04-18 15:00:00,57.69
Montenegro,MNE,2025-04-18 14:00:00,2025-04-18 16:00:00,70.91
Montenegro,MNE,2025-04-18 15:00:00,2025-04-18 17:00:00,105.0
Montenegro,MNE,2025-04-18 16:00:00,2025-04-18 18:00:00,113.3
Montenegro,MNE,2025-04-18 17:00:00,2025-04-18 19:00:00,136.64
Montenegro,MNE,2025-04-18 18:00:00,2025-04-18 20:00:00,137.2
Montenegro,MNE,2025-04-18 19:00:00,2025-04-18 21:00:00,119.99
Montenegro,MNE,2025-04-18 20:00:00,2025-04-18 22:00:00,112.05
Montenegro,MNE,2025-04-18 21:00:00,2025-04-18 23:00:00,109.75
Montenegro,MNE,2025-04-18 22:00:00,2025-04-19 00:00:00,99.69
Montenegro,MNE,2025-04-18 23:00:00,2025-04-19 01:00:00,93.27
Montenegro,MNE,2025-04-19 00:00:00,2025-04-19 02:00:00,88.5
Montenegro,MNE,2025-04-19 01:00:00,2025-04-19 03:00:00,88.5
Montenegro,MNE,2025-04-19 02:00:00,2025-04-19 04:00:00,87.7
Montenegro,MNE,2025-04-19 03:00:00,2025-04-19 05:00:00,96.91
Montenegro,MNE,2025-04-19 04:00:00,2025-04-19 06:00:00,99.5
Montenegro,MNE,2025-04-19 05:00:00,2025-04-19 07:00:00,97.2
Montenegro,MNE,2025-04-19 06:00:00,2025-04-19 08:00:00,87.0
Montenegro,MNE,2025-04-19 07:00:00,2025-04-19 09:00:00,49.3
Montenegro,MNE,2025-04-19 08:00:00,2025-04-19 10:00:00,25.49
Montenegro,MNE,2025-04-19 09:00:00,2025-04-19 11:00:00,7.05
Montenegro,MNE,2025-04-19 10:00:00,2025-04-19 12:00:00,7.68
Montenegro,MNE,2025-04-19 11:00:00,2025-04-19 13:00:00,1.26
Montenegro,MNE,2025-04-19 12:00:00,2025-04-19 14:00:00,1.33
Montenegro,MNE,2025-04-19 13:00:00,2025-04-19 15:00:00,1.7
Montenegro,MNE,2025-04-19 14:00:00,2025-04-19 16:00:00,19.16
Montenegro,MNE,2025-04-19 15:00:00,2025-04-19 17:00:00,67.21
Montenegro,MNE,2025-04-19 16:00:00,2025-04-19 18:00:00,105.57
Montenegro,MNE,2025-04-19 17:00:00,2025-04-19 19:00:00,127.08
Montenegro,MNE,2025-04-19 18:00:00,2025-04-19 20:00:00,129.13
Montenegro,MNE,2025-04-19 19:00:00,2025-04-19 21:00:00,119.0
Montenegro,MNE,2025-04-19 20:00:00,2025-04-19 22:00:00,105.51
Montenegro,MNE,2025-04-19 21:00:00,2025-04-19 23:00:00,99.09
Montenegro,MNE,2025-04-19 22:00:00,2025-04-20 00:00:00,92.0
Montenegro,MNE,2025-04-19 23:00:00,2025-04-20 01:00:00,89.45
Montenegro,MNE,2025-04-20 00:00:00,2025-04-20 02:00:00,83.72
Montenegro,MNE,2025-04-20 01:00:00,2025-04-20 03:00:00,83.37
Montenegro,MNE,2025-04-20 02:00:00,2025-04-20 04:00:00,81.0
Montenegro,MNE,2025-04-20 03:00:00,2025-04-20 05:00:00,81.0
Montenegro,MNE,2025-04-20 04:00:00,2025-04-20 06:00:00,83.0
Montenegro,MNE,2025-04-20 05:00:00,2025-04-20 07:00:00,75.93
Montenegro,MNE,2025-04-20 06:00:00,2025-04-20 08:00:00,49.47
Montenegro,MNE,2025-04-20 07:00:00,2025-04-20 09:00:00,13.29
Montenegro,MNE,2025-04-20 08:00:00,2025-04-20 10:00:00,0.0
Montenegro,MNE,2025-04-20 09:00:00,2025-04-20 11:00:00,0.0
Montenegro,MNE,2025-04-20 10:00:00,2025-04-20 12:00:00,0.0
Montenegro,MNE,2025-04-20 11:00:00,2025-04-20 13:00:00,0.0
Montenegro,MNE,2025-04-20 12:00:00,2025-04-20 14:00:00,0.0
Montenegro,MNE,2025-04-20 13:00:00,2025-04-20 15:00:00,0.0
Montenegro,MNE,2025-04-20 14:00:00,2025-04-20 16:00:00,1.42
Montenegro,MNE,2025-04-20 15:00:00,2025-04-20 17:00:00,47.06
Montenegro,MNE,2025-04-20 16:00:00,2025-04-20 18:00:00,96.0
Montenegro,MNE,2025-04-20 17:00:00,2025-04-20 19:00:00,131.75
Montenegro,MNE,2025-04-20 18:00:00,2025-04-20 20:00:00,137.37
Montenegro,MNE,2025-04-20 19:00:00,2025-04-20 21:00:00,125.37
Montenegro,MNE,2025-04-20 20:00:00,2025-04-20 22:00:00,110.03
Montenegro,MNE,2025-04-20 21:00:00,2025-04-20 23:00:00,100.03
Montenegro,MNE,2025-04-20 22:00:00,2025-04-21 00:00:00,99.83
Montenegro,MNE,2025-04-20 23:00:00,2025-04-21 01:00:00,95.5
Montenegro,MNE,2025-04-21 00:00:00,2025-04-21 02:00:00,96.33
Montenegro,MNE,2025-04-21 01:00:00,2025-04-21 03:00:00,95.13
Montenegro,MNE,2025-04-21 02:00:00,2025-04-21 04:00:00,95.03
Montenegro,MNE,2025-04-21 03:00:00,2025-04-21 05:00:00,99.65
Montenegro,MNE,2025-04-21 04:00:00,2025-04-21 06:00:00,101.71
Montenegro,MNE,2025-04-21 05:00:00,2025-04-21 07:00:00,81.09
Montenegro,MNE,2025-04-21 06:00:00,2025-04-21 08:00:00,41.09
Montenegro,MNE,2025-04-21 07:00:00,2025-04-21 09:00:00,5.54
Montenegro,MNE,2025-04-21 08:00:00,2025-04-21 10:00:00,1.35
Montenegro,MNE,2025-04-21 09:00:00,2025-04-21 11:00:00,0.0
Montenegro,MNE,2025-04-21 10:00:00,2025-04-21 12:00:00,0.0
Montenegro,MNE,2025-04-21 11:00:00,2025-04-21 13:00:00,0.0
Montenegro,MNE,2025-04-21 12:00:00,2025-04-21 14:00:00,0.0
Montenegro,MNE,2025-04-21 13:00:00,2025-04-21 15:00:00,1.01
Montenegro,MNE,2025-04-21 14:00:00,2025-04-21 16:00:00,22.35
Montenegro,MNE,2025-04-21 15:00:00,2025-04-21 17:00:00,73.29
Montenegro,MNE,2025-04-21 16:00:00,2025-04-21 18:00:00,109.14
Montenegro,MNE,2025-04-21 17:00:00,2025-04-21 19:00:00,120.39
Montenegro,MNE,2025-04-21 18:00:00,2025-04-21 20:00:00,137.67
Montenegro,MNE,2025-04-21 19:00:00,2025-04-21 21:00:00,133.4
Montenegro,MNE,2025-04-21 20:00:00,2025-04-21 22:00:00,119.02
Montenegro,MNE,2025-04-21 21:00:00,2025-04-21 23:00:00,106.02
Montenegro,MNE,2025-04-21 22:00:00,2025-04-22 00:00:00,107.01
Montenegro,MNE,2025-04-21 23:00:00,2025-04-22 01:00:00,98.46
Montenegro,MNE,2025-04-22 00:00:00,2025-04-22 02:00:00,97.54
Montenegro,MNE,2025-04-22 01:00:00,2025-04-22 03:00:00,98.0
Montenegro,MNE,2025-04-22 02:00:00,2025-04-22 04:00:00,98.0
Montenegro,MNE,2025-04-22 03:00:00,2025-04-22 05:00:00,99.7
Montenegro,MNE,2025-04-22 04:00:00,2025-04-22 06:00:00,125.01
Montenegro,MNE,2025-04-22 05:00:00,2025-04-22 07:00:00,136.01
Montenegro,MNE,2025-04-22 06:00:00,2025-04-22 08:00:00,115.01
Montenegro,MNE,2025-04-22 07:00:00,2025-04-22 09:00:00,80.06
Montenegro,MNE,2025-04-22 08:00:00,2025-04-22 10:00:00,60.09
Montenegro,MNE,2025-04-22 09:00:00,2025-04-22 11:00:00,55.07
Montenegro,MNE,2025-04-22 10:00:00,2025-04-22 12:00:00,49.02
Montenegro,MNE,2025-04-22 11:00:00,2025-04-22 13:00:00,44.96
Montenegro,MNE,2025-04-22 12:00:00,2025-04-22 14:00:00,48.06
Montenegro,MNE,2025-04-22 13:00:00,2025-04-22 15:00:00,64.06
Montenegro,MNE,2025-04-22 14:00:00,2025-04-22 16:00:00,87.14
Montenegro,MNE,2025-04-22 15:00:00,2025-04-22 17:00:00,106.01
Montenegro,MNE,2025-04-22 16:00:00,2025-04-22 18:00:00,139.11
Montenegro,MNE,2025-04-22 17:00:00,2025-04-22 19:00:00,173.1
Montenegro,MNE,2025-04-22 18:00:00,2025-04-22 20:00:00,181.58
Montenegro,MNE,2025-04-22 19:00:00,2025-04-22 21:00:00,147.35
Montenegro,MNE,2025-04-22 20:00:00,2025-04-22 22:00:00,125.07
Montenegro,MNE,2025-04-22 21:00:00,2025-04-22 23:00:00,111.65
Montenegro,MNE,2025-04-22 22:00:00,2025-04-23 00:00:00,112.09
Montenegro,MNE,2025-04-22 23:00:00,2025-04-23 01:00:00,109.38
Montenegro,MNE,2025-04-23 00:00:00,2025-04-23 02:00:00,107.89
Montenegro,MNE,2025-04-23 01:00:00,2025-04-23 03:00:00,105.38
Montenegro,MNE,2025-04-23 02:00:00,2025-04-23 04:00:00,107.08
Montenegro,MNE,2025-04-23 03:00:00,2025-04-23 05:00:00,116.01
Montenegro,MNE,2025-04-23 04:00:00,2025-04-23 06:00:00,137.08
Montenegro,MNE,2025-04-23 05:00:00,2025-04-23 07:00:00,155.73
Montenegro,MNE,2025-04-23 06:00:00,2025-04-23 08:00:00,140.08
Montenegro,MNE,2025-04-23 07:00:00,2025-04-23 09:00:00,107.93
Montenegro,MNE,2025-04-23 08:00:00,2025-04-23 10:00:00,95.0
Montenegro,MNE,2025-04-23 09:00:00,2025-04-23 11:00:00,86.1
Montenegro,MNE,2025-04-23 10:00:00,2025-04-23 12:00:00,71.85
Montenegro,MNE,2025-04-23 11:00:00,2025-04-23 13:00:00,63.02
Montenegro,MNE,2025-04-23 12:00:00,2025-04-23 14:00:00,75.34
Montenegro,MNE,2025-04-23 13:00:00,2025-04-23 15:00:00,91.91
Montenegro,MNE,2025-04-23 14:00:00,2025-04-23 16:00:00,107.31
Montenegro,MNE,2025-04-23 15:00:00,2025-04-23 17:00:00,119.99
Montenegro,MNE,2025-04-23 16:00:00,2025-04-23 18:00:00,147.16
Montenegro,MNE,2025-04-23 17:00:00,2025-04-23 19:00:00,187.21
Montenegro,MNE,2025-04-23 18:00:00,2025-04-23 20:00:00,187.42
Montenegro,MNE,2025-04-23 19:00:00,2025-04-23 21:00:00,143.09
Montenegro,MNE,2025-04-23 20:00:00,2025-04-23 22:00:00,120.17
Montenegro,MNE,2025-04-23 21:00:00,2025-04-23 23:00:00,115.06
Montenegro,MNE,2025-04-23 22:00:00,2025-04-24 00:00:00,101.97
Montenegro,MNE,2025-04-23 23:00:00,2025-04-24 01:00:00,96.01
Montenegro,MNE,2025-04-24 00:00:00,2025-04-24 02:00:00,95.35
Montenegro,MNE,2025-04-24 01:00:00,2025-04-24 03:00:00,94.87
Montenegro,MNE,2025-04-24 02:00:00,2025-04-24 04:00:00,95.0
Montenegro,MNE,2025-04-24 03:00:00,2025-04-24 05:00:00,101.01
Montenegro,MNE,2025-04-24 04:00:00,2025-04-24 06:00:00,117.18
Montenegro,MNE,2025-04-24 05:00:00,2025-04-24 07:00:00,125.78
Montenegro,MNE,2025-04-24 06:00:00,2025-04-24 08:00:00,120.0
Montenegro,MNE,2025-04-24 07:00:00,2025-04-24 09:00:00,97.5
Montenegro,MNE,2025-04-24 08:00:00,2025-04-24 10:00:00,87.53
Montenegro,MNE,2025-04-24 09:00:00,2025-04-24 11:00:00,81.7
Montenegro,MNE,2025-04-24 10:00:00,2025-04-24 12:00:00,73.46
Montenegro,MNE,2025-04-24 11:00:00,2025-04-24 13:00:00,73.12
Montenegro,MNE,2025-04-24 12:00:00,2025-04-24 14:00:00,77.58
Montenegro,MNE,2025-04-24 13:00:00,2025-04-24 15:00:00,79.77
Montenegro,MNE,2025-04-24 14:00:00,2025-04-24 16:00:00,89.26
Montenegro,MNE,2025-04-24 15:00:00,2025-04-24 17:00:00,102.95
Montenegro,MNE,2025-04-24 16:00:00,2025-04-24 18:00:00,145.02
Montenegro,MNE,2025-04-24 17:00:00,2025-04-24 19:00:00,167.01
Montenegro,MNE,2025-04-24 18:00:00,2025-04-24 20:00:00,193.24
Montenegro,MNE,2025-04-24 19:00:00,2025-04-24 21:00:00,131.71
Montenegro,MNE,2025-04-24 20:00:00,2025-04-24 22:00:00,113.15
Montenegro,MNE,2025-04-24 21:00:00,2025-04-24 23:00:00,105.15
Montenegro,MNE,2025-04-24 22:00:00,2025-04-25 00:00:00,94.0
Montenegro,MNE,2025-04-24 23:00:00,2025-04-25 01:00:00,91.0
Montenegro,MNE,2025-04-25 00:00:00,2025-04-25 02:00:00,87.47
Montenegro,MNE,2025-04-25 01:00:00,2025-04-25 03:00:00,86.83
Montenegro,MNE,2025-04-25 02:00:00,2025-04-25 04:00:00,88.0
Montenegro,MNE,2025-04-25 03:00:00,2025-04-25 05:00:00,94.0
Montenegro,MNE,2025-04-25 04:00:00,2025-04-25 06:00:00,105.24
Montenegro,MNE,2025-04-25 05:00:00,2025-04-25 07:00:00,115.71
Montenegro,MNE,2025-04-25 06:00:00,2025-04-25 08:00:00,107.0
Montenegro,MNE,2025-04-25 07:00:00,2025-04-25 09:00:00,92.06
Montenegro,MNE,2025-04-25 08:00:00,2025-04-25 10:00:00,74.09
Montenegro,MNE,2025-04-25 09:00:00,2025-04-25 11:00:00,65.85
Montenegro,MNE,2025-04-25 10:00:00,2025-04-25 12:00:00,56.0
Montenegro,MNE,2025-04-25 11:00:00,2025-04-25 13:00:00,47.08
Montenegro,MNE,2025-04-25 12:00:00,2025-04-25 14:00:00,48.04
Montenegro,MNE,2025-04-25 13:00:00,2025-04-25 15:00:00,57.01
Montenegro,MNE,2025-04-25 14:00:00,2025-04-25 16:00:00,72.26
Montenegro,MNE,2025-04-25 15:00:00,2025-04-25 17:00:00,85.67
Montenegro,MNE,2025-04-25 16:00:00,2025-04-25 18:00:00,108.61
Montenegro,MNE,2025-04-25 17:00:00,2025-04-25 19:00:00,121.25
Montenegro,MNE,2025-04-25 18:00:00,2025-04-25 20:00:00,137.56
Montenegro,MNE,2025-04-25 19:00:00,2025-04-25 21:00:00,113.84
Montenegro,MNE,2025-04-25 20:00:00,2025-04-25 22:00:00,106.01
Montenegro,MNE,2025-04-25 21:00:00,2025-04-25 23:00:00,95.1
Montenegro,MNE,2025-04-25 22:00:00,2025-04-26 00:00:00,93.83
Montenegro,MNE,2025-04-25 23:00:00,2025-04-26 01:00:00,89.72
Montenegro,MNE,2025-04-26 00:00:00,2025-04-26 02:00:00,85.84
Montenegro,MNE,2025-04-26 01:00:00,2025-04-26 03:00:00,83.84
Montenegro,MNE,2025-04-26 02:00:00,2025-04-26 04:00:00,83.72
Montenegro,MNE,2025-04-26 03:00:00,2025-04-26 05:00:00,87.97
Montenegro,MNE,2025-04-26 04:00:00,2025-04-26 06:00:00,93.08
Montenegro,MNE,2025-04-26 05:00:00,2025-04-26 07:00:00,88.95
Montenegro,MNE,2025-04-26 06:00:00,2025-04-26 08:00:00,75.0
Montenegro,MNE,2025-04-26 07:00:00,2025-04-26 09:00:00,46.01
Montenegro,MNE,2025-04-26 08:00:00,2025-04-26 10:00:00,15.07
Montenegro,MNE,2025-04-26 09:00:00,2025-04-26 11:00:00,9.48
Montenegro,MNE,2025-04-26 10:00:00,2025-04-26 12:00:00,3.01
Montenegro,MNE,2025-04-26 11:00:00,2025-04-26 13:00:00,5.05
Montenegro,MNE,2025-04-26 12:00:00,2025-04-26 14:00:00,7.31
Montenegro,MNE,2025-04-26 13:00:00,2025-04-26 15:00:00,9.35
Montenegro,MNE,2025-04-26 14:00:00,2025-04-26 16:00:00,23.51
Montenegro,MNE,2025-04-26 15:00:00,2025-04-26 17:00:00,65.52
Montenegro,MNE,2025-04-26 16:00:00,2025-04-26 18:00:00,101.79
Montenegro,MNE,2025-04-26 17:00:00,2025-04-26 19:00:00,118.92
Montenegro,MNE,2025-04-26 18:00:00,2025-04-26 20:00:00,120.0
Montenegro,MNE,2025-04-26 19:00:00,2025-04-26 21:00:00,113.01
Montenegro,MNE,2025-04-26 20:00:00,2025-04-26 22:00:00,93.99
Montenegro,MNE,2025-04-26 21:00:00,2025-04-26 23:00:00,81.99
Montenegro,MNE,2025-04-26 22:00:00,2025-04-27 00:00:00,61.98
Montenegro,MNE,2025-04-26 23:00:00,2025-04-27 01:00:00,57.96
Montenegro,MNE,2025-04-27 00:00:00,2025-04-27 02:00:00,51.49
Montenegro,MNE,2025-04-27 01:00:00,2025-04-27 03:00:00,48.08
Montenegro,MNE,2025-04-27 02:00:00,2025-04-27 04:00:00,53.28
Montenegro,MNE,2025-04-27 03:00:00,2025-04-27 05:00:00,59.91
Montenegro,MNE,2025-04-27 04:00:00,2025-04-27 06:00:00,57.17
Montenegro,MNE,2025-04-27 05:00:00,2025-04-27 07:00:00,50.68
Montenegro,MNE,2025-04-27 06:00:00,2025-04-27 08:00:00,38.61
Montenegro,MNE,2025-04-27 07:00:00,2025-04-27 09:00:00,1.97
Montenegro,MNE,2025-04-27 08:00:00,2025-04-27 10:00:00,0.97
Montenegro,MNE,2025-04-27 09:00:00,2025-04-27 11:00:00,0.98
Montenegro,MNE,2025-04-27 10:00:00,2025-04-27 12:00:00,0.94
Montenegro,MNE,2025-04-27 11:00:00,2025-04-27 13:00:00,0.95
Montenegro,MNE,2025-04-27 12:00:00,2025-04-27 14:00:00,0.96
Montenegro,MNE,2025-04-27 13:00:00,2025-04-27 15:00:00,0.97
Montenegro,MNE,2025-04-27 14:00:00,2025-04-27 16:00:00,1.1
Montenegro,MNE,2025-04-27 15:00:00,2025-04-27 17:00:00,30.49
Montenegro,MNE,2025-04-27 16:00:00,2025-04-27 18:00:00,97.49
Montenegro,MNE,2025-04-27 17:00:00,2025-04-27 19:00:00,121.36
Montenegro,MNE,2025-04-27 18:00:00,2025-04-27 20:00:00,131.09
Montenegro,MNE,2025-04-27 19:00:00,2025-04-27 21:00:00,121.86
Montenegro,MNE,2025-04-27 20:00:00,2025-04-27 22:00:00,105.88
Montenegro,MNE,2025-04-27 21:00:00,2025-04-27 23:00:00,89.94
Montenegro,MNE,2025-04-27 22:00:00,2025-04-28 00:00:00,85.14
Montenegro,MNE,2025-04-27 23:00:00,2025-04-28 01:00:00,83.2
Montenegro,MNE,2025-04-28 00:00:00,2025-04-28 02:00:00,77.8
Montenegro,MNE,2025-04-28 01:00:00,2025-04-28 03:00:00,77.95
Montenegro,MNE,2025-04-28 02:00:00,2025-04-28 04:00:00,80.14
Montenegro,MNE,2025-04-28 03:00:00,2025-04-28 05:00:00,89.68
Montenegro,MNE,2025-04-28 04:00:00,2025-04-28 06:00:00,115.91
Montenegro,MNE,2025-04-28 05:00:00,2025-04-28 07:00:00,127.63
Montenegro,MNE,2025-04-28 06:00:00,2025-04-28 08:00:00,111.04
Montenegro,MNE,2025-04-28 07:00:00,2025-04-28 09:00:00,85.03
Montenegro,MNE,2025-04-28 08:00:00,2025-04-28 10:00:00,56.84
Montenegro,MNE,2025-04-28 09:00:00,2025-04-28 11:00:00,34.64
Montenegro,MNE,2025-04-28 10:00:00,2025-04-28 12:00:00,20.04
Montenegro,MNE,2025-04-28 11:00:00,2025-04-28 13:00:00,17.64
Montenegro,MNE,2025-04-28 12:00:00,2025-04-28 14:00:00,17.64
Montenegro,MNE,2025-04-28 13:00:00,2025-04-28 15:00:00,38.06
Montenegro,MNE,2025-04-28 14:00:00,2025-04-28 16:00:00,62.07
Montenegro,MNE,2025-04-28 15:00:00,2025-04-28 17:00:00,87.17
Montenegro,MNE,2025-04-28 16:00:00,2025-04-28 18:00:00,114.56
Montenegro,MNE,2025-04-28 17:00:00,2025-04-28 19:00:00,133.43
Montenegro,MNE,2025-04-28 18:00:00,2025-04-28 20:00:00,143.03
Montenegro,MNE,2025-04-28 19:00:00,2025-04-28 21:00:00,119.99
Montenegro,MNE,2025-04-28 20:00:00,2025-04-28 22:00:00,105.86
Montenegro,MNE,2025-04-28 21:00:00,2025-04-28 23:00:00,97.64
Montenegro,MNE,2025-04-28 22:00:00,2025-04-29 00:00:00,97.2
Montenegro,MNE,2025-04-28 23:00:00,2025-04-29 01:00:00,91.0
Montenegro,MNE,2025-04-29 00:00:00,2025-04-29 02:00:00,89.03
Montenegro,MNE,2025-04-29 01:00:00,2025-04-29 03:00:00,87.76
Montenegro,MNE,2025-04-29 02:00:00,2025-04-29 04:00:00,91.08
Montenegro,MNE,2025-04-29 03:00:00,2025-04-29 05:00:00,95.3
Montenegro,MNE,2025-04-29 04:00:00,2025-04-29 06:00:00,116.0
Montenegro,MNE,2025-04-29 05:00:00,2025-04-29 07:00:00,125.0
Montenegro,MNE,2025-04-29 06:00:00,2025-04-29 08:00:00,96.05
Montenegro,MNE,2025-04-29 07:00:00,2025-04-29 09:00:00,69.07
Montenegro,MNE,2025-04-29 08:00:00,2025-04-29 10:00:00,32.04
Montenegro,MNE,2025-04-29 09:00:00,2025-04-29 11:00:00,3.62
Montenegro,MNE,2025-04-29 10:00:00,2025-04-29 12:00:00,5.03
Montenegro,MNE,2025-04-29 11:00:00,2025-04-29 13:00:00,2.04
Montenegro,MNE,2025-04-29 12:00:00,2025-04-29 14:00:00,3.75
Montenegro,MNE,2025-04-29 13:00:00,2025-04-29 15:00:00,10.0
Montenegro,MNE,2025-04-29 14:00:00,2025-04-29 16:00:00,47.07
Montenegro,MNE,2025-04-29 15:00:00,2025-04-29 17:00:00,86.03
Montenegro,MNE,2025-04-29 16:00:00,2025-04-29 18:00:00,113.88
Montenegro,MNE,2025-04-29 17:00:00,2025-04-29 19:00:00,141.62
Montenegro,MNE,2025-04-29 18:00:00,2025-04-29 20:00:00,153.14
Montenegro,MNE,2025-04-29 19:00:00,2025-04-29 21:00:00,125.75
Montenegro,MNE,2025-04-29 20:00:00,2025-04-29 22:00:00,111.47
Montenegro,MNE,2025-04-29 21:00:00,2025-04-29 23:00:00,101.09
Montenegro,MNE,2025-04-29 22:00:00,2025-04-30 00:00:00,93.65
Montenegro,MNE,2025-04-29 23:00:00,2025-04-30 01:00:00,89.37
Montenegro,MNE,2025-04-30 00:00:00,2025-04-30 02:00:00,85.37
Montenegro,MNE,2025-04-30 01:00:00,2025-04-30 03:00:00,84.36
Montenegro,MNE,2025-04-30 02:00:00,2025-04-30 04:00:00,85.55
Montenegro,MNE,2025-04-30 03:00:00,2025-04-30 05:00:00,91.93
Montenegro,MNE,2025-04-30 04:00:00,2025-04-30 06:00:00,110.15
Montenegro,MNE,2025-04-30 05:00:00,2025-04-30 07:00:00,115.59
Montenegro,MNE,2025-04-30 06:00:00,2025-04-30 08:00:00,91.01
Montenegro,MNE,2025-04-30 07:00:00,2025-04-30 09:00:00,61.82
Montenegro,MNE,2025-04-30 08:00:00,2025-04-30 10:00:00,9.67
Montenegro,MNE,2025-04-30 09:00:00,2025-04-30 11:00:00,2.2
Montenegro,MNE,2025-04-30 10:00:00,2025-04-30 12:00:00,2.0
Montenegro,MNE,2025-04-30 11:00:00,2025-04-30 13:00:00,2.0
Montenegro,MNE,2025-04-30 12:00:00,2025-04-30 14:00:00,2.02
Montenegro,MNE,2025-04-30 13:00:00,2025-04-30 15:00:00,3.4
Montenegro,MNE,2025-04-30 14:00:00,2025-04-30 16:00:00,21.14
Montenegro,MNE,2025-04-30 15:00:00,2025-04-30 17:00:00,77.04
Montenegro,MNE,2025-04-30 16:00:00,2025-04-30 18:00:00,101.53
Montenegro,MNE,2025-04-30 17:00:00,2025-04-30 19:00:00,123.49
Montenegro,MNE,2025-04-30 18:00:00,2025-04-30 20:00:00,134.14
Montenegro,MNE,2025-04-30 19:00:00,2025-04-30 21:00:00,120.51
Montenegro,MNE,2025-04-30 20:00:00,2025-04-30 22:00:00,105.88
Montenegro,MNE,2025-04-30 21:00:00,2025-04-30 23:00:00,97.77
Montenegro,MNE,2025-04-30 22:00:00,2025-05-01 00:00:00,93.29
Montenegro,MNE,2025-04-30 23:00:00,2025-05-01 01:00:00,89.17
Montenegro,MNE,2025-05-01 00:00:00,2025-05-01 02:00:00,83.25
Montenegro,MNE,2025-05-01 01:00:00,2025-05-01 03:00:00,81.41
Montenegro,MNE,2025-05-01 02:00:00,2025-05-01 04:00:00,82.0
Montenegro,MNE,2025-05-01 03:00:00,2025-05-01 05:00:00,83.15
Montenegro,MNE,2025-05-01 04:00:00,2025-05-01 06:00:00,83.52
Montenegro,MNE,2025-05-01 05:00:00,2025-05-01 07:00:00,73.88
Montenegro,MNE,2025-05-01 06:00:00,2025-05-01 08:00:00,30.29
Montenegro,MNE,2025-05-01 07:00:00,2025-05-01 09:00:00,0.0
Montenegro,MNE,2025-05-01 08:00:00,2025-05-01 10:00:00,0.0
Montenegro,MNE,2025-05-01 09:00:00,2025-05-01 11:00:00,0.0
Montenegro,MNE,2025-05-01 10:00:00,2025-05-01 12:00:00,0.0
Montenegro,MNE,2025-05-01 11:00:00,2025-05-01 13:00:00,0.0
Montenegro,MNE,2025-05-01 12:00:00,2025-05-01 14:00:00,0.0
Montenegro,MNE,2025-05-01 13:00:00,2025-05-01 15:00:00,0.0
Montenegro,MNE,2025-05-01 14:00:00,2025-05-01 16:00:00,0.0
Montenegro,MNE,2025-05-01 15:00:00,2025-05-01 17:00:00,27.47
Montenegro,MNE,2025-05-01 16:00:00,2025-05-01 18:00:00,87.63
Montenegro,MNE,2025-05-01 17:00:00,2025-05-01 19:00:00,107.65
Montenegro,MNE,2025-05-01 18:00:00,2025-05-01 20:00:00,123.19
Montenegro,MNE,2025-05-01 19:00:00,2025-05-01 21:00:00,109.41
Montenegro,MNE,2025-05-01 20:00:00,2025-05-01 22:00:00,99.77
Montenegro,MNE,2025-05-01 21:00:00,2025-05-01 23:00:00,93.12
Montenegro,MNE,2025-05-01 22:00:00,2025-05-02 00:00:00,81.07
Montenegro,MNE,2025-05-01 23:00:00,2025-05-02 01:00:00,72.73
Montenegro,MNE,2025-05-02 00:00:00,2025-05-02 02:00:00,63.09
Montenegro,MNE,2025-05-02 01:00:00,2025-05-02 03:00:00,59.5
Montenegro,MNE,2025-05-02 02:00:00,2025-05-02 04:00:00,61.26
Montenegro,MNE,2025-05-02 03:00:00,2025-05-02 05:00:00,65.71
Montenegro,MNE,2025-05-02 04:00:00,2025-05-02 06:00:00,79.08
Montenegro,MNE,2025-05-02 05:00:00,2025-05-02 07:00:00,79.92
Montenegro,MNE,2025-05-02 06:00:00,2025-05-02 08:00:00,68.07
Montenegro,MNE,2025-05-02 07:00:00,2025-05-02 09:00:00,7.56
Montenegro,MNE,2025-05-02 08:00:00,2025-05-02 10:00:00,0.0
Montenegro,MNE,2025-05-02 09:00:00,2025-05-02 11:00:00,0.0
Montenegro,MNE,2025-05-02 10:00:00,2025-05-02 12:00:00,0.0
Montenegro,MNE,2025-05-02 11:00:00,2025-05-02 13:00:00,0.0
Montenegro,MNE,2025-05-02 12:00:00,2025-05-02 14:00:00,0.0
Montenegro,MNE,2025-05-02 13:00:00,2025-05-02 15:00:00,0.0
Montenegro,MNE,2025-05-02 14:00:00,2025-05-02 16:00:00,2.03
Montenegro,MNE,2025-05-02 15:00:00,2025-05-02 17:00:00,47.69
Montenegro,MNE,2025-05-02 16:00:00,2025-05-02 18:00:00,94.45
Montenegro,MNE,2025-05-02 17:00:00,2025-05-02 19:00:00,121.39
Montenegro,MNE,2025-05-02 18:00:00,2025-05-02 20:00:00,140.03
Montenegro,MNE,2025-05-02 19:00:00,2025-05-02 21:00:00,114.09
Montenegro,MNE,2025-05-02 20:00:00,2025-05-02 22:00:00,98.09
Montenegro,MNE,2025-05-02 21:00:00,2025-05-02 23:00:00,87.97
Montenegro,MNE,2025-05-02 22:00:00,2025-05-03 00:00:00,96.8
Montenegro,MNE,2025-05-02 23:00:00,2025-05-03 01:00:00,91.72
Montenegro,MNE,2025-05-03 00:00:00,2025-05-03 02:00:00,89.66
Montenegro,MNE,2025-05-03 01:00:00,2025-05-03 03:00:00,87.57
Montenegro,MNE,2025-05-03 02:00:00,2025-05-03 04:00:00,86.54
Montenegro,MNE,2025-05-03 03:00:00,2025-05-03 05:00:00,87.75
Montenegro,MNE,2025-05-03 04:00:00,2025-05-03 06:00:00,91.9
Montenegro,MNE,2025-05-03 05:00:00,2025-05-03 07:00:00,82.09
Montenegro,MNE,2025-05-03 06:00:00,2025-05-03 08:00:00,60.36
Montenegro,MNE,2025-05-03 07:00:00,2025-05-03 09:00:00,24.73
Montenegro,MNE,2025-05-03 08:00:00,2025-05-03 10:00:00,1.49
Montenegro,MNE,2025-05-03 09:00:00,2025-05-03 11:00:00,0.02
Montenegro,MNE,2025-05-03 10:00:00,2025-05-03 12:00:00,0.0
Montenegro,MNE,2025-05-03 11:00:00,2025-05-03 13:00:00,0.0
Montenegro,MNE,2025-05-03 12:00:00,2025-05-03 14:00:00,0.0
Montenegro,MNE,2025-05-03 13:00:00,2025-05-03 15:00:00,0.0
Montenegro,MNE,2025-05-03 14:00:00,2025-05-03 16:00:00,1.57
Montenegro,MNE,2025-05-03 15:00:00,2025-05-03 17:00:00,56.07
Montenegro,MNE,2025-05-03 16:00:00,2025-05-03 18:00:00,91.32
Montenegro,MNE,2025-05-03 17:00:00,2025-05-03 19:00:00,107.35
Montenegro,MNE,2025-05-03 18:00:00,2025-05-03 20:00:00,123.16
Montenegro,MNE,2025-05-03 19:00:00,2025-05-03 21:00:00,110.04
Montenegro,MNE,2025-05-03 20:00:00,2025-05-03 22:00:00,85.05
Montenegro,MNE,2025-05-03 21:00:00,2025-05-03 23:00:00,75.81
Montenegro,MNE,2025-05-03 22:00:00,2025-05-04 00:00:00,75.02
Montenegro,MNE,2025-05-03 23:00:00,2025-05-04 01:00:00,65.54
Montenegro,MNE,2025-05-04 00:00:00,2025-05-04 02:00:00,55.07
Montenegro,MNE,2025-05-04 01:00:00,2025-05-04 03:00:00,46.55
Montenegro,MNE,2025-05-04 02:00:00,2025-05-04 04:00:00,46.04
Montenegro,MNE,2025-05-04 03:00:00,2025-05-04 05:00:00,51.56
Montenegro,MNE,2025-05-04 04:00:00,2025-05-04 06:00:00,43.01
Montenegro,MNE,2025-05-04 05:00:00,2025-05-04 07:00:00,29.32
Montenegro,MNE,2025-05-04 06:00:00,2025-05-04 08:00:00,15.03
Montenegro,MNE,2025-05-04 07:00:00,2025-05-04 09:00:00,5.01
Montenegro,MNE,2025-05-04 08:00:00,2025-05-04 10:00:00,0.14
Montenegro,MNE,2025-05-04 09:00:00,2025-05-04 11:00:00,0.0
Montenegro,MNE,2025-05-04 10:00:00,2025-05-04 12:00:00,0.0
Montenegro,MNE,2025-05-04 11:00:00,2025-05-04 13:00:00,0.0
Montenegro,MNE,2025-05-04 12:00:00,2025-05-04 14:00:00,0.0
Montenegro,MNE,2025-05-04 13:00:00,2025-05-04 15:00:00,0.14
Montenegro,MNE,2025-05-04 14:00:00,2025-05-04 16:00:00,1.1
Montenegro,MNE,2025-05-04 15:00:00,2025-05-04 17:00:00,45.01
Montenegro,MNE,2025-05-04 16:00:00,2025-05-04 18:00:00,91.03
Montenegro,MNE,2025-05-04 17:00:00,2025-05-04 19:00:00,103.51
Montenegro,MNE,2025-05-04 18:00:00,2025-05-04 20:00:00,115.31
Montenegro,MNE,2025-05-04 19:00:00,2025-05-04 21:00:00,107.13
Montenegro,MNE,2025-05-04 20:00:00,2025-05-04 22:00:00,99.48
Montenegro,MNE,2025-05-04 21:00:00,2025-05-04 23:00:00,89.13
Montenegro,MNE,2025-05-04 22:00:00,2025-05-05 00:00:00,83.61
Montenegro,MNE,2025-05-04 23:00:00,2025-05-05 01:00:00,79.0
Montenegro,MNE,2025-05-05 00:00:00,2025-05-05 02:00:00,74.01
Montenegro,MNE,2025-05-05 01:00:00,2025-05-05 03:00:00,74.21
Montenegro,MNE,2025-05-05 02:00:00,2025-05-05 04:00:00,79.0
Montenegro,MNE,2025-05-05 03:00:00,2025-05-05 05:00:00,89.94
Montenegro,MNE,2025-05-05 04:00:00,2025-05-05 06:00:00,112.51
Montenegro,MNE,2025-05-05 05:00:00,2025-05-05 07:00:00,127.01
Montenegro,MNE,2025-05-05 06:00:00,2025-05-05 08:00:00,118.83
Montenegro,MNE,2025-05-05 07:00:00,2025-05-05 09:00:00,93.01
Montenegro,MNE,2025-05-05 08:00:00,2025-05-05 10:00:00,77.01
Montenegro,MNE,2025-05-05 09:00:00,2025-05-05 11:00:00,69.05
Montenegro,MNE,2025-05-05 10:00:00,2025-05-05 12:00:00,59.09
Montenegro,MNE,2025-05-05 11:00:00,2025-05-05 13:00:00,45.66
Montenegro,MNE,2025-05-05 12:00:00,2025-05-05 14:00:00,56.15
Montenegro,MNE,2025-05-05 13:00:00,2025-05-05 15:00:00,64.5
Montenegro,MNE,2025-05-05 14:00:00,2025-05-05 16:00:00,80.76
Montenegro,MNE,2025-05-05 15:00:00,2025-05-05 17:00:00,105.31
Montenegro,MNE,2025-05-05 16:00:00,2025-05-05 18:00:00,127.24
Montenegro,MNE,2025-05-05 17:00:00,2025-05-05 19:00:00,133.67
Montenegro,MNE,2025-05-05 18:00:00,2025-05-05 20:00:00,157.2
Montenegro,MNE,2025-05-05 19:00:00,2025-05-05 21:00:00,123.88
Montenegro,MNE,2025-05-05 20:00:00,2025-05-05 22:00:00,112.9
Montenegro,MNE,2025-05-05 21:00:00,2025-05-05 23:00:00,101.07
Montenegro,MNE,2025-05-05 22:00:00,2025-05-06 00:00:00,97.0
Montenegro,MNE,2025-05-05 23:00:00,2025-05-06 01:00:00,90.83
Montenegro,MNE,2025-05-06 00:00:00,2025-05-06 02:00:00,84.01
Montenegro,MNE,2025-05-06 01:00:00,2025-05-06 03:00:00,83.83
Montenegro,MNE,2025-05-06 02:00:00,2025-05-06 04:00:00,84.36
Montenegro,MNE,2025-05-06 03:00:00,2025-05-06 05:00:00,100.0
Montenegro,MNE,2025-05-06 04:00:00,2025-05-06 06:00:00,114.96
Montenegro,MNE,2025-05-06 05:00:00,2025-05-06 07:00:00,132.15
Montenegro,MNE,2025-05-06 06:00:00,2025-05-06 08:00:00,112.01
Montenegro,MNE,2025-05-06 07:00:00,2025-05-06 09:00:00,120.13
Montenegro,MNE,2025-05-06 08:00:00,2025-05-06 10:00:00,103.05
Montenegro,MNE,2025-05-06 09:00:00,2025-05-06 11:00:00,87.84
Montenegro,MNE,2025-05-06 10:00:00,2025-05-06 12:00:00,62.97
Montenegro,MNE,2025-05-06 11:00:00,2025-05-06 13:00:00,69.23
Montenegro,MNE,2025-05-06 12:00:00,2025-05-06 14:00:00,59.01
Montenegro,MNE,2025-05-06 13:00:00,2025-05-06 15:00:00,74.01
Montenegro,MNE,2025-05-06 14:00:00,2025-05-06 16:00:00,95.01
Montenegro,MNE,2025-05-06 15:00:00,2025-05-06 17:00:00,110.08
Montenegro,MNE,2025-05-06 16:00:00,2025-05-06 18:00:00,125.75
Montenegro,MNE,2025-05-06 17:00:00,2025-05-06 19:00:00,159.99
Montenegro,MNE,2025-05-06 18:00:00,2025-05-06 20:00:00,158.08
Montenegro,MNE,2025-05-06 19:00:00,2025-05-06 21:00:00,123.71
Montenegro,MNE,2025-05-06 20:00:00,2025-05-06 22:00:00,117.01
Montenegro,MNE,2025-05-06 21:00:00,2025-05-06 23:00:00,107.6
Montenegro,MNE,2025-05-06 22:00:00,2025-05-07 00:00:00,97.9
Montenegro,MNE,2025-05-06 23:00:00,2025-05-07 01:00:00,93.9
Montenegro,MNE,2025-05-07 00:00:00,2025-05-07 02:00:00,90.87
Montenegro,MNE,2025-05-07 01:00:00,2025-05-07 03:00:00,90.58
Montenegro,MNE,2025-05-07 02:00:00,2025-05-07 04:00:00,94.59
Montenegro,MNE,2025-05-07 03:00:00,2025-05-07 05:00:00,102.0
Montenegro,MNE,2025-05-07 04:00:00,2025-05-07 06:00:00,123.54
Montenegro,MNE,2025-05-07 05:00:00,2025-05-07 07:00:00,132.9
Montenegro,MNE,2025-05-07 06:00:00,2025-05-07 08:00:00,118.94
Montenegro,MNE,2025-05-07 07:00:00,2025-05-07 09:00:00,97.6
Montenegro,MNE,2025-05-07 08:00:00,2025-05-07 10:00:00,84.99
Montenegro,MNE,2025-05-07 09:00:00,2025-05-07 11:00:00,75.0
Montenegro,MNE,2025-05-07 10:00:00,2025-05-07 12:00:00,74.99
Montenegro,MNE,2025-05-07 11:00:00,2025-05-07 13:00:00,63.6
Montenegro,MNE,2025-05-07 12:00:00,2025-05-07 14:00:00,65.81
Montenegro,MNE,2025-05-07 13:00:00,2025-05-07 15:00:00,81.12
Montenegro,MNE,2025-05-07 14:00:00,2025-05-07 16:00:00,93.05
Montenegro,MNE,2025-05-07 15:00:00,2025-05-07 17:00:00,106.57
Montenegro,MNE,2025-05-07 16:00:00,2025-05-07 18:00:00,125.17
Montenegro,MNE,2025-05-07 17:00:00,2025-05-07 19:00:00,160.0
Montenegro,MNE,2025-05-07 18:00:00,2025-05-07 20:00:00,175.03
Montenegro,MNE,2025-05-07 19:00:00,2025-05-07 21:00:00,139.01
Montenegro,MNE,2025-05-07 20:00:00,2025-05-07 22:00:00,111.71
Montenegro,MNE,2025-05-07 21:00:00,2025-05-07 23:00:00,100.01
Montenegro,MNE,2025-05-07 22:00:00,2025-05-08 00:00:00,95.78
Montenegro,MNE,2025-05-07 23:00:00,2025-05-08 01:00:00,90.86
Montenegro,MNE,2025-05-08 00:00:00,2025-05-08 02:00:00,89.0
Montenegro,MNE,2025-05-08 01:00:00,2025-05-08 03:00:00,88.05
Montenegro,MNE,2025-05-08 02:00:00,2025-05-08 04:00:00,90.28
Montenegro,MNE,2025-05-08 03:00:00,2025-05-08 05:00:00,103.0
Montenegro,MNE,2025-05-08 04:00:00,2025-05-08 06:00:00,120.0
Montenegro,MNE,2025-05-08 05:00:00,2025-05-08 07:00:00,130.0
Montenegro,MNE,2025-05-08 06:00:00,2025-05-08 08:00:00,118.87
Montenegro,MNE,2025-05-08 07:00:00,2025-05-08 09:00:00,109.94
Montenegro,MNE,2025-05-08 08:00:00,2025-05-08 10:00:00,100.51
Montenegro,MNE,2025-05-08 09:00:00,2025-05-08 11:00:00,85.01
Montenegro,MNE,2025-05-08 10:00:00,2025-05-08 12:00:00,75.01
Montenegro,MNE,2025-05-08 11:00:00,2025-05-08 13:00:00,69.56
Montenegro,MNE,2025-05-08 12:00:00,2025-05-08 14:00:00,76.0
Montenegro,MNE,2025-05-08 13:00:00,2025-05-08 15:00:00,83.41
Montenegro,MNE,2025-05-08 14:00:00,2025-05-08 16:00:00,100.0
Montenegro,MNE,2025-05-08 15:00:00,2025-05-08 17:00:00,111.91
Montenegro,MNE,2025-05-08 16:00:00,2025-05-08 18:00:00,119.99
Montenegro,MNE,2025-05-08 17:00:00,2025-05-08 19:00:00,146.05
Montenegro,MNE,2025-05-08 18:00:00,2025-05-08 20:00:00,158.01
Montenegro,MNE,2025-05-08 19:00:00,2025-05-08 21:00:00,125.43
Montenegro,MNE,2025-05-08 20:00:00,2025-05-08 22:00:00,118.89
Montenegro,MNE,2025-05-08 21:00:00,2025-05-08 23:00:00,109.63
Montenegro,MNE,2025-05-08 22:00:00,2025-05-09 00:00:00,104.76
Montenegro,MNE,2025-05-08 23:00:00,2025-05-09 01:00:00,97.98
Montenegro,MNE,2025-05-09 00:00:00,2025-05-09 02:00:00,97.97
Montenegro,MNE,2025-05-09 01:00:00,2025-05-09 03:00:00,97.91
Montenegro,MNE,2025-05-09 02:00:00,2025-05-09 04:00:00,97.88
Montenegro,MNE,2025-05-09 03:00:00,2025-05-09 05:00:00,109.62
Montenegro,MNE,2025-05-09 04:00:00,2025-05-09 06:00:00,118.99
Montenegro,MNE,2025-05-09 05:00:00,2025-05-09 07:00:00,132.34
Montenegro,MNE,2025-05-09 06:00:00,2025-05-09 08:00:00,111.97
Montenegro,MNE,2025-05-09 07:00:00,2025-05-09 09:00:00,101.7
Montenegro,MNE,2025-05-09 08:00:00,2025-05-09 10:00:00,95.34
Montenegro,MNE,2025-05-09 09:00:00,2025-05-09 11:00:00,89.14
Montenegro,MNE,2025-05-09 10:00:00,2025-05-09 12:00:00,84.44
Montenegro,MNE,2025-05-09 11:00:00,2025-05-09 13:00:00,88.01
Montenegro,MNE,2025-05-09 12:00:00,2025-05-09 14:00:00,83.71
Montenegro,MNE,2025-05-09 13:00:00,2025-05-09 15:00:00,87.33
Montenegro,MNE,2025-05-09 14:00:00,2025-05-09 16:00:00,83.23
Montenegro,MNE,2025-05-09 15:00:00,2025-05-09 17:00:00,104.77
Montenegro,MNE,2025-05-09 16:00:00,2025-05-09 18:00:00,111.96
Montenegro,MNE,2025-05-09 17:00:00,2025-05-09 19:00:00,147.03
Montenegro,MNE,2025-05-09 18:00:00,2025-05-09 20:00:00,158.26
Montenegro,MNE,2025-05-09 19:00:00,2025-05-09 21:00:00,131.09
Montenegro,MNE,2025-05-09 20:00:00,2025-05-09 22:00:00,111.86
Montenegro,MNE,2025-05-09 21:00:00,2025-05-09 23:00:00,104.99
Montenegro,MNE,2025-05-09 22:00:00,2025-05-10 00:00:00,98.02
Montenegro,MNE,2025-05-09 23:00:00,2025-05-10 01:00:00,97.11
Montenegro,MNE,2025-05-10 00:00:00,2025-05-10 02:00:00,92.0
Montenegro,MNE,2025-05-10 01:00:00,2025-05-10 03:00:00,87.95
Montenegro,MNE,2025-05-10 02:00:00,2025-05-10 04:00:00,87.55
Montenegro,MNE,2025-05-10 03:00:00,2025-05-10 05:00:00,90.09
Montenegro,MNE,2025-05-10 04:00:00,2025-05-10 06:00:00,92.51
Montenegro,MNE,2025-05-10 05:00:00,2025-05-10 07:00:00,88.04
Montenegro,MNE,2025-05-10 06:00:00,2025-05-10 08:00:00,63.69
Montenegro,MNE,2025-05-10 07:00:00,2025-05-10 09:00:00,34.07
Montenegro,MNE,2025-05-10 08:00:00,2025-05-10 10:00:00,3.04
Montenegro,MNE,2025-05-10 09:00:00,2025-05-10 11:00:00,2.0
Montenegro,MNE,2025-05-10 10:00:00,2025-05-10 12:00:00,1.98
Montenegro,MNE,2025-05-10 11:00:00,2025-05-10 13:00:00,2.01
Montenegro,MNE,2025-05-10 12:00:00,2025-05-10 14:00:00,2.03
Montenegro,MNE,2025-05-10 13:00:00,2025-05-10 15:00:00,2.06
Montenegro,MNE,2025-05-10 14:00:00,2025-05-10 16:00:00,19.2
Montenegro,MNE,2025-05-10 15:00:00,2025-05-10 17:00:00,68.03
Montenegro,MNE,2025-05-10 16:00:00,2025-05-10 18:00:00,107.64
Montenegro,MNE,2025-05-10 17:00:00,2025-05-10 19:00:00,120.48
Montenegro,MNE,2025-05-10 18:00:00,2025-05-10 20:00:00,130.07
Montenegro,MNE,2025-05-10 19:00:00,2025-05-10 21:00:00,120.0
Montenegro,MNE,2025-05-10 20:00:00,2025-05-10 22:00:00,102.05
Montenegro,MNE,2025-05-10 21:00:00,2025-05-10 23:00:00,95.0
Montenegro,MNE,2025-05-10 22:00:00,2025-05-11 00:00:00,100.04
Montenegro,MNE,2025-05-10 23:00:00,2025-05-11 01:00:00,90.87
Montenegro,MNE,2025-05-11 00:00:00,2025-05-11 02:00:00,83.7
Montenegro,MNE,2025-05-11 01:00:00,2025-05-11 03:00:00,80.09
Montenegro,MNE,2025-05-11 02:00:00,2025-05-11 04:00:00,80.05
Montenegro,MNE,2025-05-11 03:00:00,2025-05-11 05:00:00,80.02
Montenegro,MNE,2025-05-11 04:00:00,2025-05-11 06:00:00,72.79
Montenegro,MNE,2025-05-11 05:00:00,2025-05-11 07:00:00,62.1
Montenegro,MNE,2025-05-11 06:00:00,2025-05-11 08:00:00,41.97
Montenegro,MNE,2025-05-11 07:00:00,2025-05-11 09:00:00,5.06
Montenegro,MNE,2025-05-11 08:00:00,2025-05-11 10:00:00,5.05
Montenegro,MNE,2025-05-11 09:00:00,2025-05-11 11:00:00,1.0
Montenegro,MNE,2025-05-11 10:00:00,2025-05-11 12:00:00,6.24
Montenegro,MNE,2025-05-11 11:00:00,2025-05-11 13:00:00,6.14
Montenegro,MNE,2025-05-11 12:00:00,2025-05-11 14:00:00,5.02
Montenegro,MNE,2025-05-11 13:00:00,2025-05-11 15:00:00,1.0
Montenegro,MNE,2025-05-11 14:00:00,2025-05-11 16:00:00,27.64
Montenegro,MNE,2025-05-11 15:00:00,2025-05-11 17:00:00,69.16
Montenegro,MNE,2025-05-11 16:00:00,2025-05-11 18:00:00,97.06
Montenegro,MNE,2025-05-11 17:00:00,2025-05-11 19:00:00,125.7
Montenegro,MNE,2025-05-11 18:00:00,2025-05-11 20:00:00,153.36
Montenegro,MNE,2025-05-11 19:00:00,2025-05-11 21:00:00,132.59
Montenegro,MNE,2025-05-11 20:00:00,2025-05-11 22:00:00,111.67
Montenegro,MNE,2025-05-11 21:00:00,2025-05-11 23:00:00,97.77
Montenegro,MNE,2025-05-11 22:00:00,2025-05-12 00:00:00,92.56
Montenegro,MNE,2025-05-11 23:00:00,2025-05-12 01:00:00,83.4
Montenegro,MNE,2025-05-12 00:00:00,2025-05-12 02:00:00,89.23
Montenegro,MNE,2025-05-12 01:00:00,2025-05-12 03:00:00,83.02
Montenegro,MNE,2025-05-12 02:00:00,2025-05-12 04:00:00,83.37
Montenegro,MNE,2025-05-12 03:00:00,2025-05-12 05:00:00,95.22
Montenegro,MNE,2025-05-12 04:00:00,2025-05-12 06:00:00,111.01
Montenegro,MNE,2025-05-12 05:00:00,2025-05-12 07:00:00,111.89
Montenegro,MNE,2025-05-12 06:00:00,2025-05-12 08:00:00,87.48
Montenegro,MNE,2025-05-12 07:00:00,2025-05-12 09:00:00,67.07
Montenegro,MNE,2025-05-12 08:00:00,2025-05-12 10:00:00,51.97
Montenegro,MNE,2025-05-12 09:00:00,2025-05-12 11:00:00,62.25
Montenegro,MNE,2025-05-12 10:00:00,2025-05-12 12:00:00,39.93
Montenegro,MNE,2025-05-12 11:00:00,2025-05-12 13:00:00,43.83
Montenegro,MNE,2025-05-12 12:00:00,2025-05-12 14:00:00,51.78
Montenegro,MNE,2025-05-12 13:00:00,2025-05-12 15:00:00,63.06
Montenegro,MNE,2025-05-12 14:00:00,2025-05-12 16:00:00,82.7
Montenegro,MNE,2025-05-12 15:00:00,2025-05-12 17:00:00,106.98
Montenegro,MNE,2025-05-12 16:00:00,2025-05-12 18:00:00,124.48
Montenegro,MNE,2025-05-12 17:00:00,2025-05-12 19:00:00,179.39
Montenegro,MNE,2025-05-12 18:00:00,2025-05-12 20:00:00,207.75
Montenegro,MNE,2025-05-12 19:00:00,2025-05-12 21:00:00,133.3
Montenegro,MNE,2025-05-12 20:00:00,2025-05-12 22:00:00,131.04
Montenegro,MNE,2025-05-12 21:00:00,2025-05-12 23:00:00,111.46
Montenegro,MNE,2025-05-12 22:00:00,2025-05-13 00:00:00,109.32
Montenegro,MNE,2025-05-12 23:00:00,2025-05-13 01:00:00,99.64
Montenegro,MNE,2025-05-13 00:00:00,2025-05-13 02:00:00,99.01
Montenegro,MNE,2025-05-13 01:00:00,2025-05-13 03:00:00,100.0
Montenegro,MNE,2025-05-13 02:00:00,2025-05-13 04:00:00,103.05
Montenegro,MNE,2025-05-13 03:00:00,2025-05-13 05:00:00,116.55
Montenegro,MNE,2025-05-13 04:00:00,2025-05-13 06:00:00,139.27
Montenegro,MNE,2025-05-13 05:00:00,2025-05-13 07:00:00,135.18
Montenegro,MNE,2025-05-13 06:00:00,2025-05-13 08:00:00,116.1
Montenegro,MNE,2025-05-13 07:00:00,2025-05-13 09:00:00,104.91
Montenegro,MNE,2025-05-13 08:00:00,2025-05-13 10:00:00,93.3
Montenegro,MNE,2025-05-13 09:00:00,2025-05-13 11:00:00,80.31
Montenegro,MNE,2025-05-13 10:00:00,2025-05-13 12:00:00,76.01
Montenegro,MNE,2025-05-13 11:00:00,2025-05-13 13:00:00,76.72
Montenegro,MNE,2025-05-13 12:00:00,2025-05-13 14:00:00,83.44
Montenegro,MNE,2025-05-13 13:00:00,2025-05-13 15:00:00,90.22
Montenegro,MNE,2025-05-13 14:00:00,2025-05-13 16:00:00,93.2
Montenegro,MNE,2025-05-13 15:00:00,2025-05-13 17:00:00,113.8
Montenegro,MNE,2025-05-13 16:00:00,2025-05-13 18:00:00,150.0
Montenegro,MNE,2025-05-13 17:00:00,2025-05-13 19:00:00,204.1
Montenegro,MNE,2025-05-13 18:00:00,2025-05-13 20:00:00,300.57
Montenegro,MNE,2025-05-13 19:00:00,2025-05-13 21:00:00,156.0
Montenegro,MNE,2025-05-13 20:00:00,2025-05-13 22:00:00,134.09
Montenegro,MNE,2025-05-13 21:00:00,2025-05-13 23:00:00,111.83
Montenegro,MNE,2025-05-13 22:00:00,2025-05-14 00:00:00,111.17
Montenegro,MNE,2025-05-13 23:00:00,2025-05-14 01:00:00,102.95
Montenegro,MNE,2025-05-14 00:00:00,2025-05-14 02:00:00,99.79
Montenegro,MNE,2025-05-14 01:00:00,2025-05-14 03:00:00,99.61
Montenegro,MNE,2025-05-14 02:00:00,2025-05-14 04:00:00,99.95
Montenegro,MNE,2025-05-14 03:00:00,2025-05-14 05:00:00,112.3
Montenegro,MNE,2025-05-14 04:00:00,2025-05-14 06:00:00,131.84
Montenegro,MNE,2025-05-14 05:00:00,2025-05-14 07:00:00,123.5
Montenegro,MNE,2025-05-14 06:00:00,2025-05-14 08:00:00,96.08
Montenegro,MNE,2025-05-14 07:00:00,2025-05-14 09:00:00,101.9
Montenegro,MNE,2025-05-14 08:00:00,2025-05-14 10:00:00,92.9
Montenegro,MNE,2025-05-14 09:00:00,2025-05-14 11:00:00,82.9
Montenegro,MNE,2025-05-14 10:00:00,2025-05-14 12:00:00,64.95
Montenegro,MNE,2025-05-14 11:00:00,2025-05-14 13:00:00,69.41
Montenegro,MNE,2025-05-14 12:00:00,2025-05-14 14:00:00,79.9
Montenegro,MNE,2025-05-14 13:00:00,2025-05-14 15:00:00,89.91
Montenegro,MNE,2025-05-14 14:00:00,2025-05-14 16:00:00,83.77
Montenegro,MNE,2025-05-14 15:00:00,2025-05-14 17:00:00,102.62
Montenegro,MNE,2025-05-14 16:00:00,2025-05-14 18:00:00,130.67
Montenegro,MNE,2025-05-14 17:00:00,2025-05-14 19:00:00,191.39
Montenegro,MNE,2025-05-14 18:00:00,2025-05-14 20:00:00,325.06
Montenegro,MNE,2025-05-14 19:00:00,2025-05-14 21:00:00,160.52
Montenegro,MNE,2025-05-14 20:00:00,2025-05-14 22:00:00,126.49
Montenegro,MNE,2025-05-14 21:00:00,2025-05-14 23:00:00,114.05
Montenegro,MNE,2025-05-14 22:00:00,2025-05-15 00:00:00,103.08
Montenegro,MNE,2025-05-14 23:00:00,2025-05-15 01:00:00,104.72
Montenegro,MNE,2025-05-15 00:00:00,2025-05-15 02:00:00,95.02
Montenegro,MNE,2025-05-15 01:00:00,2025-05-15 03:00:00,93.03
Montenegro,MNE,2025-05-15 02:00:00,2025-05-15 04:00:00,96.02
Montenegro,MNE,2025-05-15 03:00:00,2025-05-15 05:00:00,103.05
Montenegro,MNE,2025-05-15 04:00:00,2025-05-15 06:00:00,119.31
Montenegro,MNE,2025-05-15 05:00:00,2025-05-15 07:00:00,118.11
Montenegro,MNE,2025-05-15 06:00:00,2025-05-15 08:00:00,93.91
Montenegro,MNE,2025-05-15 07:00:00,2025-05-15 09:00:00,100.07
Montenegro,MNE,2025-05-15 08:00:00,2025-05-15 10:00:00,55.1
Montenegro,MNE,2025-05-15 09:00:00,2025-05-15 11:00:00,48.03
Montenegro,MNE,2025-05-15 10:00:00,2025-05-15 12:00:00,36.1
Montenegro,MNE,2025-05-15 11:00:00,2025-05-15 13:00:00,38.01
Montenegro,MNE,2025-05-15 12:00:00,2025-05-15 14:00:00,41.87
Montenegro,MNE,2025-05-15 13:00:00,2025-05-15 15:00:00,47.09
Montenegro,MNE,2025-05-15 14:00:00,2025-05-15 16:00:00,90.0
Montenegro,MNE,2025-05-15 15:00:00,2025-05-15 17:00:00,84.82
Montenegro,MNE,2025-05-15 16:00:00,2025-05-15 18:00:00,119.36
Montenegro,MNE,2025-05-15 17:00:00,2025-05-15 19:00:00,149.71
Montenegro,MNE,2025-05-15 18:00:00,2025-05-15 20:00:00,162.5
Montenegro,MNE,2025-05-15 19:00:00,2025-05-15 21:00:00,141.01
Montenegro,MNE,2025-05-15 20:00:00,2025-05-15 22:00:00,113.58
Montenegro,MNE,2025-05-15 21:00:00,2025-05-15 23:00:00,108.0
Montenegro,MNE,2025-05-15 22:00:00,2025-05-16 00:00:00,105.09
Montenegro,MNE,2025-05-15 23:00:00,2025-05-16 01:00:00,105.81
Montenegro,MNE,2025-05-16 00:00:00,2025-05-16 02:00:00,102.14
Montenegro,MNE,2025-05-16 01:00:00,2025-05-16 03:00:00,99.05
Montenegro,MNE,2025-05-16 02:00:00,2025-05-16 04:00:00,102.04
Montenegro,MNE,2025-05-16 03:00:00,2025-05-16 05:00:00,106.39
Montenegro,MNE,2025-05-16 04:00:00,2025-05-16 06:00:00,124.67
Montenegro,MNE,2025-05-16 05:00:00,2025-05-16 07:00:00,124.85
Montenegro,MNE,2025-05-16 06:00:00,2025-05-16 08:00:00,111.69
Montenegro,MNE,2025-05-16 07:00:00,2025-05-16 09:00:00,106.25
Montenegro,MNE,2025-05-16 08:00:00,2025-05-16 10:00:00,45.09
Montenegro,MNE,2025-05-16 09:00:00,2025-05-16 11:00:00,27.46
Montenegro,MNE,2025-05-16 10:00:00,2025-05-16 12:00:00,23.22
Montenegro,MNE,2025-05-16 11:00:00,2025-05-16 13:00:00,24.7
Montenegro,MNE,2025-05-16 12:00:00,2025-05-16 14:00:00,25.96
Montenegro,MNE,2025-05-16 13:00:00,2025-05-16 15:00:00,31.49
Montenegro,MNE,2025-05-16 14:00:00,2025-05-16 16:00:00,68.09
Montenegro,MNE,2025-05-16 15:00:00,2025-05-16 17:00:00,82.02
Montenegro,MNE,2025-05-16 16:00:00,2025-05-16 18:00:00,104.2
Montenegro,MNE,2025-05-16 17:00:00,2025-05-16 19:00:00,135.38
Montenegro,MNE,2025-05-16 18:00:00,2025-05-16 20:00:00,146.79
Montenegro,MNE,2025-05-16 19:00:00,2025-05-16 21:00:00,130.01
Montenegro,MNE,2025-05-16 20:00:00,2025-05-16 22:00:00,110.01
Montenegro,MNE,2025-05-16 21:00:00,2025-05-16 23:00:00,103.89
Montenegro,MNE,2025-05-16 22:00:00,2025-05-17 00:00:00,103.77
Montenegro,MNE,2025-05-16 23:00:00,2025-05-17 01:00:00,97.94
Montenegro,MNE,2025-05-17 00:00:00,2025-05-17 02:00:00,93.88
Montenegro,MNE,2025-05-17 01:00:00,2025-05-17 03:00:00,91.93
Montenegro,MNE,2025-05-17 02:00:00,2025-05-17 04:00:00,90.01
Montenegro,MNE,2025-05-17 03:00:00,2025-05-17 05:00:00,90.01
Montenegro,MNE,2025-05-17 04:00:00,2025-05-17 06:00:00,89.33
Montenegro,MNE,2025-05-17 05:00:00,2025-05-17 07:00:00,78.28
Montenegro,MNE,2025-05-17 06:00:00,2025-05-17 08:00:00,55.01
Montenegro,MNE,2025-05-17 07:00:00,2025-05-17 09:00:00,14.08
Montenegro,MNE,2025-05-17 08:00:00,2025-05-17 10:00:00,3.5
Montenegro,MNE,2025-05-17 09:00:00,2025-05-17 11:00:00,1.65
Montenegro,MNE,2025-05-17 10:00:00,2025-05-17 12:00:00,1.1
Montenegro,MNE,2025-05-17 11:00:00,2025-05-17 13:00:00,1.0
Montenegro,MNE,2025-05-17 12:00:00,2025-05-17 14:00:00,1.1
Montenegro,MNE,2025-05-17 13:00:00,2025-05-17 15:00:00,1.1
Montenegro,MNE,2025-05-17 14:00:00,2025-05-17 16:00:00,21.29
Montenegro,MNE,2025-05-17 15:00:00,2025-05-17 17:00:00,67.36
Montenegro,MNE,2025-05-17 16:00:00,2025-05-17 18:00:00,103.87
Montenegro,MNE,2025-05-17 17:00:00,2025-05-17 19:00:00,129.18
Montenegro,MNE,2025-05-17 18:00:00,2025-05-17 20:00:00,169.75
Montenegro,MNE,2025-05-17 19:00:00,2025-05-17 21:00:00,139.82
Montenegro,MNE,2025-05-17 20:00:00,2025-05-17 22:00:00,108.18
Montenegro,MNE,2025-05-17 21:00:00,2025-05-17 23:00:00,99.77
Montenegro,MNE,2025-05-17 22:00:00,2025-05-18 00:00:00,101.27
Montenegro,MNE,2025-05-17 23:00:00,2025-05-18 01:00:00,97.16
Montenegro,MNE,2025-05-18 00:00:00,2025-05-18 02:00:00,95.0
Montenegro,MNE,2025-05-18 01:00:00,2025-05-18 03:00:00,93.16
Montenegro,MNE,2025-05-18 02:00:00,2025-05-18 04:00:00,93.31
Montenegro,MNE,2025-05-18 03:00:00,2025-05-18 05:00:00,93.13
Montenegro,MNE,2025-05-18 04:00:00,2025-05-18 06:00:00,92.04
Montenegro,MNE,2025-05-18 05:00:00,2025-05-18 07:00:00,81.02
Montenegro,MNE,2025-05-18 06:00:00,2025-05-18 08:00:00,50.09
Montenegro,MNE,2025-05-18 07:00:00,2025-05-18 09:00:00,12.91
Montenegro,MNE,2025-05-18 08:00:00,2025-05-18 10:00:00,0.0
Montenegro,MNE,2025-05-18 09:00:00,2025-05-18 11:00:00,0.0
Montenegro,MNE,2025-05-18 10:00:00,2025-05-18 12:00:00,0.0
Montenegro,MNE,2025-05-18 11:00:00,2025-05-18 13:00:00,0.0
Montenegro,MNE,2025-05-18 12:00:00,2025-05-18 14:00:00,0.0
Montenegro,MNE,2025-05-18 13:00:00,2025-05-18 15:00:00,0.0
Montenegro,MNE,2025-05-18 14:00:00,2025-05-18 16:00:00,1.95
Montenegro,MNE,2025-05-18 15:00:00,2025-05-18 17:00:00,37.11
Montenegro,MNE,2025-05-18 16:00:00,2025-05-18 18:00:00,91.72
Montenegro,MNE,2025-05-18 17:00:00,2025-05-18 19:00:00,130.09
Montenegro,MNE,2025-05-18 18:00:00,2025-05-18 20:00:00,169.7
Montenegro,MNE,2025-05-18 19:00:00,2025-05-18 21:00:00,150.09
Montenegro,MNE,2025-05-18 20:00:00,2025-05-18 22:00:00,125.61
Montenegro,MNE,2025-05-18 21:00:00,2025-05-18 23:00:00,111.09
Montenegro,MNE,2025-05-18 22:00:00,2025-05-19 00:00:00,99.68
Montenegro,MNE,2025-05-18 23:00:00,2025-05-19 01:00:00,95.62
Montenegro,MNE,2025-05-19 00:00:00,2025-05-19 02:00:00,95.02
Montenegro,MNE,2025-05-19 01:00:00,2025-05-19 03:00:00,91.14
Montenegro,MNE,2025-05-19 02:00:00,2025-05-19 04:00:00,95.02
Montenegro,MNE,2025-05-19 03:00:00,2025-05-19 05:00:00,103.03
Montenegro,MNE,2025-05-19 04:00:00,2025-05-19 06:00:00,119.61
Montenegro,MNE,2025-05-19 05:00:00,2025-05-19 07:00:00,127.45
Montenegro,MNE,2025-05-19 06:00:00,2025-05-19 08:00:00,107.32
Montenegro,MNE,2025-05-19 07:00:00,2025-05-19 09:00:00,95.16
Montenegro,MNE,2025-05-19 08:00:00,2025-05-19 10:00:00,63.74
Montenegro,MNE,2025-05-19 09:00:00,2025-05-19 11:00:00,49.85
Montenegro,MNE,2025-05-19 10:00:00,2025-05-19 12:00:00,31.01
Montenegro,MNE,2025-05-19 11:00:00,2025-05-19 13:00:00,34.09
Montenegro,MNE,2025-05-19 12:00:00,2025-05-19 14:00:00,39.1
Montenegro,MNE,2025-05-19 13:00:00,2025-05-19 15:00:00,52.01
Montenegro,MNE,2025-05-19 14:00:00,2025-05-19 16:00:00,62.01
Montenegro,MNE,2025-05-19 15:00:00,2025-05-19 17:00:00,88.01
Montenegro,MNE,2025-05-19 16:00:00,2025-05-19 18:00:00,127.57
Montenegro,MNE,2025-05-19 17:00:00,2025-05-19 19:00:00,185.08
Montenegro,MNE,2025-05-19 18:00:00,2025-05-19 20:00:00,240.09
Montenegro,MNE,2025-05-19 19:00:00,2025-05-19 21:00:00,172.75
Montenegro,MNE,2025-05-19 20:00:00,2025-05-19 22:00:00,131.47
Montenegro,MNE,2025-05-19 21:00:00,2025-05-19 23:00:00,115.05
Montenegro,MNE,2025-05-19 22:00:00,2025-05-20 00:00:00,115.77
Montenegro,MNE,2025-05-19 23:00:00,2025-05-20 01:00:00,111.6
Montenegro,MNE,2025-05-20 00:00:00,2025-05-20 02:00:00,109.7
Montenegro,MNE,2025-05-20 01:00:00,2025-05-20 03:00:00,109.65
Montenegro,MNE,2025-05-20 02:00:00,2025-05-20 04:00:00,110.64
Montenegro,MNE,2025-05-20 03:00:00,2025-05-20 05:00:00,120.0
Montenegro,MNE,2025-05-20 04:00:00,2025-05-20 06:00:00,143.81
Montenegro,MNE,2025-05-20 05:00:00,2025-05-20 07:00:00,142.14
Montenegro,MNE,2025-05-20 06:00:00,2025-05-20 08:00:00,139.05
Montenegro,MNE,2025-05-20 07:00:00,2025-05-20 09:00:00,123.08
Montenegro,MNE,2025-05-20 08:00:00,2025-05-20 10:00:00,93.22
Montenegro,MNE,2025-05-20 09:00:00,2025-05-20 11:00:00,50.05
Montenegro,MNE,2025-05-20 10:00:00,2025-05-20 12:00:00,36.0
Montenegro,MNE,2025-05-20 11:00:00,2025-05-20 13:00:00,36.0
Montenegro,MNE,2025-05-20 12:00:00,2025-05-20 14:00:00,36.0
Montenegro,MNE,2025-05-20 13:00:00,2025-05-20 15:00:00,39.94
Montenegro,MNE,2025-05-20 14:00:00,2025-05-20 16:00:00,106.06
Montenegro,MNE,2025-05-20 15:00:00,2025-05-20 17:00:00,110.01
Montenegro,MNE,2025-05-20 16:00:00,2025-05-20 18:00:00,139.31
Montenegro,MNE,2025-05-20 17:00:00,2025-05-20 19:00:00,191.44
Montenegro,MNE,2025-05-20 18:00:00,2025-05-20 20:00:00,255.06
Montenegro,MNE,2025-05-20 19:00:00,2025-05-20 21:00:00,168.1
Montenegro,MNE,2025-05-20 20:00:00,2025-05-20 22:00:00,135.01
Montenegro,MNE,2025-05-20 21:00:00,2025-05-20 23:00:00,123.04
Montenegro,MNE,2025-05-20 22:00:00,2025-05-21 00:00:00,114.28
Montenegro,MNE,2025-05-20 23:00:00,2025-05-21 01:00:00,113.51
Montenegro,MNE,2025-05-21 00:00:00,2025-05-21 02:00:00,110.02
Montenegro,MNE,2025-05-21 01:00:00,2025-05-21 03:00:00,108.02
Montenegro,MNE,2025-05-21 02:00:00,2025-05-21 04:00:00,113.07
Montenegro,MNE,2025-05-21 03:00:00,2025-05-21 05:00:00,124.33
Montenegro,MNE,2025-05-21 04:00:00,2025-05-21 06:00:00,142.71
Montenegro,MNE,2025-05-21 05:00:00,2025-05-21 07:00:00,134.4
Montenegro,MNE,2025-05-21 06:00:00,2025-05-21 08:00:00,118.57
Montenegro,MNE,2025-05-21 07:00:00,2025-05-21 09:00:00,104.58
Montenegro,MNE,2025-05-21 08:00:00,2025-05-21 10:00:00,83.73
Montenegro,MNE,2025-05-21 09:00:00,2025-05-21 11:00:00,69.31
Montenegro,MNE,2025-05-21 10:00:00,2025-05-21 12:00:00,62.01
Montenegro,MNE,2025-05-21 11:00:00,2025-05-21 13:00:00,48.43
Montenegro,MNE,2025-05-21 12:00:00,2025-05-21 14:00:00,55.78
Montenegro,MNE,2025-05-21 13:00:00,2025-05-21 15:00:00,104.65
Montenegro,MNE,2025-05-21 14:00:00,2025-05-21 16:00:00,97.67
Montenegro,MNE,2025-05-21 15:00:00,2025-05-21 17:00:00,104.33
Montenegro,MNE,2025-05-21 16:00:00,2025-05-21 18:00:00,167.31
Montenegro,MNE,2025-05-21 17:00:00,2025-05-21 19:00:00,208.89
Montenegro,MNE,2025-05-21 18:00:00,2025-05-21 20:00:00,271.0
Montenegro,MNE,2025-05-21 19:00:00,2025-05-21 21:00:00,179.24
Montenegro,MNE,2025-05-21 20:00:00,2025-05-21 22:00:00,125.8
Montenegro,MNE,2025-05-21 21:00:00,2025-05-21 23:00:00,115.0
Montenegro,MNE,2025-05-21 22:00:00,2025-05-22 00:00:00,104.08
Montenegro,MNE,2025-05-21 23:00:00,2025-05-22 01:00:00,103.06
Montenegro,MNE,2025-05-22 00:00:00,2025-05-22 02:00:00,91.59
Montenegro,MNE,2025-05-22 01:00:00,2025-05-22 03:00:00,91.08
Montenegro,MNE,2025-05-22 02:00:00,2025-05-22 04:00:00,92.79
Montenegro,MNE,2025-05-22 03:00:00,2025-05-22 05:00:00,101.47
Montenegro,MNE,2025-05-22 04:00:00,2025-05-22 06:00:00,123.31
Montenegro,MNE,2025-05-22 05:00:00,2025-05-22 07:00:00,127.52
Montenegro,MNE,2025-05-22 06:00:00,2025-05-22 08:00:00,100.0
Montenegro,MNE,2025-05-22 07:00:00,2025-05-22 09:00:00,87.26
Montenegro,MNE,2025-05-22 08:00:00,2025-05-22 10:00:00,105.07
Montenegro,MNE,2025-05-22 09:00:00,2025-05-22 11:00:00,100.01
Montenegro,MNE,2025-05-22 10:00:00,2025-05-22 12:00:00,40.18
Montenegro,MNE,2025-05-22 11:00:00,2025-05-22 13:00:00,35.84
Montenegro,MNE,2025-05-22 12:00:00,2025-05-22 14:00:00,41.18
Montenegro,MNE,2025-05-22 13:00:00,2025-05-22 15:00:00,63.95
Montenegro,MNE,2025-05-22 14:00:00,2025-05-22 16:00:00,91.84
Montenegro,MNE,2025-05-22 15:00:00,2025-05-22 17:00:00,103.83
Montenegro,MNE,2025-05-22 16:00:00,2025-05-22 18:00:00,121.69
Montenegro,MNE,2025-05-22 17:00:00,2025-05-22 19:00:00,151.99
Montenegro,MNE,2025-05-22 18:00:00,2025-05-22 20:00:00,231.5
Montenegro,MNE,2025-05-22 19:00:00,2025-05-22 21:00:00,143.61
Montenegro,MNE,2025-05-22 20:00:00,2025-05-22 22:00:00,113.05
Montenegro,MNE,2025-05-22 21:00:00,2025-05-22 23:00:00,111.21
Montenegro,MNE,2025-05-22 22:00:00,2025-05-23 00:00:00,108.53
Montenegro,MNE,2025-05-22 23:00:00,2025-05-23 01:00:00,104.69
Montenegro,MNE,2025-05-23 00:00:00,2025-05-23 02:00:00,97.94
Montenegro,MNE,2025-05-23 01:00:00,2025-05-23 03:00:00,98.23
Montenegro,MNE,2025-05-23 02:00:00,2025-05-23 04:00:00,97.95
Montenegro,MNE,2025-05-23 03:00:00,2025-05-23 05:00:00,111.48
Montenegro,MNE,2025-05-23 04:00:00,2025-05-23 06:00:00,122.33
Montenegro,MNE,2025-05-23 05:00:00,2025-05-23 07:00:00,125.93
Montenegro,MNE,2025-05-23 06:00:00,2025-05-23 08:00:00,111.96
Montenegro,MNE,2025-05-23 07:00:00,2025-05-23 09:00:00,116.72
Montenegro,MNE,2025-05-23 08:00:00,2025-05-23 10:00:00,91.51
Montenegro,MNE,2025-05-23 09:00:00,2025-05-23 11:00:00,71.51
Montenegro,MNE,2025-05-23 10:00:00,2025-05-23 12:00:00,58.83
Montenegro,MNE,2025-05-23 11:00:00,2025-05-23 13:00:00,58.76
Montenegro,MNE,2025-05-23 12:00:00,2025-05-23 14:00:00,62.76
Montenegro,MNE,2025-05-23 13:00:00,2025-05-23 15:00:00,76.36
Montenegro,MNE,2025-05-23 14:00:00,2025-05-23 16:00:00,90.93
Montenegro,MNE,2025-05-23 15:00:00,2025-05-23 17:00:00,105.05
Montenegro,MNE,2025-05-23 16:00:00,2025-05-23 18:00:00,139.75
Montenegro,MNE,2025-05-23 17:00:00,2025-05-23 19:00:00,189.99
Montenegro,MNE,2025-05-23 18:00:00,2025-05-23 20:00:00,218.64
Montenegro,MNE,2025-05-23 19:00:00,2025-05-23 21:00:00,190.0
Montenegro,MNE,2025-05-23 20:00:00,2025-05-23 22:00:00,139.33
Montenegro,MNE,2025-05-23 21:00:00,2025-05-23 23:00:00,123.01
Montenegro,MNE,2025-05-23 22:00:00,2025-05-24 00:00:00,116.01
Montenegro,MNE,2025-05-23 23:00:00,2025-05-24 01:00:00,105.99
Montenegro,MNE,2025-05-24 00:00:00,2025-05-24 02:00:00,103.9
Montenegro,MNE,2025-05-24 01:00:00,2025-05-24 03:00:00,103.04
Montenegro,MNE,2025-05-24 02:00:00,2025-05-24 04:00:00,102.2
Montenegro,MNE,2025-05-24 03:00:00,2025-05-24 05:00:00,97.58
Montenegro,MNE,2025-05-24 04:00:00,2025-05-24 06:00:00,103.64
Montenegro,MNE,2025-05-24 05:00:00,2025-05-24 07:00:00,97.59
Montenegro,MNE,2025-05-24 06:00:00,2025-05-24 08:00:00,87.68
Montenegro,MNE,2025-05-24 07:00:00,2025-05-24 09:00:00,40.91
Montenegro,MNE,2025-05-24 08:00:00,2025-05-24 10:00:00,25.28
Montenegro,MNE,2025-05-24 09:00:00,2025-05-24 11:00:00,23.11
Montenegro,MNE,2025-05-24 10:00:00,2025-05-24 12:00:00,21.14
Montenegro,MNE,2025-05-24 11:00:00,2025-05-24 13:00:00,19.41
Montenegro,MNE,2025-05-24 12:00:00,2025-05-24 14:00:00,19.5
Montenegro,MNE,2025-05-24 13:00:00,2025-05-24 15:00:00,23.74
Montenegro,MNE,2025-05-24 14:00:00,2025-05-24 16:00:00,47.4
Montenegro,MNE,2025-05-24 15:00:00,2025-05-24 17:00:00,83.92
Montenegro,MNE,2025-05-24 16:00:00,2025-05-24 18:00:00,112.5
Montenegro,MNE,2025-05-24 17:00:00,2025-05-24 19:00:00,141.16
Montenegro,MNE,2025-05-24 18:00:00,2025-05-24 20:00:00,191.57
Montenegro,MNE,2025-05-24 19:00:00,2025-05-24 21:00:00,141.19
Montenegro,MNE,2025-05-24 20:00:00,2025-05-24 22:00:00,113.65
Montenegro,MNE,2025-05-24 21:00:00,2025-05-24 23:00:00,105.93
Montenegro,MNE,2025-05-24 22:00:00,2025-05-25 00:00:00,95.2
Montenegro,MNE,2025-05-24 23:00:00,2025-05-25 01:00:00,75.25
Montenegro,MNE,2025-05-25 00:00:00,2025-05-25 02:00:00,55.92
Montenegro,MNE,2025-05-25 01:00:00,2025-05-25 03:00:00,53.8
Montenegro,MNE,2025-05-25 02:00:00,2025-05-25 04:00:00,53.4
Montenegro,MNE,2025-05-25 03:00:00,2025-05-25 05:00:00,48.39
Montenegro,MNE,2025-05-25 04:00:00,2025-05-25 06:00:00,23.34
Montenegro,MNE,2025-05-25 05:00:00,2025-05-25 07:00:00,47.42
Montenegro,MNE,2025-05-25 06:00:00,2025-05-25 08:00:00,19.25
Montenegro,MNE,2025-05-25 07:00:00,2025-05-25 09:00:00,14.05
Montenegro,MNE,2025-05-25 08:00:00,2025-05-25 10:00:00,5.09
Montenegro,MNE,2025-05-25 09:00:00,2025-05-25 11:00:00,3.09
Montenegro,MNE,2025-05-25 10:00:00,2025-05-25 12:00:00,10.02
Montenegro,MNE,2025-05-25 11:00:00,2025-05-25 13:00:00,8.02
Montenegro,MNE,2025-05-25 12:00:00,2025-05-25 14:00:00,9.55
Montenegro,MNE,2025-05-25 13:00:00,2025-05-25 15:00:00,11.6
Montenegro,MNE,2025-05-25 14:00:00,2025-05-25 16:00:00,35.23
Montenegro,MNE,2025-05-25 15:00:00,2025-05-25 17:00:00,49.65
Montenegro,MNE,2025-05-25 16:00:00,2025-05-25 18:00:00,81.67
Montenegro,MNE,2025-05-25 17:00:00,2025-05-25 19:00:00,119.16
Montenegro,MNE,2025-05-25 18:00:00,2025-05-25 20:00:00,149.19
Montenegro,MNE,2025-05-25 19:00:00,2025-05-25 21:00:00,126.01
Montenegro,MNE,2025-05-25 20:00:00,2025-05-25 22:00:00,109.69
Montenegro,MNE,2025-05-25 21:00:00,2025-05-25 23:00:00,97.85
Montenegro,MNE,2025-05-25 22:00:00,2025-05-26 00:00:00,90.96
Montenegro,MNE,2025-05-25 23:00:00,2025-05-26 01:00:00,83.92
Montenegro,MNE,2025-05-26 00:00:00,2025-05-26 02:00:00,78.57
Montenegro,MNE,2025-05-26 01:00:00,2025-05-26 03:00:00,79.41
Montenegro,MNE,2025-05-26 02:00:00,2025-05-26 04:00:00,82.71
Montenegro,MNE,2025-05-26 03:00:00,2025-05-26 05:00:00,94.33
Montenegro,MNE,2025-05-26 04:00:00,2025-05-26 06:00:00,118.89
Montenegro,MNE,2025-05-26 05:00:00,2025-05-26 07:00:00,118.98
Montenegro,MNE,2025-05-26 06:00:00,2025-05-26 08:00:00,104.1
Montenegro,MNE,2025-05-26 07:00:00,2025-05-26 09:00:00,103.1
Montenegro,MNE,2025-05-26 08:00:00,2025-05-26 10:00:00,69.42
Montenegro,MNE,2025-05-26 09:00:00,2025-05-26 11:00:00,45.73
Montenegro,MNE,2025-05-26 10:00:00,2025-05-26 12:00:00,39.23
Montenegro,MNE,2025-05-26 11:00:00,2025-05-26 13:00:00,44.13
Montenegro,MNE,2025-05-26 12:00:00,2025-05-26 14:00:00,37.84
Montenegro,MNE,2025-05-26 13:00:00,2025-05-26 15:00:00,55.76
Montenegro,MNE,2025-05-26 14:00:00,2025-05-26 16:00:00,83.41
Montenegro,MNE,2025-05-26 15:00:00,2025-05-26 17:00:00,111.88
Montenegro,MNE,2025-05-26 16:00:00,2025-05-26 18:00:00,124.3
Montenegro,MNE,2025-05-26 17:00:00,2025-05-26 19:00:00,156.51
Montenegro,MNE,2025-05-26 18:00:00,2025-05-26 20:00:00,167.54
Montenegro,MNE,2025-05-26 19:00:00,2025-05-26 21:00:00,151.4
Montenegro,MNE,2025-05-26 20:00:00,2025-05-26 22:00:00,125.43
Montenegro,MNE,2025-05-26 21:00:00,2025-05-26 23:00:00,118.37
Montenegro,MNE,2025-05-26 22:00:00,2025-05-27 00:00:00,109.08
Montenegro,MNE,2025-05-26 23:00:00,2025-05-27 01:00:00,102.07
Montenegro,MNE,2025-05-27 00:00:00,2025-05-27 02:00:00,96.43
Montenegro,MNE,2025-05-27 01:00:00,2025-05-27 03:00:00,95.53
Montenegro,MNE,2025-05-27 02:00:00,2025-05-27 04:00:00,96.8
Montenegro,MNE,2025-05-27 03:00:00,2025-05-27 05:00:00,103.22
Montenegro,MNE,2025-05-27 04:00:00,2025-05-27 06:00:00,136.22
Montenegro,MNE,2025-05-27 05:00:00,2025-05-27 07:00:00,134.21
Montenegro,MNE,2025-05-27 06:00:00,2025-05-27 08:00:00,138.35
Montenegro,MNE,2025-05-27 07:00:00,2025-05-27 09:00:00,121.06
Montenegro,MNE,2025-05-27 08:00:00,2025-05-27 10:00:00,110.03
Montenegro,MNE,2025-05-27 09:00:00,2025-05-27 11:00:00,92.03
Montenegro,MNE,2025-05-27 10:00:00,2025-05-27 12:00:00,66.51
Montenegro,MNE,2025-05-27 11:00:00,2025-05-27 13:00:00,60.03
Montenegro,MNE,2025-05-27 12:00:00,2025-05-27 14:00:00,80.02
Montenegro,MNE,2025-05-27 13:00:00,2025-05-27 15:00:00,96.43
Montenegro,MNE,2025-05-27 14:00:00,2025-05-27 16:00:00,101.0
Montenegro,MNE,2025-05-27 15:00:00,2025-05-27 17:00:00,99.36
Montenegro,MNE,2025-05-27 16:00:00,2025-05-27 18:00:00,120.01
Montenegro,MNE,2025-05-27 17:00:00,2025-05-27 19:00:00,159.18
Montenegro,MNE,2025-05-27 18:00:00,2025-05-27 20:00:00,215.19
Montenegro,MNE,2025-05-27 19:00:00,2025-05-27 21:00:00,163.07
Montenegro,MNE,2025-05-27 20:00:00,2025-05-27 22:00:00,129.49
Montenegro,MNE,2025-05-27 21:00:00,2025-05-27 23:00:00,111.94
Montenegro,MNE,2025-05-27 22:00:00,2025-05-28 00:00:00,97.95
Montenegro,MNE,2025-05-27 23:00:00,2025-05-28 01:00:00,89.17
Montenegro,MNE,2025-05-28 00:00:00,2025-05-28 02:00:00,81.46
Montenegro,MNE,2025-05-28 01:00:00,2025-05-28 03:00:00,78.03
Montenegro,MNE,2025-05-28 02:00:00,2025-05-28 04:00:00,77.05
Montenegro,MNE,2025-05-28 03:00:00,2025-05-28 05:00:00,84.64
Montenegro,MNE,2025-05-28 04:00:00,2025-05-28 06:00:00,105.05
Montenegro,MNE,2025-05-28 05:00:00,2025-05-28 07:00:00,100.06
Montenegro,MNE,2025-05-28 06:00:00,2025-05-28 08:00:00,90.07
Montenegro,MNE,2025-05-28 07:00:00,2025-05-28 09:00:00,131.38
Montenegro,MNE,2025-05-28 08:00:00,2025-05-28 10:00:00,117.25
Montenegro,MNE,2025-05-28 09:00:00,2025-05-28 11:00:00,75.79
Montenegro,MNE,2025-05-28 10:00:00,2025-05-28 12:00:00,59.99
Montenegro,MNE,2025-05-28 11:00:00,2025-05-28 13:00:00,59.99
Montenegro,MNE,2025-05-28 12:00:00,2025-05-28 14:00:00,73.31
Montenegro,MNE,2025-05-28 13:00:00,2025-05-28 15:00:00,80.74
Montenegro,MNE,2025-05-28 14:00:00,2025-05-28 16:00:00,99.82
Montenegro,MNE,2025-05-28 15:00:00,2025-05-28 17:00:00,102.3
Montenegro,MNE,2025-05-28 16:00:00,2025-05-28 18:00:00,117.75
Montenegro,MNE,2025-05-28 17:00:00,2025-05-28 19:00:00,149.91
Montenegro,MNE,2025-05-28 18:00:00,2025-05-28 20:00:00,189.99
Montenegro,MNE,2025-05-28 19:00:00,2025-05-28 21:00:00,148.29
Montenegro,MNE,2025-05-28 20:00:00,2025-05-28 22:00:00,121.55
Montenegro,MNE,2025-05-28 21:00:00,2025-05-28 23:00:00,117.36
Montenegro,MNE,2025-05-28 22:00:00,2025-05-29 00:00:00,120.0
Montenegro,MNE,2025-05-28 23:00:00,2025-05-29 01:00:00,103.27
Montenegro,MNE,2025-05-29 00:00:00,2025-05-29 02:00:00,99.21
Montenegro,MNE,2025-05-29 01:00:00,2025-05-29 03:00:00,87.96
Montenegro,MNE,2025-05-29 02:00:00,2025-05-29 04:00:00,87.97
Montenegro,MNE,2025-05-29 03:00:00,2025-05-29 05:00:00,97.09
Montenegro,MNE,2025-05-29 04:00:00,2025-05-29 06:00:00,107.59
Montenegro,MNE,2025-05-29 05:00:00,2025-05-29 07:00:00,121.08
Montenegro,MNE,2025-05-29 06:00:00,2025-05-29 08:00:00,119.24
Montenegro,MNE,2025-05-29 07:00:00,2025-05-29 09:00:00,112.19
Montenegro,MNE,2025-05-29 08:00:00,2025-05-29 10:00:00,91.7
Montenegro,MNE,2025-05-29 09:00:00,2025-05-29 11:00:00,63.91
Montenegro,MNE,2025-05-29 10:00:00,2025-05-29 12:00:00,35.01
Montenegro,MNE,2025-05-29 11:00:00,2025-05-29 13:00:00,33.25
Montenegro,MNE,2025-05-29 12:00:00,2025-05-29 14:00:00,39.56
Montenegro,MNE,2025-05-29 13:00:00,2025-05-29 15:00:00,64.0
Montenegro,MNE,2025-05-29 14:00:00,2025-05-29 16:00:00,77.98
Montenegro,MNE,2025-05-29 15:00:00,2025-05-29 17:00:00,99.8
Montenegro,MNE,2025-05-29 16:00:00,2025-05-29 18:00:00,113.39
Montenegro,MNE,2025-05-29 17:00:00,2025-05-29 19:00:00,137.52
Montenegro,MNE,2025-05-29 18:00:00,2025-05-29 20:00:00,169.93
Montenegro,MNE,2025-05-29 19:00:00,2025-05-29 21:00:00,140.0
Montenegro,MNE,2025-05-29 20:00:00,2025-05-29 22:00:00,125.09
Montenegro,MNE,2025-05-29 21:00:00,2025-05-29 23:00:00,104.17
Montenegro,MNE,2025-05-29 22:00:00,2025-05-30 00:00:00,98.13
Montenegro,MNE,2025-05-29 23:00:00,2025-05-30 01:00:00,83.01
Montenegro,MNE,2025-05-30 00:00:00,2025-05-30 02:00:00,66.57
Montenegro,MNE,2025-05-30 01:00:00,2025-05-30 03:00:00,61.18
Montenegro,MNE,2025-05-30 02:00:00,2025-05-30 04:00:00,61.67
Montenegro,MNE,2025-05-30 03:00:00,2025-05-30 05:00:00,79.17
Montenegro,MNE,2025-05-30 04:00:00,2025-05-30 06:00:00,85.87
Montenegro,MNE,2025-05-30 05:00:00,2025-05-30 07:00:00,107.68
Montenegro,MNE,2025-05-30 06:00:00,2025-05-30 08:00:00,94.99
Montenegro,MNE,2025-05-30 07:00:00,2025-05-30 09:00:00,82.9
Montenegro,MNE,2025-05-30 08:00:00,2025-05-30 10:00:00,45.61
Montenegro,MNE,2025-05-30 09:00:00,2025-05-30 11:00:00,29.88
Montenegro,MNE,2025-05-30 10:00:00,2025-05-30 12:00:00,17.58
Montenegro,MNE,2025-05-30 11:00:00,2025-05-30 13:00:00,17.59
Montenegro,MNE,2025-05-30 12:00:00,2025-05-30 14:00:00,23.69
Montenegro,MNE,2025-05-30 13:00:00,2025-05-30 15:00:00,25.42
Montenegro,MNE,2025-05-30 14:00:00,2025-05-30 16:00:00,39.25
Montenegro,MNE,2025-05-30 15:00:00,2025-05-30 17:00:00,85.51
Montenegro,MNE,2025-05-30 16:00:00,2025-05-30 18:00:00,100.98
Montenegro,MNE,2025-05-30 17:00:00,2025-05-30 19:00:00,115.57
Montenegro,MNE,2025-05-30 18:00:00,2025-05-30 20:00:00,147.36
Montenegro,MNE,2025-05-30 19:00:00,2025-05-30 21:00:00,127.93
Montenegro,MNE,2025-05-30 20:00:00,2025-05-30 22:00:00,112.07
Montenegro,MNE,2025-05-30 21:00:00,2025-05-30 23:00:00,104.99
Montenegro,MNE,2025-05-30 22:00:00,2025-05-31 00:00:00,105.0
Montenegro,MNE,2025-05-30 23:00:00,2025-05-31 01:00:00,95.52
Montenegro,MNE,2025-05-31 00:00:00,2025-05-31 02:00:00,95.0
Montenegro,MNE,2025-05-31 01:00:00,2025-05-31 03:00:00,93.3
Montenegro,MNE,2025-05-31 02:00:00,2025-05-31 04:00:00,93.23
Montenegro,MNE,2025-05-31 03:00:00,2025-05-31 05:00:00,91.73
Montenegro,MNE,2025-05-31 04:00:00,2025-05-31 06:00:00,108.02
Montenegro,MNE,2025-05-31 05:00:00,2025-05-31 07:00:00,107.93
Montenegro,MNE,2025-05-31 06:00:00,2025-05-31 08:00:00,97.77
Montenegro,MNE,2025-05-31 07:00:00,2025-05-31 09:00:00,20.16
Montenegro,MNE,2025-05-31 08:00:00,2025-05-31 10:00:00,0.05
Montenegro,MNE,2025-05-31 09:00:00,2025-05-31 11:00:00,0.02
Montenegro,MNE,2025-05-31 10:00:00,2025-05-31 12:00:00,0.02
Montenegro,MNE,2025-05-31 11:00:00,2025-05-31 13:00:00,0.02
Montenegro,MNE,2025-05-31 12:00:00,2025-05-31 14:00:00,0.02
Montenegro,MNE,2025-05-31 13:00:00,2025-05-31 15:00:00,0.1
Montenegro,MNE,2025-05-31 14:00:00,2025-05-31 16:00:00,9.77
Montenegro,MNE,2025-05-31 15:00:00,2025-05-31 17:00:00,61.88
Montenegro,MNE,2025-05-31 16:00:00,2025-05-31 18:00:00,100.27
Montenegro,MNE,2025-05-31 17:00:00,2025-05-31 19:00:00,130.01
Montenegro,MNE,2025-05-31 18:00:00,2025-05-31 20:00:00,167.49
Montenegro,MNE,2025-05-31 19:00:00,2025-05-31 21:00:00,150.47
Montenegro,MNE,2025-05-31 20:00:00,2025-05-31 22:00:00,125.29
Montenegro,MNE,2025-05-31 21:00:00,2025-05-31 23:00:00,111.42
Montenegro,MNE,2025-05-31 22:00:00,2025-06-01 00:00:00,99.63
Montenegro,MNE,2025-05-31 23:00:00,2025-06-01 01:00:00,97.42
Montenegro,MNE,2025-06-01 00:00:00,2025-06-01 02:00:00,81.8
Montenegro,MNE,2025-06-01 01:00:00,2025-06-01 03:00:00,79.86
Montenegro,MNE,2025-06-01 02:00:00,2025-06-01 04:00:00,77.0
Montenegro,MNE,2025-06-01 03:00:00,2025-06-01 05:00:00,71.08
Montenegro,MNE,2025-06-01 04:00:00,2025-06-01 06:00:00,47.11
Montenegro,MNE,2025-06-01 05:00:00,2025-06-01 07:00:00,29.58
Montenegro,MNE,2025-06-01 06:00:00,2025-06-01 08:00:00,89.53
Montenegro,MNE,2025-06-01 07:00:00,2025-06-01 09:00:00,0.0
Montenegro,MNE,2025-06-01 08:00:00,2025-06-01 10:00:00,0.0
Montenegro,MNE,2025-06-01 09:00:00,2025-06-01 11:00:00,0.0
Montenegro,MNE,2025-06-01 10:00:00,2025-06-01 12:00:00,0.0
Montenegro,MNE,2025-06-01 11:00:00,2025-06-01 13:00:00,0.0
Montenegro,MNE,2025-06-01 12:00:00,2025-06-01 14:00:00,0.0
Montenegro,MNE,2025-06-01 13:00:00,2025-06-01 15:00:00,0.0
Montenegro,MNE,2025-06-01 14:00:00,2025-06-01 16:00:00,0.0
Montenegro,MNE,2025-06-01 15:00:00,2025-06-01 17:00:00,9.38
Montenegro,MNE,2025-06-01 16:00:00,2025-06-01 18:00:00,75.89
Montenegro,MNE,2025-06-01 17:00:00,2025-06-01 19:00:00,109.96
Montenegro,MNE,2025-06-01 18:00:00,2025-06-01 20:00:00,147.75
Montenegro,MNE,2025-06-01 19:00:00,2025-06-01 21:00:00,133.75
Montenegro,MNE,2025-06-01 20:00:00,2025-06-01 22:00:00,111.86
Montenegro,MNE,2025-06-01 21:00:00,2025-06-01 23:00:00,96.01
Montenegro,MNE,2025-06-01 22:00:00,2025-06-02 00:00:00,99.94
Montenegro,MNE,2025-06-01 23:00:00,2025-06-02 01:00:00,93.94
Montenegro,MNE,2025-06-02 00:00:00,2025-06-02 02:00:00,87.82
Montenegro,MNE,2025-06-02 01:00:00,2025-06-02 03:00:00,85.82
Montenegro,MNE,2025-06-02 02:00:00,2025-06-02 04:00:00,87.02
Montenegro,MNE,2025-06-02 03:00:00,2025-06-02 05:00:00,89.01
Montenegro,MNE,2025-06-02 04:00:00,2025-06-02 06:00:00,107.94
Montenegro,MNE,2025-06-02 05:00:00,2025-06-02 07:00:00,111.7
Montenegro,MNE,2025-06-02 06:00:00,2025-06-02 08:00:00,101.15
Montenegro,MNE,2025-06-02 07:00:00,2025-06-02 09:00:00,83.45
Montenegro,MNE,2025-06-02 08:00:00,2025-06-02 10:00:00,60.01
Montenegro,MNE,2025-06-02 09:00:00,2025-06-02 11:00:00,42.76
Montenegro,MNE,2025-06-02 10:00:00,2025-06-02 12:00:00,31.04
Montenegro,MNE,2025-06-02 11:00:00,2025-06-02 13:00:00,32.12
Montenegro,MNE,2025-06-02 12:00:00,2025-06-02 14:00:00,29.09
Montenegro,MNE,2025-06-02 13:00:00,2025-06-02 15:00:00,37.2
Montenegro,MNE,2025-06-02 14:00:00,2025-06-02 16:00:00,58.01
Montenegro,MNE,2025-06-02 15:00:00,2025-06-02 17:00:00,79.5
Montenegro,MNE,2025-06-02 16:00:00,2025-06-02 18:00:00,125.05
Montenegro,MNE,2025-06-02 17:00:00,2025-06-02 19:00:00,175.64
Montenegro,MNE,2025-06-02 18:00:00,2025-06-02 20:00:00,225.57
Montenegro,MNE,2025-06-02 19:00:00,2025-06-02 21:00:00,190.0
Montenegro,MNE,2025-06-02 20:00:00,2025-06-02 22:00:00,141.79
Montenegro,MNE,2025-06-02 21:00:00,2025-06-02 23:00:00,111.91
Montenegro,MNE,2025-06-02 22:00:00,2025-06-03 00:00:00,116.37
Montenegro,MNE,2025-06-02 23:00:00,2025-06-03 01:00:00,115.12
Montenegro,MNE,2025-06-03 00:00:00,2025-06-03 02:00:00,103.98
Montenegro,MNE,2025-06-03 01:00:00,2025-06-03 03:00:00,103.99
Montenegro,MNE,2025-06-03 02:00:00,2025-06-03 04:00:00,109.71
Montenegro,MNE,2025-06-03 03:00:00,2025-06-03 05:00:00,116.16
Montenegro,MNE,2025-06-03 04:00:00,2025-06-03 06:00:00,125.71
Montenegro,MNE,2025-06-03 05:00:00,2025-06-03 07:00:00,127.04
Montenegro,MNE,2025-06-03 06:00:00,2025-06-03 08:00:00,131.02
Montenegro,MNE,2025-06-03 07:00:00,2025-06-03 09:00:00,110.01
Montenegro,MNE,2025-06-03 08:00:00,2025-06-03 10:00:00,72.19
Montenegro,MNE,2025-06-03 09:00:00,2025-06-03 11:00:00,55.64
Montenegro,MNE,2025-06-03 10:00:00,2025-06-03 12:00:00,22.68
Montenegro,MNE,2025-06-03 11:00:00,2025-06-03 13:00:00,33.88
Montenegro,MNE,2025-06-03 12:00:00,2025-06-03 14:00:00,37.08
Montenegro,MNE,2025-06-03 13:00:00,2025-06-03 15:00:00,49.69
Montenegro,MNE,2025-06-03 14:00:00,2025-06-03 16:00:00,97.67
Montenegro,MNE,2025-06-03 15:00:00,2025-06-03 17:00:00,118.87
Montenegro,MNE,2025-06-03 16:00:00,2025-06-03 18:00:00,141.68
Montenegro,MNE,2025-06-03 17:00:00,2025-06-03 19:00:00,203.62
Montenegro,MNE,2025-06-03 18:00:00,2025-06-03 20:00:00,247.62
Montenegro,MNE,2025-06-03 19:00:00,2025-06-03 21:00:00,190.0
Montenegro,MNE,2025-06-03 20:00:00,2025-06-03 22:00:00,147.83
Montenegro,MNE,2025-06-03 21:00:00,2025-06-03 23:00:00,139.23
Montenegro,MNE,2025-06-03 22:00:00,2025-06-04 00:00:00,111.3
Montenegro,MNE,2025-06-03 23:00:00,2025-06-04 01:00:00,104.02
Montenegro,MNE,2025-06-04 00:00:00,2025-06-04 02:00:00,100.0
Montenegro,MNE,2025-06-04 01:00:00,2025-06-04 03:00:00,96.0
Montenegro,MNE,2025-06-04 02:00:00,2025-06-04 04:00:00,99.74
Montenegro,MNE,2025-06-04 03:00:00,2025-06-04 05:00:00,106.01
Montenegro,MNE,2025-06-04 04:00:00,2025-06-04 06:00:00,121.13
Montenegro,MNE,2025-06-04 05:00:00,2025-06-04 07:00:00,126.06
Montenegro,MNE,2025-06-04 06:00:00,2025-06-04 08:00:00,114.08
Montenegro,MNE,2025-06-04 07:00:00,2025-06-04 09:00:00,110.0
Montenegro,MNE,2025-06-04 08:00:00,2025-06-04 10:00:00,78.06
Montenegro,MNE,2025-06-04 09:00:00,2025-06-04 11:00:00,97.25
Montenegro,MNE,2025-06-04 10:00:00,2025-06-04 12:00:00,45.37
Montenegro,MNE,2025-06-04 11:00:00,2025-06-04 13:00:00,65.82
Montenegro,MNE,2025-06-04 12:00:00,2025-06-04 14:00:00,75.11
Montenegro,MNE,2025-06-04 13:00:00,2025-06-04 15:00:00,90.69
Montenegro,MNE,2025-06-04 14:00:00,2025-06-04 16:00:00,108.85
Montenegro,MNE,2025-06-04 15:00:00,2025-06-04 17:00:00,127.05
Montenegro,MNE,2025-06-04 16:00:00,2025-06-04 18:00:00,215.04
Montenegro,MNE,2025-06-04 17:00:00,2025-06-04 19:00:00,252.04
Montenegro,MNE,2025-06-04 18:00:00,2025-06-04 20:00:00,311.0
Montenegro,MNE,2025-06-04 19:00:00,2025-06-04 21:00:00,208.73
Montenegro,MNE,2025-06-04 20:00:00,2025-06-04 22:00:00,148.0
Montenegro,MNE,2025-06-04 21:00:00,2025-06-04 23:00:00,123.0
Montenegro,MNE,2025-06-04 22:00:00,2025-06-05 00:00:00,118.0
Montenegro,MNE,2025-06-04 23:00:00,2025-06-05 01:00:00,107.08
Montenegro,MNE,2025-06-05 00:00:00,2025-06-05 02:00:00,104.7
Montenegro,MNE,2025-06-05 01:00:00,2025-06-05 03:00:00,97.85
Montenegro,MNE,2025-06-05 02:00:00,2025-06-05 04:00:00,97.63
Montenegro,MNE,2025-06-05 03:00:00,2025-06-05 05:00:00,105.06
Montenegro,MNE,2025-06-05 04:00:00,2025-06-05 06:00:00,118.99
Montenegro,MNE,2025-06-05 05:00:00,2025-06-05 07:00:00,139.03
Montenegro,MNE,2025-06-05 06:00:00,2025-06-05 08:00:00,125.8
Montenegro,MNE,2025-06-05 07:00:00,2025-06-05 09:00:00,122.99
Montenegro,MNE,2025-06-05 08:00:00,2025-06-05 10:00:00,124.23
Montenegro,MNE,2025-06-05 09:00:00,2025-06-05 11:00:00,116.97
Montenegro,MNE,2025-06-05 10:00:00,2025-06-05 12:00:00,83.77
Montenegro,MNE,2025-06-05 11:00:00,2025-06-05 13:00:00,90.76
Montenegro,MNE,2025-06-05 12:00:00,2025-06-05 14:00:00,97.09
Montenegro,MNE,2025-06-05 13:00:00,2025-06-05 15:00:00,112.55
Montenegro,MNE,2025-06-05 14:00:00,2025-06-05 16:00:00,117.13
Montenegro,MNE,2025-06-05 15:00:00,2025-06-05 17:00:00,127.21
Montenegro,MNE,2025-06-05 16:00:00,2025-06-05 18:00:00,135.07
Montenegro,MNE,2025-06-05 17:00:00,2025-06-05 19:00:00,182.1
Montenegro,MNE,2025-06-05 18:00:00,2025-06-05 20:00:00,233.16
Montenegro,MNE,2025-06-05 19:00:00,2025-06-05 21:00:00,180.08
Montenegro,MNE,2025-06-05 20:00:00,2025-06-05 22:00:00,132.37
Montenegro,MNE,2025-06-05 21:00:00,2025-06-05 23:00:00,111.92
Montenegro,MNE,2025-06-05 22:00:00,2025-06-06 00:00:00,112.41
Montenegro,MNE,2025-06-05 23:00:00,2025-06-06 01:00:00,106.99
Montenegro,MNE,2025-06-06 00:00:00,2025-06-06 02:00:00,103.34
Montenegro,MNE,2025-06-06 01:00:00,2025-06-06 03:00:00,96.29
Montenegro,MNE,2025-06-06 02:00:00,2025-06-06 04:00:00,95.79
Montenegro,MNE,2025-06-06 03:00:00,2025-06-06 05:00:00,98.0
Montenegro,MNE,2025-06-06 04:00:00,2025-06-06 06:00:00,117.01
Montenegro,MNE,2025-06-06 05:00:00,2025-06-06 07:00:00,129.91
Montenegro,MNE,2025-06-06 06:00:00,2025-06-06 08:00:00,119.19
Montenegro,MNE,2025-06-06 07:00:00,2025-06-06 09:00:00,111.85
Montenegro,MNE,2025-06-06 08:00:00,2025-06-06 10:00:00,110.0
Montenegro,MNE,2025-06-06 09:00:00,2025-06-06 11:00:00,102.52
Montenegro,MNE,2025-06-06 10:00:00,2025-06-06 12:00:00,79.91
Montenegro,MNE,2025-06-06 11:00:00,2025-06-06 13:00:00,79.93
Montenegro,MNE,2025-06-06 12:00:00,2025-06-06 14:00:00,79.92
Montenegro,MNE,2025-06-06 13:00:00,2025-06-06 15:00:00,83.9
Montenegro,MNE,2025-06-06 14:00:00,2025-06-06 16:00:00,90.96
Montenegro,MNE,2025-06-06 15:00:00,2025-06-06 17:00:00,104.86
Montenegro,MNE,2025-06-06 16:00:00,2025-06-06 18:00:00,120.02
Montenegro,MNE,2025-06-06 17:00:00,2025-06-06 19:00:00,153.59
Montenegro,MNE,2025-06-06 18:00:00,2025-06-06 20:00:00,203.26
Montenegro,MNE,2025-06-06 19:00:00,2025-06-06 21:00:00,153.06
Montenegro,MNE,2025-06-06 20:00:00,2025-06-06 22:00:00,128.81
Montenegro,MNE,2025-06-06 21:00:00,2025-06-06 23:00:00,118.04
Montenegro,MNE,2025-06-06 22:00:00,2025-06-07 00:00:00,122.91
Montenegro,MNE,2025-06-06 23:00:00,2025-06-07 01:00:00,103.79
Montenegro,MNE,2025-06-07 00:00:00,2025-06-07 02:00:00,91.39
Montenegro,MNE,2025-06-07 01:00:00,2025-06-07 03:00:00,87.57
Montenegro,MNE,2025-06-07 02:00:00,2025-06-07 04:00:00,87.55
Montenegro,MNE,2025-06-07 03:00:00,2025-06-07 05:00:00,94.99
Montenegro,MNE,2025-06-07 04:00:00,2025-06-07 06:00:00,104.91
Montenegro,MNE,2025-06-07 05:00:00,2025-06-07 07:00:00,104.91
Montenegro,MNE,2025-06-07 06:00:00,2025-06-07 08:00:00,99.44
Montenegro,MNE,2025-06-07 07:00:00,2025-06-07 09:00:00,47.39
Montenegro,MNE,2025-06-07 08:00:00,2025-06-07 10:00:00,23.67
Montenegro,MNE,2025-06-07 09:00:00,2025-06-07 11:00:00,11.5
Montenegro,MNE,2025-06-07 10:00:00,2025-06-07 12:00:00,1.0
Montenegro,MNE,2025-06-07 11:00:00,2025-06-07 13:00:00,1.0
Montenegro,MNE,2025-06-07 12:00:00,2025-06-07 14:00:00,1.1
Montenegro,MNE,2025-06-07 13:00:00,2025-06-07 15:00:00,3.75
Montenegro,MNE,2025-06-07 14:00:00,2025-06-07 16:00:00,19.18
Montenegro,MNE,2025-06-07 15:00:00,2025-06-07 17:00:00,79.99
Montenegro,MNE,2025-06-07 16:00:00,2025-06-07 18:00:00,122.56
Montenegro,MNE,2025-06-07 17:00:00,2025-06-07 19:00:00,155.83
Montenegro,MNE,2025-06-07 18:00:00,2025-06-07 20:00:00,199.09
Montenegro,MNE,2025-06-07 19:00:00,2025-06-07 21:00:00,152.01
Montenegro,MNE,2025-06-07 20:00:00,2025-06-07 22:00:00,124.94
Montenegro,MNE,2025-06-07 21:00:00,2025-06-07 23:00:00,112.68
Montenegro,MNE,2025-06-07 22:00:00,2025-06-08 00:00:00,95.07
Montenegro,MNE,2025-06-07 23:00:00,2025-06-08 01:00:00,87.07
Montenegro,MNE,2025-06-08 00:00:00,2025-06-08 02:00:00,83.05
Montenegro,MNE,2025-06-08 01:00:00,2025-06-08 03:00:00,81.05
Montenegro,MNE,2025-06-08 02:00:00,2025-06-08 04:00:00,77.05
Montenegro,MNE,2025-06-08 03:00:00,2025-06-08 05:00:00,79.47
Montenegro,MNE,2025-06-08 04:00:00,2025-06-08 06:00:00,65.48
Montenegro,MNE,2025-06-08 05:00:00,2025-06-08 07:00:00,50.01
Montenegro,MNE,2025-06-08 06:00:00,2025-06-08 08:00:00,54.31
Montenegro,MNE,2025-06-08 07:00:00,2025-06-08 09:00:00,1.63
Montenegro,MNE,2025-06-08 08:00:00,2025-06-08 10:00:00,1.63
Montenegro,MNE,2025-06-08 09:00:00,2025-06-08 11:00:00,1.57
Montenegro,MNE,2025-06-08 10:00:00,2025-06-08 12:00:00,1.55
Montenegro,MNE,2025-06-08 11:00:00,2025-06-08 13:00:00,1.48
Montenegro,MNE,2025-06-08 12:00:00,2025-06-08 14:00:00,1.4
Montenegro,MNE,2025-06-08 13:00:00,2025-06-08 15:00:00,1.75
Montenegro,MNE,2025-06-08 14:00:00,2025-06-08 16:00:00,1.79
Montenegro,MNE,2025-06-08 15:00:00,2025-06-08 17:00:00,59.04
Montenegro,MNE,2025-06-08 16:00:00,2025-06-08 18:00:00,97.66
Montenegro,MNE,2025-06-08 17:00:00,2025-06-08 19:00:00,123.1
Montenegro,MNE,2025-06-08 18:00:00,2025-06-08 20:00:00,147.47
Montenegro,MNE,2025-06-08 19:00:00,2025-06-08 21:00:00,129.03
Montenegro,MNE,2025-06-08 20:00:00,2025-06-08 22:00:00,117.92
Montenegro,MNE,2025-06-08 21:00:00,2025-06-08 23:00:00,110.05
Montenegro,MNE,2025-06-08 22:00:00,2025-06-09 00:00:00,97.11
Montenegro,MNE,2025-06-08 23:00:00,2025-06-09 01:00:00,73.06
Montenegro,MNE,2025-06-09 00:00:00,2025-06-09 02:00:00,66.05
Montenegro,MNE,2025-06-09 01:00:00,2025-06-09 03:00:00,62.57
Montenegro,MNE,2025-06-09 02:00:00,2025-06-09 04:00:00,69.86
Montenegro,MNE,2025-06-09 03:00:00,2025-06-09 05:00:00,82.09
Montenegro,MNE,2025-06-09 04:00:00,2025-06-09 06:00:00,97.98
Montenegro,MNE,2025-06-09 05:00:00,2025-06-09 07:00:00,90.05
Montenegro,MNE,2025-06-09 06:00:00,2025-06-09 08:00:00,62.85
Montenegro,MNE,2025-06-09 07:00:00,2025-06-09 09:00:00,40.08
Montenegro,MNE,2025-06-09 08:00:00,2025-06-09 10:00:00,29.71
Montenegro,MNE,2025-06-09 09:00:00,2025-06-09 11:00:00,13.66
Montenegro,MNE,2025-06-09 10:00:00,2025-06-09 12:00:00,6.36
Montenegro,MNE,2025-06-09 11:00:00,2025-06-09 13:00:00,6.5
Montenegro,MNE,2025-06-09 12:00:00,2025-06-09 14:00:00,20.04
Montenegro,MNE,2025-06-09 13:00:00,2025-06-09 15:00:00,15.03
Montenegro,MNE,2025-06-09 14:00:00,2025-06-09 16:00:00,40.08
Montenegro,MNE,2025-06-09 15:00:00,2025-06-09 17:00:00,83.47
Montenegro,MNE,2025-06-09 16:00:00,2025-06-09 18:00:00,124.68
Montenegro,MNE,2025-06-09 17:00:00,2025-06-09 19:00:00,167.65
Montenegro,MNE,2025-06-09 18:00:00,2025-06-09 20:00:00,200.06
Montenegro,MNE,2025-06-09 19:00:00,2025-06-09 21:00:00,181.61
Montenegro,MNE,2025-06-09 20:00:00,2025-06-09 22:00:00,132.18
Montenegro,MNE,2025-06-09 21:00:00,2025-06-09 23:00:00,109.1
Montenegro,MNE,2025-06-09 22:00:00,2025-06-10 00:00:00,99.03
Montenegro,MNE,2025-06-09 23:00:00,2025-06-10 01:00:00,84.06
Montenegro,MNE,2025-06-10 00:00:00,2025-06-10 02:00:00,76.0
Montenegro,MNE,2025-06-10 01:00:00,2025-06-10 03:00:00,71.5
Montenegro,MNE,2025-06-10 02:00:00,2025-06-10 04:00:00,72.68
Montenegro,MNE,2025-06-10 03:00:00,2025-06-10 05:00:00,81.03
Montenegro,MNE,2025-06-10 04:00:00,2025-06-10 06:00:00,95.57
Montenegro,MNE,2025-06-10 05:00:00,2025-06-10 07:00:00,95.24
Montenegro,MNE,2025-06-10 06:00:00,2025-06-10 08:00:00,79.03
Montenegro,MNE,2025-06-10 07:00:00,2025-06-10 09:00:00,56.31
Montenegro,MNE,2025-06-10 08:00:00,2025-06-10 10:00:00,34.03
Montenegro,MNE,2025-06-10 09:00:00,2025-06-10 11:00:00,23.1
Montenegro,MNE,2025-06-10 10:00:00,2025-06-10 12:00:00,19.03
Montenegro,MNE,2025-06-10 11:00:00,2025-06-10 13:00:00,17.03
Montenegro,MNE,2025-06-10 12:00:00,2025-06-10 14:00:00,21.04
Montenegro,MNE,2025-06-10 13:00:00,2025-06-10 15:00:00,39.67
Montenegro,MNE,2025-06-10 14:00:00,2025-06-10 16:00:00,63.74
Montenegro,MNE,2025-06-10 15:00:00,2025-06-10 17:00:00,99.16
Montenegro,MNE,2025-06-10 16:00:00,2025-06-10 18:00:00,131.98
Montenegro,MNE,2025-06-10 17:00:00,2025-06-10 19:00:00,187.8
Montenegro,MNE,2025-06-10 18:00:00,2025-06-10 20:00:00,239.03
Montenegro,MNE,2025-06-10 19:00:00,2025-06-10 21:00:00,170.05
Montenegro,MNE,2025-06-10 20:00:00,2025-06-10 22:00:00,123.12
Montenegro,MNE,2025-06-10 21:00:00,2025-06-10 23:00:00,111.8
Montenegro,MNE,2025-06-10 22:00:00,2025-06-11 00:00:00,90.09
Montenegro,MNE,2025-06-10 23:00:00,2025-06-11 01:00:00,83.41
Montenegro,MNE,2025-06-11 00:00:00,2025-06-11 02:00:00,72.19
Montenegro,MNE,2025-06-11 01:00:00,2025-06-11 03:00:00,71.43
Montenegro,MNE,2025-06-11 02:00:00,2025-06-11 04:00:00,73.04
Montenegro,MNE,2025-06-11 03:00:00,2025-06-11 05:00:00,86.16
Montenegro,MNE,2025-06-11 04:00:00,2025-06-11 06:00:00,104.1
Montenegro,MNE,2025-06-11 05:00:00,2025-06-11 07:00:00,103.15
Montenegro,MNE,2025-06-11 06:00:00,2025-06-11 08:00:00,85.0
Montenegro,MNE,2025-06-11 07:00:00,2025-06-11 09:00:00,59.78
Montenegro,MNE,2025-06-11 08:00:00,2025-06-11 10:00:00,34.77
Montenegro,MNE,2025-06-11 09:00:00,2025-06-11 11:00:00,25.01
Montenegro,MNE,2025-06-11 10:00:00,2025-06-11 12:00:00,25.01
Montenegro,MNE,2025-06-11 11:00:00,2025-06-11 13:00:00,24.05
Montenegro,MNE,2025-06-11 12:00:00,2025-06-11 14:00:00,25.01
Montenegro,MNE,2025-06-11 13:00:00,2025-06-11 15:00:00,71.96
Montenegro,MNE,2025-06-11 14:00:00,2025-06-11 16:00:00,83.44
Montenegro,MNE,2025-06-11 15:00:00,2025-06-11 17:00:00,103.47
Montenegro,MNE,2025-06-11 16:00:00,2025-06-11 18:00:00,139.99
Montenegro,MNE,2025-06-11 17:00:00,2025-06-11 19:00:00,196.4
Montenegro,MNE,2025-06-11 18:00:00,2025-06-11 20:00:00,251.04
Montenegro,MNE,2025-06-11 19:00:00,2025-06-11 21:00:00,191.04
Montenegro,MNE,2025-06-11 20:00:00,2025-06-11 22:00:00,138.03
Montenegro,MNE,2025-06-11 21:00:00,2025-06-11 23:00:00,114.78
Montenegro,MNE,2025-06-11 22:00:00,2025-06-12 00:00:00,103.25
Montenegro,MNE,2025-06-11 23:00:00,2025-06-12 01:00:00,91.88
Montenegro,MNE,2025-06-12 00:00:00,2025-06-12 02:00:00,87.56
Montenegro,MNE,2025-06-12 01:00:00,2025-06-12 03:00:00,85.99
Montenegro,MNE,2025-06-12 02:00:00,2025-06-12 04:00:00,87.01
Montenegro,MNE,2025-06-12 03:00:00,2025-06-12 05:00:00,95.62
Montenegro,MNE,2025-06-12 04:00:00,2025-06-12 06:00:00,103.99
Montenegro,MNE,2025-06-12 05:00:00,2025-06-12 07:00:00,103.15
Montenegro,MNE,2025-06-12 06:00:00,2025-06-12 08:00:00,82.11
Montenegro,MNE,2025-06-12 07:00:00,2025-06-12 09:00:00,55.73
Montenegro,MNE,2025-06-12 08:00:00,2025-06-12 10:00:00,23.28
Montenegro,MNE,2025-06-12 09:00:00,2025-06-12 11:00:00,12.68
Montenegro,MNE,2025-06-12 10:00:00,2025-06-12 12:00:00,9.18
Montenegro,MNE,2025-06-12 11:00:00,2025-06-12 13:00:00,10.09
Montenegro,MNE,2025-06-12 12:00:00,2025-06-12 14:00:00,22.05
Montenegro,MNE,2025-06-12 13:00:00,2025-06-12 15:00:00,33.08
Montenegro,MNE,2025-06-12 14:00:00,2025-06-12 16:00:00,85.99
Montenegro,MNE,2025-06-12 15:00:00,2025-06-12 17:00:00,107.07
Montenegro,MNE,2025-06-12 16:00:00,2025-06-12 18:00:00,135.25
Montenegro,MNE,2025-06-12 17:00:00,2025-06-12 19:00:00,165.0
Montenegro,MNE,2025-06-12 18:00:00,2025-06-12 20:00:00,199.31
Montenegro,MNE,2025-06-12 19:00:00,2025-06-12 21:00:00,155.61
Montenegro,MNE,2025-06-12 20:00:00,2025-06-12 22:00:00,123.06
Montenegro,MNE,2025-06-12 21:00:00,2025-06-12 23:00:00,105.61
Montenegro,MNE,2025-06-12 22:00:00,2025-06-13 00:00:00,97.97
Montenegro,MNE,2025-06-12 23:00:00,2025-06-13 01:00:00,81.03
Montenegro,MNE,2025-06-13 00:00:00,2025-06-13 02:00:00,77.56
Montenegro,MNE,2025-06-13 01:00:00,2025-06-13 03:00:00,75.67
Montenegro,MNE,2025-06-13 02:00:00,2025-06-13 04:00:00,77.47
Montenegro,MNE,2025-06-13 03:00:00,2025-06-13 05:00:00,91.1
Montenegro,MNE,2025-06-13 04:00:00,2025-06-13 06:00:00,95.25
Montenegro,MNE,2025-06-13 05:00:00,2025-06-13 07:00:00,82.11
Montenegro,MNE,2025-06-13 06:00:00,2025-06-13 08:00:00,74.81
Montenegro,MNE,2025-06-13 07:00:00,2025-06-13 09:00:00,39.23
Montenegro,MNE,2025-06-13 08:00:00,2025-06-13 10:00:00,15.94
Montenegro,MNE,2025-06-13 09:00:00,2025-06-13 11:00:00,9.44
Montenegro,MNE,2025-06-13 10:00:00,2025-06-13 12:00:00,7.4
Montenegro,MNE,2025-06-13 11:00:00,2025-06-13 13:00:00,3.7
Montenegro,MNE,2025-06-13 12:00:00,2025-06-13 14:00:00,15.09
Montenegro,MNE,2025-06-13 13:00:00,2025-06-13 15:00:00,28.02
Montenegro,MNE,2025-06-13 14:00:00,2025-06-13 16:00:00,50.84
Montenegro,MNE,2025-06-13 15:00:00,2025-06-13 17:00:00,89.12
Montenegro,MNE,2025-06-13 16:00:00,2025-06-13 18:00:00,120.81
Montenegro,MNE,2025-06-13 17:00:00,2025-06-13 19:00:00,152.06
Montenegro,MNE,2025-06-13 18:00:00,2025-06-13 20:00:00,185.87
Montenegro,MNE,2025-06-13 19:00:00,2025-06-13 21:00:00,145.05
Montenegro,MNE,2025-06-13 20:00:00,2025-06-13 22:00:00,112.0
Montenegro,MNE,2025-06-13 21:00:00,2025-06-13 23:00:00,100.77
Montenegro,MNE,2025-06-13 22:00:00,2025-06-14 00:00:00,91.85
Montenegro,MNE,2025-06-13 23:00:00,2025-06-14 01:00:00,79.8
Montenegro,MNE,2025-06-14 00:00:00,2025-06-14 02:00:00,73.57
Montenegro,MNE,2025-06-14 01:00:00,2025-06-14 03:00:00,65.6
Montenegro,MNE,2025-06-14 02:00:00,2025-06-14 04:00:00,61.85
Montenegro,MNE,2025-06-14 03:00:00,2025-06-14 05:00:00,67.06
Montenegro,MNE,2025-06-14 04:00:00,2025-06-14 06:00:00,55.05
Montenegro,MNE,2025-06-14 05:00:00,2025-06-14 07:00:00,43.24
Montenegro,MNE,2025-06-14 06:00:00,2025-06-14 08:00:00,33.34
Montenegro,MNE,2025-06-14 07:00:00,2025-06-14 09:00:00,34.83
Montenegro,MNE,2025-06-14 08:00:00,2025-06-14 10:00:00,3.44
Montenegro,MNE,2025-06-14 09:00:00,2025-06-14 11:00:00,5.08
Montenegro,MNE,2025-06-14 10:00:00,2025-06-14 12:00:00,5.42
Montenegro,MNE,2025-06-14 11:00:00,2025-06-14 13:00:00,3.76
Montenegro,MNE,2025-06-14 12:00:00,2025-06-14 14:00:00,5.63
Montenegro,MNE,2025-06-14 13:00:00,2025-06-14 15:00:00,15.38
Montenegro,MNE,2025-06-14 14:00:00,2025-06-14 16:00:00,25.52
Montenegro,MNE,2025-06-14 15:00:00,2025-06-14 17:00:00,91.07
Montenegro,MNE,2025-06-14 16:00:00,2025-06-14 18:00:00,105.62
Montenegro,MNE,2025-06-14 17:00:00,2025-06-14 19:00:00,150.12
Montenegro,MNE,2025-06-14 18:00:00,2025-06-14 20:00:00,185.82
Montenegro,MNE,2025-06-14 19:00:00,2025-06-14 21:00:00,150.52
Montenegro,MNE,2025-06-14 20:00:00,2025-06-14 22:00:00,118.62
Montenegro,MNE,2025-06-14 21:00:00,2025-06-14 23:00:00,105.57
Montenegro,MNE,2025-06-14 22:00:00,2025-06-15 00:00:00,96.28
Montenegro,MNE,2025-06-14 23:00:00,2025-06-15 01:00:00,80.67
Montenegro,MNE,2025-06-15 00:00:00,2025-06-15 02:00:00,75.92
Montenegro,MNE,2025-06-15 01:00:00,2025-06-15 03:00:00,75.6
Montenegro,MNE,2025-06-15 02:00:00,2025-06-15 04:00:00,76.05
Montenegro,MNE,2025-06-15 03:00:00,2025-06-15 05:00:00,72.02
Montenegro,MNE,2025-06-15 04:00:00,2025-06-15 06:00:00,62.42
Montenegro,MNE,2025-06-15 05:00:00,2025-06-15 07:00:00,45.01
Montenegro,MNE,2025-06-15 06:00:00,2025-06-15 08:00:00,27.1
Montenegro,MNE,2025-06-15 07:00:00,2025-06-15 09:00:00,12.05
Montenegro,MNE,2025-06-15 08:00:00,2025-06-15 10:00:00,2.06
Montenegro,MNE,2025-06-15 09:00:00,2025-06-15 11:00:00,1.98
Montenegro,MNE,2025-06-15 10:00:00,2025-06-15 12:00:00,1.88
Montenegro,MNE,2025-06-15 11:00:00,2025-06-15 13:00:00,1.88
Montenegro,MNE,2025-06-15 12:00:00,2025-06-15 14:00:00,12.48
Montenegro,MNE,2025-06-15 13:00:00,2025-06-15 15:00:00,5.01
Montenegro,MNE,2025-06-15 14:00:00,2025-06-15 16:00:00,23.04
Montenegro,MNE,2025-06-15 15:00:00,2025-06-15 17:00:00,61.27
Montenegro,MNE,2025-06-15 16:00:00,2025-06-15 18:00:00,105.03
Montenegro,MNE,2025-06-15 17:00:00,2025-06-15 19:00:00,149.11
Montenegro,MNE,2025-06-15 18:00:00,2025-06-15 20:00:00,175.22
Montenegro,MNE,2025-06-15 19:00:00,2025-06-15 21:00:00,155.82
Montenegro,MNE,2025-06-15 20:00:00,2025-06-15 22:00:00,135.6
Montenegro,MNE,2025-06-15 21:00:00,2025-06-15 23:00:00,113.16
Montenegro,MNE,2025-06-15 22:00:00,2025-06-16 00:00:00,95.72
Montenegro,MNE,2025-06-15 23:00:00,2025-06-16 01:00:00,89.03
Montenegro,MNE,2025-06-16 00:00:00,2025-06-16 02:00:00,83.06
Montenegro,MNE,2025-06-16 01:00:00,2025-06-16 03:00:00,83.04
Montenegro,MNE,2025-06-16 02:00:00,2025-06-16 04:00:00,87.03
Montenegro,MNE,2025-06-16 03:00:00,2025-06-16 05:00:00,97.02
Montenegro,MNE,2025-06-16 04:00:00,2025-06-16 06:00:00,119.92
Montenegro,MNE,2025-06-16 05:00:00,2025-06-16 07:00:00,123.5
Montenegro,MNE,2025-06-16 06:00:00,2025-06-16 08:00:00,103.07
Montenegro,MNE,2025-06-16 07:00:00,2025-06-16 09:00:00,84.91
Montenegro,MNE,2025-06-16 08:00:00,2025-06-16 10:00:00,59.26
Montenegro,MNE,2025-06-16 09:00:00,2025-06-16 11:00:00,51.05
Montenegro,MNE,2025-06-16 10:00:00,2025-06-16 12:00:00,39.94
Montenegro,MNE,2025-06-16 11:00:00,2025-06-16 13:00:00,32.96
Montenegro,MNE,2025-06-16 12:00:00,2025-06-16 14:00:00,30.96
Montenegro,MNE,2025-06-16 13:00:00,2025-06-16 15:00:00,42.97
Montenegro,MNE,2025-06-16 14:00:00,2025-06-16 16:00:00,79.33
Montenegro,MNE,2025-06-16 15:00:00,2025-06-16 17:00:00,116.48
Montenegro,MNE,2025-06-16 16:00:00,2025-06-16 18:00:00,135.47
Montenegro,MNE,2025-06-16 17:00:00,2025-06-16 19:00:00,164.96
Montenegro,MNE,2025-06-16 18:00:00,2025-06-16 20:00:00,213.12
Montenegro,MNE,2025-06-16 19:00:00,2025-06-16 21:00:00,183.1
Montenegro,MNE,2025-06-16 20:00:00,2025-06-16 22:00:00,134.03
Montenegro,MNE,2025-06-16 21:00:00,2025-06-16 23:00:00,114.03
Montenegro,MNE,2025-06-16 22:00:00,2025-06-17 00:00:00,116.94
Montenegro,MNE,2025-06-16 23:00:00,2025-06-17 01:00:00,107.39
Montenegro,MNE,2025-06-17 00:00:00,2025-06-17 02:00:00,102.98
Montenegro,MNE,2025-06-17 01:00:00,2025-06-17 03:00:00,102.98
Montenegro,MNE,2025-06-17 02:00:00,2025-06-17 04:00:00,104.93
Montenegro,MNE,2025-06-17 03:00:00,2025-06-17 05:00:00,116.95
Montenegro,MNE,2025-06-17 04:00:00,2025-06-17 06:00:00,121.98
Montenegro,MNE,2025-06-17 05:00:00,2025-06-17 07:00:00,127.06
Montenegro,MNE,2025-06-17 06:00:00,2025-06-17 08:00:00,103.21
Montenegro,MNE,2025-06-17 07:00:00,2025-06-17 09:00:00,75.22
Montenegro,MNE,2025-06-17 08:00:00,2025-06-17 10:00:00,55.06
Montenegro,MNE,2025-06-17 09:00:00,2025-06-17 11:00:00,38.0
Montenegro,MNE,2025-06-17 10:00:00,2025-06-17 12:00:00,38.01
Montenegro,MNE,2025-06-17 11:00:00,2025-06-17 13:00:00,38.01
Montenegro,MNE,2025-06-17 12:00:00,2025-06-17 14:00:00,49.03
Montenegro,MNE,2025-06-17 13:00:00,2025-06-17 15:00:00,69.05
Montenegro,MNE,2025-06-17 14:00:00,2025-06-17 16:00:00,93.52
Montenegro,MNE,2025-06-17 15:00:00,2025-06-17 17:00:00,95.86
Montenegro,MNE,2025-06-17 16:00:00,2025-06-17 18:00:00,123.51
Montenegro,MNE,2025-06-17 17:00:00,2025-06-17 19:00:00,171.63
Montenegro,MNE,2025-06-17 18:00:00,2025-06-17 20:00:00,227.48
Montenegro,MNE,2025-06-17 19:00:00,2025-06-17 21:00:00,219.3
Montenegro,MNE,2025-06-17 20:00:00,2025-06-17 22:00:00,150.02
Montenegro,MNE,2025-06-17 21:00:00,2025-06-17 23:00:00,123.29
Montenegro,MNE,2025-06-17 22:00:00,2025-06-18 00:00:00,109.8
Montenegro,MNE,2025-06-17 23:00:00,2025-06-18 01:00:00,103.28
Montenegro,MNE,2025-06-18 00:00:00,2025-06-18 02:00:00,99.67
Montenegro,MNE,2025-06-18 01:00:00,2025-06-18 03:00:00,97.33
Montenegro,MNE,2025-06-18 02:00:00,2025-06-18 04:00:00,97.79
Montenegro,MNE,2025-06-18 03:00:00,2025-06-18 05:00:00,104.04
Montenegro,MNE,2025-06-18 04:00:00,2025-06-18 06:00:00,116.11
Montenegro,MNE,2025-06-18 05:00:00,2025-06-18 07:00:00,115.78
Montenegro,MNE,2025-06-18 06:00:00,2025-06-18 08:00:00,97.05
Montenegro,MNE,2025-06-18 07:00:00,2025-06-18 09:00:00,67.1
Montenegro,MNE,2025-06-18 08:00:00,2025-06-18 10:00:00,38.07
Montenegro,MNE,2025-06-18 09:00:00,2025-06-18 11:00:00,28.08
Montenegro,MNE,2025-06-18 10:00:00,2025-06-18 12:00:00,23.08
Montenegro,MNE,2025-06-18 11:00:00,2025-06-18 13:00:00,25.08
Montenegro,MNE,2025-06-18 12:00:00,2025-06-18 14:00:00,36.84
Montenegro,MNE,2025-06-18 13:00:00,2025-06-18 15:00:00,53.37
Montenegro,MNE,2025-06-18 14:00:00,2025-06-18 16:00:00,82.01
Montenegro,MNE,2025-06-18 15:00:00,2025-06-18 17:00:00,110.0
Montenegro,MNE,2025-06-18 16:00:00,2025-06-18 18:00:00,133.01
Montenegro,MNE,2025-06-18 17:00:00,2025-06-18 19:00:00,170.96
Montenegro,MNE,2025-06-18 18:00:00,2025-06-18 20:00:00,209.69
Montenegro,MNE,2025-06-18 19:00:00,2025-06-18 21:00:00,177.08
Montenegro,MNE,2025-06-18 20:00:00,2025-06-18 22:00:00,135.74
Montenegro,MNE,2025-06-18 21:00:00,2025-06-18 23:00:00,116.06
Montenegro,MNE,2025-06-18 22:00:00,2025-06-19 00:00:00,126.58
Montenegro,MNE,2025-06-18 23:00:00,2025-06-19 01:00:00,122.04
Montenegro,MNE,2025-06-19 00:00:00,2025-06-19 02:00:00,118.63
Montenegro,MNE,2025-06-19 01:00:00,2025-06-19 03:00:00,118.23
Montenegro,MNE,2025-06-19 02:00:00,2025-06-19 04:00:00,118.13
Montenegro,MNE,2025-06-19 03:00:00,2025-06-19 05:00:00,120.01
Montenegro,MNE,2025-06-19 04:00:00,2025-06-19 06:00:00,129.49
Montenegro,MNE,2025-06-19 05:00:00,2025-06-19 07:00:00,134.71
Montenegro,MNE,2025-06-19 06:00:00,2025-06-19 08:00:00,129.13
Montenegro,MNE,2025-06-19 07:00:00,2025-06-19 09:00:00,131.41
Montenegro,MNE,2025-06-19 08:00:00,2025-06-19 10:00:00,122.62
Montenegro,MNE,2025-06-19 09:00:00,2025-06-19 11:00:00,114.3
Montenegro,MNE,2025-06-19 10:00:00,2025-06-19 12:00:00,113.95
Montenegro,MNE,2025-06-19 11:00:00,2025-06-19 13:00:00,119.85
Montenegro,MNE,2025-06-19 12:00:00,2025-06-19 14:00:00,121.65
Montenegro,MNE,2025-06-19 13:00:00,2025-06-19 15:00:00,134.43
Montenegro,MNE,2025-06-19 14:00:00,2025-06-19 16:00:00,131.55
Montenegro,MNE,2025-06-19 15:00:00,2025-06-19 17:00:00,110.34
Montenegro,MNE,2025-06-19 16:00:00,2025-06-19 18:00:00,127.81
Montenegro,MNE,2025-06-19 17:00:00,2025-06-19 19:00:00,163.27
Montenegro,MNE,2025-06-19 18:00:00,2025-06-19 20:00:00,189.99
Montenegro,MNE,2025-06-19 19:00:00,2025-06-19 21:00:00,159.17
Montenegro,MNE,2025-06-19 20:00:00,2025-06-19 22:00:00,144.21
Montenegro,MNE,2025-06-19 21:00:00,2025-06-19 23:00:00,135.08
Montenegro,MNE,2025-06-19 22:00:00,2025-06-20 00:00:00,132.43
Montenegro,MNE,2025-06-19 23:00:00,2025-06-20 01:00:00,123.87
Montenegro,MNE,2025-06-20 00:00:00,2025-06-20 02:00:00,123.66
Montenegro,MNE,2025-06-20 01:00:00,2025-06-20 03:00:00,122.98
Montenegro,MNE,2025-06-20 02:00:00,2025-06-20 04:00:00,119.94
Montenegro,MNE,2025-06-20 03:00:00,2025-06-20 05:00:00,119.1
Montenegro,MNE,2025-06-20 04:00:00,2025-06-20 06:00:00,132.9
Montenegro,MNE,2025-06-20 05:00:00,2025-06-20 07:00:00,128.97
Montenegro,MNE,2025-06-20 06:00:00,2025-06-20 08:00:00,131.72
Montenegro,MNE,2025-06-20 07:00:00,2025-06-20 09:00:00,120.08
Montenegro,MNE,2025-06-20 08:00:00,2025-06-20 10:00:00,109.57
Montenegro,MNE,2025-06-20 09:00:00,2025-06-20 11:00:00,103.54
Montenegro,MNE,2025-06-20 10:00:00,2025-06-20 12:00:00,102.52
Montenegro,MNE,2025-06-20 11:00:00,2025-06-20 13:00:00,104.98
Montenegro,MNE,2025-06-20 12:00:00,2025-06-20 14:00:00,110.01
Montenegro,MNE,2025-06-20 13:00:00,2025-06-20 15:00:00,119.74
Montenegro,MNE,2025-06-20 14:00:00,2025-06-20 16:00:00,128.94
Montenegro,MNE,2025-06-20 15:00:00,2025-06-20 17:00:00,119.94
Montenegro,MNE,2025-06-20 16:00:00,2025-06-20 18:00:00,136.67
Montenegro,MNE,2025-06-20 17:00:00,2025-06-20 19:00:00,167.47
Montenegro,MNE,2025-06-20 18:00:00,2025-06-20 20:00:00,190.0
Montenegro,MNE,2025-06-20 19:00:00,2025-06-20 21:00:00,171.57
Montenegro,MNE,2025-06-20 20:00:00,2025-06-20 22:00:00,143.05
Montenegro,MNE,2025-06-20 21:00:00,2025-06-20 23:00:00,129.7
Montenegro,MNE,2025-06-20 22:00:00,2025-06-21 00:00:00,125.95
Montenegro,MNE,2025-06-20 23:00:00,2025-06-21 01:00:00,125.4
Montenegro,MNE,2025-06-21 00:00:00,2025-06-21 02:00:00,119.55
Montenegro,MNE,2025-06-21 01:00:00,2025-06-21 03:00:00,115.07
Montenegro,MNE,2025-06-21 02:00:00,2025-06-21 04:00:00,107.27
Montenegro,MNE,2025-06-21 03:00:00,2025-06-21 05:00:00,107.0
Montenegro,MNE,2025-06-21 04:00:00,2025-06-21 06:00:00,119.93
Montenegro,MNE,2025-06-21 05:00:00,2025-06-21 07:00:00,121.13
Montenegro,MNE,2025-06-21 06:00:00,2025-06-21 08:00:00,108.22
Montenegro,MNE,2025-06-21 07:00:00,2025-06-21 09:00:00,102.43
Montenegro,MNE,2025-06-21 08:00:00,2025-06-21 10:00:00,85.1
Montenegro,MNE,2025-06-21 09:00:00,2025-06-21 11:00:00,0.07
Montenegro,MNE,2025-06-21 10:00:00,2025-06-21 12:00:00,1.05
Montenegro,MNE,2025-06-21 11:00:00,2025-06-21 13:00:00,0.1
Montenegro,MNE,2025-06-21 12:00:00,2025-06-21 14:00:00,0.08
Montenegro,MNE,2025-06-21 13:00:00,2025-06-21 15:00:00,0.08
Montenegro,MNE,2025-06-21 14:00:00,2025-06-21 16:00:00,95.09
Montenegro,MNE,2025-06-21 15:00:00,2025-06-21 17:00:00,110.0
Montenegro,MNE,2025-06-21 16:00:00,2025-06-21 18:00:00,117.17
Montenegro,MNE,2025-06-21 17:00:00,2025-06-21 19:00:00,142.0
Montenegro,MNE,2025-06-21 18:00:00,2025-06-21 20:00:00,166.21
Montenegro,MNE,2025-06-21 19:00:00,2025-06-21 21:00:00,155.71
Montenegro,MNE,2025-06-21 20:00:00,2025-06-21 22:00:00,136.11
Montenegro,MNE,2025-06-21 21:00:00,2025-06-21 23:00:00,121.38
Montenegro,MNE,2025-06-21 22:00:00,2025-06-22 00:00:00,125.37
Montenegro,MNE,2025-06-21 23:00:00,2025-06-22 01:00:00,123.91
Montenegro,MNE,2025-06-22 00:00:00,2025-06-22 02:00:00,119.17
Montenegro,MNE,2025-06-22 01:00:00,2025-06-22 03:00:00,119.17
Montenegro,MNE,2025-06-22 02:00:00,2025-06-22 04:00:00,117.24
Montenegro,MNE,2025-06-22 03:00:00,2025-06-22 05:00:00,117.43
Montenegro,MNE,2025-06-22 04:00:00,2025-06-22 06:00:00,120.0
Montenegro,MNE,2025-06-22 05:00:00,2025-06-22 07:00:00,112.14
Montenegro,MNE,2025-06-22 06:00:00,2025-06-22 08:00:00,105.02
Montenegro,MNE,2025-06-22 07:00:00,2025-06-22 09:00:00,89.63
Montenegro,MNE,2025-06-22 08:00:00,2025-06-22 10:00:00,89.35
Montenegro,MNE,2025-06-22 09:00:00,2025-06-22 11:00:00,86.84
Montenegro,MNE,2025-06-22 10:00:00,2025-06-22 12:00:00,74.91
Montenegro,MNE,2025-06-22 11:00:00,2025-06-22 13:00:00,84.64
Montenegro,MNE,2025-06-22 12:00:00,2025-06-22 14:00:00,84.91
Montenegro,MNE,2025-06-22 13:00:00,2025-06-22 15:00:00,88.25
Montenegro,MNE,2025-06-22 14:00:00,2025-06-22 16:00:00,101.24
Montenegro,MNE,2025-06-22 15:00:00,2025-06-22 17:00:00,110.0
Montenegro,MNE,2025-06-22 16:00:00,2025-06-22 18:00:00,118.8
Montenegro,MNE,2025-06-22 17:00:00,2025-06-22 19:00:00,137.46
Montenegro,MNE,2025-06-22 18:00:00,2025-06-22 20:00:00,155.4
Montenegro,MNE,2025-06-22 19:00:00,2025-06-22 21:00:00,145.36
Montenegro,MNE,2025-06-22 20:00:00,2025-06-22 22:00:00,137.82
Montenegro,MNE,2025-06-22 21:00:00,2025-06-22 23:00:00,131.74
Montenegro,MNE,2025-06-22 22:00:00,2025-06-23 00:00:00,137.95
Montenegro,MNE,2025-06-22 23:00:00,2025-06-23 01:00:00,132.38
Montenegro,MNE,2025-06-23 00:00:00,2025-06-23 02:00:00,123.95
Montenegro,MNE,2025-06-23 01:00:00,2025-06-23 03:00:00,127.44
Montenegro,MNE,2025-06-23 02:00:00,2025-06-23 04:00:00,123.51
Montenegro,MNE,2025-06-23 03:00:00,2025-06-23 05:00:00,125.05
Montenegro,MNE,2025-06-23 04:00:00,2025-06-23 06:00:00,133.83
Montenegro,MNE,2025-06-23 05:00:00,2025-06-23 07:00:00,137.68
Montenegro,MNE,2025-06-23 06:00:00,2025-06-23 08:00:00,133.96
Montenegro,MNE,2025-06-23 07:00:00,2025-06-23 09:00:00,125.09
Montenegro,MNE,2025-06-23 08:00:00,2025-06-23 10:00:00,121.48
Montenegro,MNE,2025-06-23 09:00:00,2025-06-23 11:00:00,115.11
Montenegro,MNE,2025-06-23 10:00:00,2025-06-23 12:00:00,113.94
Montenegro,MNE,2025-06-23 11:00:00,2025-06-23 13:00:00,113.21
Montenegro,MNE,2025-06-23 12:00:00,2025-06-23 14:00:00,113.93
Montenegro,MNE,2025-06-23 13:00:00,2025-06-23 15:00:00,123.97
Montenegro,MNE,2025-06-23 14:00:00,2025-06-23 16:00:00,129.99
Montenegro,MNE,2025-06-23 15:00:00,2025-06-23 17:00:00,127.28
Montenegro,MNE,2025-06-23 16:00:00,2025-06-23 18:00:00,143.51
Montenegro,MNE,2025-06-23 17:00:00,2025-06-23 19:00:00,161.72
Montenegro,MNE,2025-06-23 18:00:00,2025-06-23 20:00:00,189.75
Montenegro,MNE,2025-06-23 19:00:00,2025-06-23 21:00:00,165.03
Montenegro,MNE,2025-06-23 20:00:00,2025-06-23 22:00:00,146.11
Montenegro,MNE,2025-06-23 21:00:00,2025-06-23 23:00:00,140.06
Montenegro,MNE,2025-06-23 22:00:00,2025-06-24 00:00:00,129.03
Montenegro,MNE,2025-06-23 23:00:00,2025-06-24 01:00:00,124.2
Montenegro,MNE,2025-06-24 00:00:00,2025-06-24 02:00:00,121.61
Montenegro,MNE,2025-06-24 01:00:00,2025-06-24 03:00:00,117.56
Montenegro,MNE,2025-06-24 02:00:00,2025-06-24 04:00:00,117.14
Montenegro,MNE,2025-06-24 03:00:00,2025-06-24 05:00:00,122.52
Montenegro,MNE,2025-06-24 04:00:00,2025-06-24 06:00:00,133.77
Montenegro,MNE,2025-06-24 05:00:00,2025-06-24 07:00:00,143.19
Montenegro,MNE,2025-06-24 06:00:00,2025-06-24 08:00:00,143.55
Montenegro,MNE,2025-06-24 07:00:00,2025-06-24 09:00:00,147.26
Montenegro,MNE,2025-06-24 08:00:00,2025-06-24 10:00:00,130.01
Montenegro,MNE,2025-06-24 09:00:00,2025-06-24 11:00:00,127.86
Montenegro,MNE,2025-06-24 10:00:00,2025-06-24 12:00:00,130.0
Montenegro,MNE,2025-06-24 11:00:00,2025-06-24 13:00:00,130.0
Montenegro,MNE,2025-06-24 12:00:00,2025-06-24 14:00:00,128.16
Montenegro,MNE,2025-06-24 13:00:00,2025-06-24 15:00:00,130.0
Montenegro,MNE,2025-06-24 14:00:00,2025-06-24 16:00:00,128.71
Montenegro,MNE,2025-06-24 15:00:00,2025-06-24 17:00:00,130.0
Montenegro,MNE,2025-06-24 16:00:00,2025-06-24 18:00:00,161.12
Montenegro,MNE,2025-06-24 17:00:00,2025-06-24 19:00:00,174.99
Montenegro,MNE,2025-06-24 18:00:00,2025-06-24 20:00:00,179.99
Montenegro,MNE,2025-06-24 19:00:00,2025-06-24 21:00:00,165.95
Montenegro,MNE,2025-06-24 20:00:00,2025-06-24 22:00:00,141.04
Montenegro,MNE,2025-06-24 21:00:00,2025-06-24 23:00:00,137.86
Montenegro,MNE,2025-06-24 22:00:00,2025-06-25 00:00:00,130.01
Montenegro,MNE,2025-06-24 23:00:00,2025-06-25 01:00:00,127.28
Montenegro,MNE,2025-06-25 00:00:00,2025-06-25 02:00:00,120.43
Montenegro,MNE,2025-06-25 01:00:00,2025-06-25 03:00:00,126.63
Montenegro,MNE,2025-06-25 02:00:00,2025-06-25 04:00:00,122.32
Montenegro,MNE,2025-06-25 03:00:00,2025-06-25 05:00:00,126.59
Montenegro,MNE,2025-06-25 04:00:00,2025-06-25 06:00:00,129.97
Montenegro,MNE,2025-06-25 05:00:00,2025-06-25 07:00:00,136.09
Montenegro,MNE,2025-06-25 06:00:00,2025-06-25 08:00:00,132.96
Montenegro,MNE,2025-06-25 07:00:00,2025-06-25 09:00:00,132.18
Montenegro,MNE,2025-06-25 08:00:00,2025-06-25 10:00:00,132.25
Montenegro,MNE,2025-06-25 09:00:00,2025-06-25 11:00:00,125.65
Montenegro,MNE,2025-06-25 10:00:00,2025-06-25 12:00:00,109.9
Montenegro,MNE,2025-06-25 11:00:00,2025-06-25 13:00:00,109.38
Montenegro,MNE,2025-06-25 12:00:00,2025-06-25 14:00:00,118.47
Montenegro,MNE,2025-06-25 13:00:00,2025-06-25 15:00:00,125.85
Montenegro,MNE,2025-06-25 14:00:00,2025-06-25 16:00:00,129.9
Montenegro,MNE,2025-06-25 15:00:00,2025-06-25 17:00:00,132.18
Montenegro,MNE,2025-06-25 16:00:00,2025-06-25 18:00:00,149.91
Montenegro,MNE,2025-06-25 17:00:00,2025-06-25 19:00:00,170.0
Montenegro,MNE,2025-06-25 18:00:00,2025-06-25 20:00:00,181.28
Montenegro,MNE,2025-06-25 19:00:00,2025-06-25 21:00:00,203.16
Montenegro,MNE,2025-06-25 20:00:00,2025-06-25 22:00:00,162.67
Montenegro,MNE,2025-06-25 21:00:00,2025-06-25 23:00:00,146.67
Montenegro,MNE,2025-06-25 22:00:00,2025-06-26 00:00:00,132.7
Montenegro,MNE,2025-06-25 23:00:00,2025-06-26 01:00:00,125.87
Montenegro,MNE,2025-06-26 00:00:00,2025-06-26 02:00:00,124.99
Montenegro,MNE,2025-06-26 01:00:00,2025-06-26 03:00:00,119.99
Montenegro,MNE,2025-06-26 02:00:00,2025-06-26 04:00:00,119.99
Montenegro,MNE,2025-06-26 03:00:00,2025-06-26 05:00:00,124.99
Montenegro,MNE,2025-06-26 04:00:00,2025-06-26 06:00:00,131.33
Montenegro,MNE,2025-06-26 05:00:00,2025-06-26 07:00:00,132.02
Montenegro,MNE,2025-06-26 06:00:00,2025-06-26 08:00:00,126.76
Montenegro,MNE,2025-06-26 07:00:00,2025-06-26 09:00:00,123.71
Montenegro,MNE,2025-06-26 08:00:00,2025-06-26 10:00:00,114.99
Montenegro,MNE,2025-06-26 09:00:00,2025-06-26 11:00:00,110.06
Montenegro,MNE,2025-06-26 10:00:00,2025-06-26 12:00:00,111.32
Montenegro,MNE,2025-06-26 11:00:00,2025-06-26 13:00:00,111.2
Montenegro,MNE,2025-06-26 12:00:00,2025-06-26 14:00:00,111.54
Montenegro,MNE,2025-06-26 13:00:00,2025-06-26 15:00:00,113.68
Montenegro,MNE,2025-06-26 14:00:00,2025-06-26 16:00:00,118.54
Montenegro,MNE,2025-06-26 15:00:00,2025-06-26 17:00:00,132.54
Montenegro,MNE,2025-06-26 16:00:00,2025-06-26 18:00:00,174.22
Montenegro,MNE,2025-06-26 17:00:00,2025-06-26 19:00:00,193.44
Montenegro,MNE,2025-06-26 18:00:00,2025-06-26 20:00:00,200.0
Montenegro,MNE,2025-06-26 19:00:00,2025-06-26 21:00:00,179.99
Montenegro,MNE,2025-06-26 20:00:00,2025-06-26 22:00:00,153.85
Montenegro,MNE,2025-06-26 21:00:00,2025-06-26 23:00:00,132.68
Montenegro,MNE,2025-06-26 22:00:00,2025-06-27 00:00:00,130.01
Montenegro,MNE,2025-06-26 23:00:00,2025-06-27 01:00:00,125.09
Montenegro,MNE,2025-06-27 00:00:00,2025-06-27 02:00:00,120.08
Montenegro,MNE,2025-06-27 01:00:00,2025-06-27 03:00:00,119.55
Montenegro,MNE,2025-06-27 02:00:00,2025-06-27 04:00:00,119.45
Montenegro,MNE,2025-06-27 03:00:00,2025-06-27 05:00:00,118.4
Montenegro,MNE,2025-06-27 04:00:00,2025-06-27 06:00:00,119.0
Montenegro,MNE,2025-06-27 05:00:00,2025-06-27 07:00:00,130.0
Montenegro,MNE,2025-06-27 06:00:00,2025-06-27 08:00:00,132.34
Montenegro,MNE,2025-06-27 07:00:00,2025-06-27 09:00:00,125.35
Montenegro,MNE,2025-06-27 08:00:00,2025-06-27 10:00:00,119.0
Montenegro,MNE,2025-06-27 09:00:00,2025-06-27 11:00:00,115.26
Montenegro,MNE,2025-06-27 10:00:00,2025-06-27 12:00:00,107.43
Montenegro,MNE,2025-06-27 11:00:00,2025-06-27 13:00:00,105.8
Montenegro,MNE,2025-06-27 12:00:00,2025-06-27 14:00:00,111.61
Montenegro,MNE,2025-06-27 13:00:00,2025-06-27 15:00:00,115.0
Montenegro,MNE,2025-06-27 14:00:00,2025-06-27 16:00:00,117.05
Montenegro,MNE,2025-06-27 15:00:00,2025-06-27 17:00:00,124.04
Montenegro,MNE,2025-06-27 16:00:00,2025-06-27 18:00:00,146.15
Montenegro,MNE,2025-06-27 17:00:00,2025-06-27 19:00:00,174.1
Montenegro,MNE,2025-06-27 18:00:00,2025-06-27 20:00:00,179.99
Montenegro,MNE,2025-06-27 19:00:00,2025-06-27 21:00:00,160.17
Montenegro,MNE,2025-06-27 20:00:00,2025-06-27 22:00:00,133.14
Montenegro,MNE,2025-06-27 21:00:00,2025-06-27 23:00:00,134.97
Montenegro,MNE,2025-06-27 22:00:00,2025-06-28 00:00:00,121.85
Montenegro,MNE,2025-06-27 23:00:00,2025-06-28 01:00:00,117.69
Montenegro,MNE,2025-06-28 00:00:00,2025-06-28 02:00:00,109.11
Montenegro,MNE,2025-06-28 01:00:00,2025-06-28 03:00:00,105.27
Montenegro,MNE,2025-06-28 02:00:00,2025-06-28 04:00:00,107.97
Montenegro,MNE,2025-06-28 03:00:00,2025-06-28 05:00:00,104.64
Montenegro,MNE,2025-06-28 04:00:00,2025-06-28 06:00:00,109.91
Montenegro,MNE,2025-06-28 05:00:00,2025-06-28 07:00:00,107.69
Montenegro,MNE,2025-06-28 06:00:00,2025-06-28 08:00:00,101.08
Montenegro,MNE,2025-06-28 07:00:00,2025-06-28 09:00:00,88.0
Montenegro,MNE,2025-06-28 08:00:00,2025-06-28 10:00:00,73.94
Montenegro,MNE,2025-06-28 09:00:00,2025-06-28 11:00:00,24.97
Montenegro,MNE,2025-06-28 10:00:00,2025-06-28 12:00:00,24.94
Montenegro,MNE,2025-06-28 11:00:00,2025-06-28 13:00:00,56.04
Montenegro,MNE,2025-06-28 12:00:00,2025-06-28 14:00:00,56.04
Montenegro,MNE,2025-06-28 13:00:00,2025-06-28 15:00:00,56.03
Montenegro,MNE,2025-06-28 14:00:00,2025-06-28 16:00:00,71.12
Montenegro,MNE,2025-06-28 15:00:00,2025-06-28 17:00:00,105.64
Montenegro,MNE,2025-06-28 16:00:00,2025-06-28 18:00:00,119.69
Montenegro,MNE,2025-06-28 17:00:00,2025-06-28 19:00:00,133.89
Montenegro,MNE,2025-06-28 18:00:00,2025-06-28 20:00:00,152.82
Montenegro,MNE,2025-06-28 19:00:00,2025-06-28 21:00:00,136.8
Montenegro,MNE,2025-06-28 20:00:00,2025-06-28 22:00:00,130.0
Montenegro,MNE,2025-06-28 21:00:00,2025-06-28 23:00:00,127.55
Montenegro,MNE,2025-06-28 22:00:00,2025-06-29 00:00:00,123.72
Montenegro,MNE,2025-06-28 23:00:00,2025-06-29 01:00:00,113.27
Montenegro,MNE,2025-06-29 00:00:00,2025-06-29 02:00:00,108.48
Montenegro,MNE,2025-06-29 01:00:00,2025-06-29 03:00:00,97.09
Montenegro,MNE,2025-06-29 02:00:00,2025-06-29 04:00:00,97.55
Montenegro,MNE,2025-06-29 03:00:00,2025-06-29 05:00:00,113.98
Montenegro,MNE,2025-06-29 04:00:00,2025-06-29 06:00:00,99.7
Montenegro,MNE,2025-06-29 05:00:00,2025-06-29 07:00:00,94.85
Montenegro,MNE,2025-06-29 06:00:00,2025-06-29 08:00:00,73.07
Montenegro,MNE,2025-06-29 07:00:00,2025-06-29 09:00:00,70.3
Montenegro,MNE,2025-06-29 08:00:00,2025-06-29 10:00:00,62.1
Montenegro,MNE,2025-06-29 09:00:00,2025-06-29 11:00:00,0.0
Montenegro,MNE,2025-06-29 10:00:00,2025-06-29 12:00:00,44.92
Montenegro,MNE,2025-06-29 11:00:00,2025-06-29 13:00:00,42.04
Montenegro,MNE,2025-06-29 12:00:00,2025-06-29 14:00:00,44.07
Montenegro,MNE,2025-06-29 13:00:00,2025-06-29 15:00:00,44.93
Montenegro,MNE,2025-06-29 14:00:00,2025-06-29 16:00:00,67.59
Montenegro,MNE,2025-06-29 15:00:00,2025-06-29 17:00:00,112.09
Montenegro,MNE,2025-06-29 16:00:00,2025-06-29 18:00:00,130.01
Montenegro,MNE,2025-06-29 17:00:00,2025-06-29 19:00:00,125.54
Montenegro,MNE,2025-06-29 18:00:00,2025-06-29 20:00:00,135.04
Montenegro,MNE,2025-06-29 19:00:00,2025-06-29 21:00:00,132.94
Montenegro,MNE,2025-06-29 20:00:00,2025-06-29 22:00:00,123.38
Montenegro,MNE,2025-06-29 21:00:00,2025-06-29 23:00:00,130.0
Montenegro,MNE,2025-06-29 22:00:00,2025-06-30 00:00:00,117.84
Montenegro,MNE,2025-06-29 23:00:00,2025-06-30 01:00:00,98.53
Montenegro,MNE,2025-06-30 00:00:00,2025-06-30 02:00:00,95.88
Montenegro,MNE,2025-06-30 01:00:00,2025-06-30 03:00:00,97.36
Montenegro,MNE,2025-06-30 02:00:00,2025-06-30 04:00:00,96.86
Montenegro,MNE,2025-06-30 03:00:00,2025-06-30 05:00:00,117.15
Montenegro,MNE,2025-06-30 04:00:00,2025-06-30 06:00:00,128.17
Montenegro,MNE,2025-06-30 05:00:00,2025-06-30 07:00:00,133.28
Montenegro,MNE,2025-06-30 06:00:00,2025-06-30 08:00:00,124.6
Montenegro,MNE,2025-06-30 07:00:00,2025-06-30 09:00:00,117.24
Montenegro,MNE,2025-06-30 08:00:00,2025-06-30 10:00:00,108.98
Montenegro,MNE,2025-06-30 09:00:00,2025-06-30 11:00:00,103.64
Montenegro,MNE,2025-06-30 10:00:00,2025-06-30 12:00:00,117.64
Montenegro,MNE,2025-06-30 11:00:00,2025-06-30 13:00:00,122.21
Montenegro,MNE,2025-06-30 12:00:00,2025-06-30 14:00:00,122.26
Montenegro,MNE,2025-06-30 13:00:00,2025-06-30 15:00:00,122.28
Montenegro,MNE,2025-06-30 14:00:00,2025-06-30 16:00:00,123.32
Montenegro,MNE,2025-06-30 15:00:00,2025-06-30 17:00:00,130.0
Montenegro,MNE,2025-06-30 16:00:00,2025-06-30 18:00:00,140.02
Montenegro,MNE,2025-06-30 17:00:00,2025-06-30 19:00:00,190.07
Montenegro,MNE,2025-06-30 18:00:00,2025-06-30 20:00:00,203.41
Montenegro,MNE,2025-06-30 19:00:00,2025-06-30 21:00:00,195.81
Montenegro,MNE,2025-06-30 20:00:00,2025-06-30 22:00:00,152.23
Montenegro,MNE,2025-06-30 21:00:00,2025-06-30 23:00:00,131.97
Montenegro,MNE,2025-06-30 22:00:00,2025-07-01 00:00:00,130.58
Montenegro,MNE,2025-06-30 23:00:00,2025-07-01 01:00:00,129.35
Montenegro,MNE,2025-07-01 00:00:00,2025-07-01 02:00:00,119.56
Montenegro,MNE,2025-07-01 01:00:00,2025-07-01 03:00:00,114.51
Montenegro,MNE,2025-07-01 02:00:00,2025-07-01 04:00:00,114.34
Montenegro,MNE,2025-07-01 03:00:00,2025-07-01 05:00:00,112.68
Montenegro,MNE,2025-07-01 04:00:00,2025-07-01 06:00:00,125.44
Montenegro,MNE,2025-07-01 05:00:00,2025-07-01 07:00:00,132.46
Montenegro,MNE,2025-07-01 06:00:00,2025-07-01 08:00:00,125.24
Montenegro,MNE,2025-07-01 07:00:00,2025-07-01 09:00:00,121.31
Montenegro,MNE,2025-07-01 08:00:00,2025-07-01 10:00:00,115.27
Montenegro,MNE,2025-07-01 09:00:00,2025-07-01 11:00:00,111.02
Montenegro,MNE,2025-07-01 10:00:00,2025-07-01 12:00:00,116.0
Montenegro,MNE,2025-07-01 11:00:00,2025-07-01 13:00:00,115.27
Montenegro,MNE,2025-07-01 12:00:00,2025-07-01 14:00:00,115.18
Montenegro,MNE,2025-07-01 13:00:00,2025-07-01 15:00:00,115.0
Montenegro,MNE,2025-07-01 14:00:00,2025-07-01 16:00:00,118.46
Montenegro,MNE,2025-07-01 15:00:00,2025-07-01 17:00:00,126.42
Montenegro,MNE,2025-07-01 16:00:00,2025-07-01 18:00:00,140.05
Montenegro,MNE,2025-07-01 17:00:00,2025-07-01 19:00:00,182.06
Montenegro,MNE,2025-07-01 18:00:00,2025-07-01 20:00:00,197.06
Montenegro,MNE,2025-07-01 19:00:00,2025-07-01 21:00:00,180.0
Montenegro,MNE,2025-07-01 20:00:00,2025-07-01 22:00:00,151.62
Montenegro,MNE,2025-07-01 21:00:00,2025-07-01 23:00:00,135.26
Montenegro,MNE,2025-07-01 22:00:00,2025-07-02 00:00:00,120.53
Montenegro,MNE,2025-07-01 23:00:00,2025-07-02 01:00:00,122.52
Montenegro,MNE,2025-07-02 00:00:00,2025-07-02 02:00:00,115.45
Montenegro,MNE,2025-07-02 01:00:00,2025-07-02 03:00:00,108.45
Montenegro,MNE,2025-07-02 02:00:00,2025-07-02 04:00:00,101.05
Montenegro,MNE,2025-07-02 03:00:00,2025-07-02 05:00:00,108.3
Montenegro,MNE,2025-07-02 04:00:00,2025-07-02 06:00:00,115.39
Montenegro,MNE,2025-07-02 05:00:00,2025-07-02 07:00:00,125.81
Montenegro,MNE,2025-07-02 06:00:00,2025-07-02 08:00:00,124.09
Montenegro,MNE,2025-07-02 07:00:00,2025-07-02 09:00:00,119.69
Montenegro,MNE,2025-07-02 08:00:00,2025-07-02 10:00:00,119.3
Montenegro,MNE,2025-07-02 09:00:00,2025-07-02 11:00:00,112.03
Montenegro,MNE,2025-07-02 10:00:00,2025-07-02 12:00:00,105.68
Montenegro,MNE,2025-07-02 11:00:00,2025-07-02 13:00:00,107.03
Montenegro,MNE,2025-07-02 12:00:00,2025-07-02 14:00:00,110.05
Montenegro,MNE,2025-07-02 13:00:00,2025-07-02 15:00:00,113.81
Montenegro,MNE,2025-07-02 14:00:00,2025-07-02 16:00:00,120.4
Montenegro,MNE,2025-07-02 15:00:00,2025-07-02 17:00:00,126.42
Montenegro,MNE,2025-07-02 16:00:00,2025-07-02 18:00:00,148.53
Montenegro,MNE,2025-07-02 17:00:00,2025-07-02 19:00:00,200.0
Montenegro,MNE,2025-07-02 18:00:00,2025-07-02 20:00:00,233.95
Montenegro,MNE,2025-07-02 19:00:00,2025-07-02 21:00:00,199.99
Montenegro,MNE,2025-07-02 20:00:00,2025-07-02 22:00:00,167.08
Montenegro,MNE,2025-07-02 21:00:00,2025-07-02 23:00:00,127.87
Montenegro,MNE,2025-07-02 22:00:00,2025-07-03 00:00:00,123.38
Montenegro,MNE,2025-07-02 23:00:00,2025-07-03 01:00:00,122.61
Montenegro,MNE,2025-07-03 00:00:00,2025-07-03 02:00:00,114.23
Montenegro,MNE,2025-07-03 01:00:00,2025-07-03 03:00:00,110.28
Montenegro,MNE,2025-07-03 02:00:00,2025-07-03 04:00:00,110.47
Montenegro,MNE,2025-07-03 03:00:00,2025-07-03 05:00:00,112.05
Montenegro,MNE,2025-07-03 04:00:00,2025-07-03 06:00:00,112.48
Montenegro,MNE,2025-07-03 05:00:00,2025-07-03 07:00:00,108.05
Montenegro,MNE,2025-07-03 06:00:00,2025-07-03 08:00:00,123.82
Montenegro,MNE,2025-07-03 07:00:00,2025-07-03 09:00:00,115.0
Montenegro,MNE,2025-07-03 08:00:00,2025-07-03 10:00:00,114.99
Montenegro,MNE,2025-07-03 09:00:00,2025-07-03 11:00:00,117.16
Montenegro,MNE,2025-07-03 10:00:00,2025-07-03 12:00:00,111.45
Montenegro,MNE,2025-07-03 11:00:00,2025-07-03 13:00:00,111.95
Montenegro,MNE,2025-07-03 12:00:00,2025-07-03 14:00:00,115.88
Montenegro,MNE,2025-07-03 13:00:00,2025-07-03 15:00:00,118.26
Montenegro,MNE,2025-07-03 14:00:00,2025-07-03 16:00:00,122.84
Montenegro,MNE,2025-07-03 15:00:00,2025-07-03 17:00:00,124.99
Montenegro,MNE,2025-07-03 16:00:00,2025-07-03 18:00:00,171.53
Montenegro,MNE,2025-07-03 17:00:00,2025-07-03 19:00:00,229.92
Montenegro,MNE,2025-07-03 18:00:00,2025-07-03 20:00:00,263.25
Montenegro,MNE,2025-07-03 19:00:00,2025-07-03 21:00:00,195.67
Montenegro,MNE,2025-07-03 20:00:00,2025-07-03 22:00:00,147.65
Montenegro,MNE,2025-07-03 21:00:00,2025-07-03 23:00:00,119.6
Montenegro,MNE,2025-07-03 22:00:00,2025-07-04 00:00:00,129.87
Montenegro,MNE,2025-07-03 23:00:00,2025-07-04 01:00:00,124.23
Montenegro,MNE,2025-07-04 00:00:00,2025-07-04 02:00:00,118.77
Montenegro,MNE,2025-07-04 01:00:00,2025-07-04 03:00:00,117.04
Montenegro,MNE,2025-07-04 02:00:00,2025-07-04 04:00:00,115.88
Montenegro,MNE,2025-07-04 03:00:00,2025-07-04 05:00:00,117.98
Montenegro,MNE,2025-07-04 04:00:00,2025-07-04 06:00:00,119.99
Montenegro,MNE,2025-07-04 05:00:00,2025-07-04 07:00:00,119.95
Montenegro,MNE,2025-07-04 06:00:00,2025-07-04 08:00:00,116.93
Montenegro,MNE,2025-07-04 07:00:00,2025-07-04 09:00:00,120.23
Montenegro,MNE,2025-07-04 08:00:00,2025-07-04 10:00:00,114.38
Montenegro,MNE,2025-07-04 09:00:00,2025-07-04 11:00:00,111.43
Montenegro,MNE,2025-07-04 10:00:00,2025-07-04 12:00:00,116.06
Montenegro,MNE,2025-07-04 11:00:00,2025-07-04 13:00:00,121.36
Montenegro,MNE,2025-07-04 12:00:00,2025-07-04 14:00:00,127.41
Montenegro,MNE,2025-07-04 13:00:00,2025-07-04 15:00:00,130.0
Montenegro,MNE,2025-07-04 14:00:00,2025-07-04 16:00:00,127.66
Montenegro,MNE,2025-07-04 15:00:00,2025-07-04 17:00:00,130.09
Montenegro,MNE,2025-07-04 16:00:00,2025-07-04 18:00:00,155.63
Montenegro,MNE,2025-07-04 17:00:00,2025-07-04 19:00:00,179.99
Montenegro,MNE,2025-07-04 18:00:00,2025-07-04 20:00:00,199.99
Montenegro,MNE,2025-07-04 19:00:00,2025-07-04 21:00:00,179.99
Montenegro,MNE,2025-07-04 20:00:00,2025-07-04 22:00:00,139.99
Montenegro,MNE,2025-07-04 21:00:00,2025-07-04 23:00:00,127.95
Montenegro,MNE,2025-07-04 22:00:00,2025-07-05 00:00:00,116.08
Montenegro,MNE,2025-07-04 23:00:00,2025-07-05 01:00:00,113.61
Montenegro,MNE,2025-07-05 00:00:00,2025-07-05 02:00:00,115.57
Montenegro,MNE,2025-07-05 01:00:00,2025-07-05 03:00:00,117.98
Montenegro,MNE,2025-07-05 02:00:00,2025-07-05 04:00:00,109.81
Montenegro,MNE,2025-07-05 03:00:00,2025-07-05 05:00:00,112.35
Montenegro,MNE,2025-07-05 04:00:00,2025-07-05 06:00:00,114.01
Montenegro,MNE,2025-07-05 05:00:00,2025-07-05 07:00:00,117.15
Montenegro,MNE,2025-07-05 06:00:00,2025-07-05 08:00:00,112.94
Montenegro,MNE,2025-07-05 07:00:00,2025-07-05 09:00:00,106.48
Montenegro,MNE,2025-07-05 08:00:00,2025-07-05 10:00:00,93.99
Montenegro,MNE,2025-07-05 09:00:00,2025-07-05 11:00:00,90.08
Montenegro,MNE,2025-07-05 10:00:00,2025-07-05 12:00:00,91.4
Montenegro,MNE,2025-07-05 11:00:00,2025-07-05 13:00:00,91.71
Montenegro,MNE,2025-07-05 12:00:00,2025-07-05 14:00:00,91.94
Montenegro,MNE,2025-07-05 13:00:00,2025-07-05 15:00:00,91.59
Montenegro,MNE,2025-07-05 14:00:00,2025-07-05 16:00:00,102.53
Montenegro,MNE,2025-07-05 15:00:00,2025-07-05 17:00:00,117.94
Montenegro,MNE,2025-07-05 16:00:00,2025-07-05 18:00:00,140.22
Montenegro,MNE,2025-07-05 17:00:00,2025-07-05 19:00:00,173.56
Montenegro,MNE,2025-07-05 18:00:00,2025-07-05 20:00:00,180.13
Montenegro,MNE,2025-07-05 19:00:00,2025-07-05 21:00:00,159.94
Montenegro,MNE,2025-07-05 20:00:00,2025-07-05 22:00:00,131.63
Montenegro,MNE,2025-07-05 21:00:00,2025-07-05 23:00:00,124.99
Montenegro,MNE,2025-07-05 22:00:00,2025-07-06 00:00:00,127.82
Montenegro,MNE,2025-07-05 23:00:00,2025-07-06 01:00:00,124.05
Montenegro,MNE,2025-07-06 00:00:00,2025-07-06 02:00:00,122.25
Montenegro,MNE,2025-07-06 01:00:00,2025-07-06 03:00:00,120.84
Montenegro,MNE,2025-07-06 02:00:00,2025-07-06 04:00:00,115.75
Montenegro,MNE,2025-07-06 03:00:00,2025-07-06 05:00:00,115.41
Montenegro,MNE,2025-07-06 04:00:00,2025-07-06 06:00:00,111.34
Montenegro,MNE,2025-07-06 05:00:00,2025-07-06 07:00:00,103.72
Montenegro,MNE,2025-07-06 06:00:00,2025-07-06 08:00:00,95.8
Montenegro,MNE,2025-07-06 07:00:00,2025-07-06 09:00:00,87.21
Montenegro,MNE,2025-07-06 08:00:00,2025-07-06 10:00:00,75.79
Montenegro,MNE,2025-07-06 09:00:00,2025-07-06 11:00:00,79.74
Montenegro,MNE,2025-07-06 10:00:00,2025-07-06 12:00:00,78.08
Montenegro,MNE,2025-07-06 11:00:00,2025-07-06 13:00:00,77.05
Montenegro,MNE,2025-07-06 12:00:00,2025-07-06 14:00:00,81.14
Montenegro,MNE,2025-07-06 13:00:00,2025-07-06 15:00:00,79.99
Montenegro,MNE,2025-07-06 14:00:00,2025-07-06 16:00:00,89.03
Montenegro,MNE,2025-07-06 15:00:00,2025-07-06 17:00:00,111.2
Montenegro,MNE,2025-07-06 16:00:00,2025-07-06 18:00:00,139.14
Montenegro,MNE,2025-07-06 17:00:00,2025-07-06 19:00:00,167.93
Montenegro,MNE,2025-07-06 18:00:00,2025-07-06 20:00:00,169.99
Montenegro,MNE,2025-07-06 19:00:00,2025-07-06 21:00:00,150.01
Montenegro,MNE,2025-07-06 20:00:00,2025-07-06 22:00:00,129.99
Montenegro,MNE,2025-07-06 21:00:00,2025-07-06 23:00:00,119.99
Montenegro,MNE,2025-07-06 22:00:00,2025-07-07 00:00:00,114.99
Montenegro,MNE,2025-07-06 23:00:00,2025-07-07 01:00:00,107.36
Montenegro,MNE,2025-07-07 00:00:00,2025-07-07 02:00:00,104.08
Montenegro,MNE,2025-07-07 01:00:00,2025-07-07 03:00:00,94.95
Montenegro,MNE,2025-07-07 02:00:00,2025-07-07 04:00:00,93.68
Montenegro,MNE,2025-07-07 03:00:00,2025-07-07 05:00:00,101.05
Montenegro,MNE,2025-07-07 04:00:00,2025-07-07 06:00:00,121.68
Montenegro,MNE,2025-07-07 05:00:00,2025-07-07 07:00:00,128.62
Montenegro,MNE,2025-07-07 06:00:00,2025-07-07 08:00:00,118.81
Montenegro,MNE,2025-07-07 07:00:00,2025-07-07 09:00:00,108.45
Montenegro,MNE,2025-07-07 08:00:00,2025-07-07 10:00:00,102.46
Montenegro,MNE,2025-07-07 09:00:00,2025-07-07 11:00:00,90.81
Montenegro,MNE,2025-07-07 10:00:00,2025-07-07 12:00:00,90.36
Montenegro,MNE,2025-07-07 11:00:00,2025-07-07 13:00:00,90.51
Montenegro,MNE,2025-07-07 12:00:00,2025-07-07 14:00:00,90.67
Montenegro,MNE,2025-07-07 13:00:00,2025-07-07 15:00:00,97.6
Montenegro,MNE,2025-07-07 14:00:00,2025-07-07 16:00:00,106.79
Montenegro,MNE,2025-07-07 15:00:00,2025-07-07 17:00:00,114.89
Montenegro,MNE,2025-07-07 16:00:00,2025-07-07 18:00:00,174.1
Montenegro,MNE,2025-07-07 17:00:00,2025-07-07 19:00:00,198.68
Montenegro,MNE,2025-07-07 18:00:00,2025-07-07 20:00:00,224.38
Montenegro,MNE,2025-07-07 19:00:00,2025-07-07 21:00:00,179.22
Montenegro,MNE,2025-07-07 20:00:00,2025-07-07 22:00:00,125.38
Montenegro,MNE,2025-07-07 21:00:00,2025-07-07 23:00:00,112.07
Montenegro,MNE,2025-07-07 22:00:00,2025-07-08 00:00:00,116.8
Montenegro,MNE,2025-07-07 23:00:00,2025-07-08 01:00:00,104.77
Montenegro,MNE,2025-07-08 00:00:00,2025-07-08 02:00:00,99.14
Montenegro,MNE,2025-07-08 01:00:00,2025-07-08 03:00:00,98.5
Montenegro,MNE,2025-07-08 02:00:00,2025-07-08 04:00:00,97.4
Montenegro,MNE,2025-07-08 03:00:00,2025-07-08 05:00:00,105.0
Montenegro,MNE,2025-07-08 04:00:00,2025-07-08 06:00:00,118.32
Montenegro,MNE,2025-07-08 05:00:00,2025-07-08 07:00:00,120.16
Montenegro,MNE,2025-07-08 06:00:00,2025-07-08 08:00:00,115.64
Montenegro,MNE,2025-07-08 07:00:00,2025-07-08 09:00:00,111.45
Montenegro,MNE,2025-07-08 08:00:00,2025-07-08 10:00:00,99.01
Montenegro,MNE,2025-07-08 09:00:00,2025-07-08 11:00:00,90.2
Montenegro,MNE,2025-07-08 10:00:00,2025-07-08 12:00:00,83.87
Montenegro,MNE,2025-07-08 11:00:00,2025-07-08 13:00:00,83.86
Montenegro,MNE,2025-07-08 12:00:00,2025-07-08 14:00:00,87.98
Montenegro,MNE,2025-07-08 13:00:00,2025-07-08 15:00:00,99.68
Montenegro,MNE,2025-07-08 14:00:00,2025-07-08 16:00:00,107.97
Montenegro,MNE,2025-07-08 15:00:00,2025-07-08 17:00:00,117.0
Montenegro,MNE,2025-07-08 16:00:00,2025-07-08 18:00:00,170.0
Montenegro,MNE,2025-07-08 17:00:00,2025-07-08 19:00:00,175.05
Montenegro,MNE,2025-07-08 18:00:00,2025-07-08 20:00:00,195.04
Montenegro,MNE,2025-07-08 19:00:00,2025-07-08 21:00:00,175.03
Montenegro,MNE,2025-07-08 20:00:00,2025-07-08 22:00:00,132.05
Montenegro,MNE,2025-07-08 21:00:00,2025-07-08 23:00:00,119.99
Montenegro,MNE,2025-07-08 22:00:00,2025-07-09 00:00:00,116.03
Montenegro,MNE,2025-07-08 23:00:00,2025-07-09 01:00:00,97.89
Montenegro,MNE,2025-07-09 00:00:00,2025-07-09 02:00:00,93.09
Montenegro,MNE,2025-07-09 01:00:00,2025-07-09 03:00:00,89.75
Montenegro,MNE,2025-07-09 02:00:00,2025-07-09 04:00:00,90.5
Montenegro,MNE,2025-07-09 03:00:00,2025-07-09 05:00:00,95.36
Montenegro,MNE,2025-07-09 04:00:00,2025-07-09 06:00:00,108.21
Montenegro,MNE,2025-07-09 05:00:00,2025-07-09 07:00:00,119.68
Montenegro,MNE,2025-07-09 06:00:00,2025-07-09 08:00:00,115.57
Montenegro,MNE,2025-07-09 07:00:00,2025-07-09 09:00:00,106.57
Montenegro,MNE,2025-07-09 08:00:00,2025-07-09 10:00:00,99.82
Montenegro,MNE,2025-07-09 09:00:00,2025-07-09 11:00:00,89.07
Montenegro,MNE,2025-07-09 10:00:00,2025-07-09 12:00:00,76.07
Montenegro,MNE,2025-07-09 11:00:00,2025-07-09 13:00:00,80.06
Montenegro,MNE,2025-07-09 12:00:00,2025-07-09 14:00:00,88.08
Montenegro,MNE,2025-07-09 13:00:00,2025-07-09 15:00:00,93.1
Montenegro,MNE,2025-07-09 14:00:00,2025-07-09 16:00:00,98.7
Montenegro,MNE,2025-07-09 15:00:00,2025-07-09 17:00:00,107.74
Montenegro,MNE,2025-07-09 16:00:00,2025-07-09 18:00:00,120.5
Montenegro,MNE,2025-07-09 17:00:00,2025-07-09 19:00:00,134.09
Montenegro,MNE,2025-07-09 18:00:00,2025-07-09 20:00:00,169.09
Montenegro,MNE,2025-07-09 19:00:00,2025-07-09 21:00:00,160.5
Montenegro,MNE,2025-07-09 20:00:00,2025-07-09 22:00:00,131.57
Montenegro,MNE,2025-07-09 21:00:00,2025-07-09 23:00:00,119.9
Montenegro,MNE,2025-07-09 22:00:00,2025-07-10 00:00:00,114.06
Montenegro,MNE,2025-07-09 23:00:00,2025-07-10 01:00:00,101.83
Montenegro,MNE,2025-07-10 00:00:00,2025-07-10 02:00:00,97.1
Montenegro,MNE,2025-07-10 01:00:00,2025-07-10 03:00:00,96.76
Montenegro,MNE,2025-07-10 02:00:00,2025-07-10 04:00:00,96.41
Montenegro,MNE,2025-07-10 03:00:00,2025-07-10 05:00:00,98.64
Montenegro,MNE,2025-07-10 04:00:00,2025-07-10 06:00:00,115.15
Montenegro,MNE,2025-07-10 05:00:00,2025-07-10 07:00:00,123.13
Montenegro,MNE,2025-07-10 06:00:00,2025-07-10 08:00:00,118.02
Montenegro,MNE,2025-07-10 07:00:00,2025-07-10 09:00:00,108.95
Montenegro,MNE,2025-07-10 08:00:00,2025-07-10 10:00:00,98.05
Montenegro,MNE,2025-07-10 09:00:00,2025-07-10 11:00:00,96.09
Montenegro,MNE,2025-07-10 10:00:00,2025-07-10 12:00:00,79.49
Montenegro,MNE,2025-07-10 11:00:00,2025-07-10 13:00:00,80.03
Montenegro,MNE,2025-07-10 12:00:00,2025-07-10 14:00:00,82.72
Montenegro,MNE,2025-07-10 13:00:00,2025-07-10 15:00:00,100.09
Montenegro,MNE,2025-07-10 14:00:00,2025-07-10 16:00:00,104.05
Montenegro,MNE,2025-07-10 15:00:00,2025-07-10 17:00:00,107.13
Montenegro,MNE,2025-07-10 16:00:00,2025-07-10 18:00:00,116.82
Montenegro,MNE,2025-07-10 17:00:00,2025-07-10 19:00:00,130.06
Montenegro,MNE,2025-07-10 18:00:00,2025-07-10 20:00:00,143.3
Montenegro,MNE,2025-07-10 19:00:00,2025-07-10 21:00:00,139.67
Montenegro,MNE,2025-07-10 20:00:00,2025-07-10 22:00:00,127.15
Montenegro,MNE,2025-07-10 21:00:00,2025-07-10 23:00:00,116.0
Montenegro,MNE,2025-07-10 22:00:00,2025-07-11 00:00:00,116.85
Montenegro,MNE,2025-07-10 23:00:00,2025-07-11 01:00:00,101.86
Montenegro,MNE,2025-07-11 00:00:00,2025-07-11 02:00:00,95.63
Montenegro,MNE,2025-07-11 01:00:00,2025-07-11 03:00:00,91.87
Montenegro,MNE,2025-07-11 02:00:00,2025-07-11 04:00:00,91.7
Montenegro,MNE,2025-07-11 03:00:00,2025-07-11 05:00:00,96.02
Montenegro,MNE,2025-07-11 04:00:00,2025-07-11 06:00:00,109.13
Montenegro,MNE,2025-07-11 05:00:00,2025-07-11 07:00:00,113.0
Montenegro,MNE,2025-07-11 06:00:00,2025-07-11 08:00:00,123.0
Montenegro,MNE,2025-07-11 07:00:00,2025-07-11 09:00:00,115.01
Montenegro,MNE,2025-07-11 08:00:00,2025-07-11 10:00:00,103.09
Montenegro,MNE,2025-07-11 09:00:00,2025-07-11 11:00:00,104.05
Montenegro,MNE,2025-07-11 10:00:00,2025-07-11 12:00:00,95.5
Montenegro,MNE,2025-07-11 11:00:00,2025-07-11 13:00:00,95.59
Montenegro,MNE,2025-07-11 12:00:00,2025-07-11 14:00:00,95.95
Montenegro,MNE,2025-07-11 13:00:00,2025-07-11 15:00:00,98.43
Montenegro,MNE,2025-07-11 14:00:00,2025-07-11 16:00:00,103.31
Montenegro,MNE,2025-07-11 15:00:00,2025-07-11 17:00:00,114.02
Montenegro,MNE,2025-07-11 16:00:00,2025-07-11 18:00:00,122.41
Montenegro,MNE,2025-07-11 17:00:00,2025-07-11 19:00:00,146.0
Montenegro,MNE,2025-07-11 18:00:00,2025-07-11 20:00:00,150.09
Montenegro,MNE,2025-07-11 19:00:00,2025-07-11 21:00:00,145.74
Montenegro,MNE,2025-07-11 20:00:00,2025-07-11 22:00:00,123.04
Montenegro,MNE,2025-07-11 21:00:00,2025-07-11 23:00:00,125.1
Montenegro,MNE,2025-07-11 22:00:00,2025-07-12 00:00:00,120.07
Montenegro,MNE,2025-07-11 23:00:00,2025-07-12 01:00:00,113.07
Montenegro,MNE,2025-07-12 00:00:00,2025-07-12 02:00:00,114.59
Montenegro,MNE,2025-07-12 01:00:00,2025-07-12 03:00:00,110.15
Montenegro,MNE,2025-07-12 02:00:00,2025-07-12 04:00:00,110.55
Montenegro,MNE,2025-07-12 03:00:00,2025-07-12 05:00:00,115.02
Montenegro,MNE,2025-07-12 04:00:00,2025-07-12 06:00:00,114.73
Montenegro,MNE,2025-07-12 05:00:00,2025-07-12 07:00:00,114.15
Montenegro,MNE,2025-07-12 06:00:00,2025-07-12 08:00:00,115.03
Montenegro,MNE,2025-07-12 07:00:00,2025-07-12 09:00:00,111.91
Montenegro,MNE,2025-07-12 08:00:00,2025-07-12 10:00:00,79.85
Montenegro,MNE,2025-07-12 09:00:00,2025-07-12 11:00:00,73.85
Montenegro,MNE,2025-07-12 10:00:00,2025-07-12 12:00:00,66.92
Montenegro,MNE,2025-07-12 11:00:00,2025-07-12 13:00:00,66.46
Montenegro,MNE,2025-07-12 12:00:00,2025-07-12 14:00:00,63.56
Montenegro,MNE,2025-07-12 13:00:00,2025-07-12 15:00:00,69.88
Montenegro,MNE,2025-07-12 14:00:00,2025-07-12 16:00:00,98.38
Montenegro,MNE,2025-07-12 15:00:00,2025-07-12 17:00:00,114.26
Montenegro,MNE,2025-07-12 16:00:00,2025-07-12 18:00:00,123.08
Montenegro,MNE,2025-07-12 17:00:00,2025-07-12 19:00:00,139.82
Montenegro,MNE,2025-07-12 18:00:00,2025-07-12 20:00:00,147.35
Montenegro,MNE,2025-07-12 19:00:00,2025-07-12 21:00:00,141.88
Montenegro,MNE,2025-07-12 20:00:00,2025-07-12 22:00:00,128.77
Montenegro,MNE,2025-07-12 21:00:00,2025-07-12 23:00:00,120.61
Montenegro,MNE,2025-07-12 22:00:00,2025-07-13 00:00:00,107.76
Montenegro,MNE,2025-07-12 23:00:00,2025-07-13 01:00:00,103.14
Montenegro,MNE,2025-07-13 00:00:00,2025-07-13 02:00:00,96.95
Montenegro,MNE,2025-07-13 01:00:00,2025-07-13 03:00:00,97.39
Montenegro,MNE,2025-07-13 02:00:00,2025-07-13 04:00:00,96.75
Montenegro,MNE,2025-07-13 03:00:00,2025-07-13 05:00:00,96.04
Montenegro,MNE,2025-07-13 04:00:00,2025-07-13 06:00:00,102.01
Montenegro,MNE,2025-07-13 05:00:00,2025-07-13 07:00:00,93.74
Montenegro,MNE,2025-07-13 06:00:00,2025-07-13 08:00:00,89.9
Montenegro,MNE,2025-07-13 07:00:00,2025-07-13 09:00:00,102.83
Montenegro,MNE,2025-07-13 08:00:00,2025-07-13 10:00:00,70.06
Montenegro,MNE,2025-07-13 09:00:00,2025-07-13 11:00:00,60.06
Montenegro,MNE,2025-07-13 10:00:00,2025-07-13 12:00:00,39.95
Montenegro,MNE,2025-07-13 11:00:00,2025-07-13 13:00:00,47.3
Montenegro,MNE,2025-07-13 12:00:00,2025-07-13 14:00:00,43.95
Montenegro,MNE,2025-07-13 13:00:00,2025-07-13 15:00:00,49.92
Montenegro,MNE,2025-07-13 14:00:00,2025-07-13 16:00:00,74.98
Montenegro,MNE,2025-07-13 15:00:00,2025-07-13 17:00:00,94.99
Montenegro,MNE,2025-07-13 16:00:00,2025-07-13 18:00:00,115.73
Montenegro,MNE,2025-07-13 17:00:00,2025-07-13 19:00:00,130.78
Montenegro,MNE,2025-07-13 18:00:00,2025-07-13 20:00:00,143.88
Montenegro,MNE,2025-07-13 19:00:00,2025-07-13 21:00:00,167.05
Montenegro,MNE,2025-07-13 20:00:00,2025-07-13 22:00:00,136.03
Montenegro,MNE,2025-07-13 21:00:00,2025-07-13 23:00:00,117.09
Montenegro,MNE,2025-07-13 22:00:00,2025-07-14 00:00:00,118.03
Montenegro,MNE,2025-07-13 23:00:00,2025-07-14 01:00:00,114.24
Montenegro,MNE,2025-07-14 00:00:00,2025-07-14 02:00:00,104.23
Montenegro,MNE,2025-07-14 01:00:00,2025-07-14 03:00:00,95.86
Montenegro,MNE,2025-07-14 02:00:00,2025-07-14 04:00:00,104.77
Montenegro,MNE,2025-07-14 03:00:00,2025-07-14 05:00:00,106.47
Montenegro,MNE,2025-07-14 04:00:00,2025-07-14 06:00:00,118.23
Montenegro,MNE,2025-07-14 05:00:00,2025-07-14 07:00:00,129.64
Montenegro,MNE,2025-07-14 06:00:00,2025-07-14 08:00:00,125.43
Montenegro,MNE,2025-07-14 07:00:00,2025-07-14 09:00:00,125.16
Montenegro,MNE,2025-07-14 08:00:00,2025-07-14 10:00:00,111.88
Montenegro,MNE,2025-07-14 09:00:00,2025-07-14 11:00:00,111.48
Montenegro,MNE,2025-07-14 10:00:00,2025-07-14 12:00:00,107.01
Montenegro,MNE,2025-07-14 11:00:00,2025-07-14 13:00:00,104.16
Montenegro,MNE,2025-07-14 12:00:00,2025-07-14 14:00:00,103.87
Montenegro,MNE,2025-07-14 13:00:00,2025-07-14 15:00:00,111.7
Montenegro,MNE,2025-07-14 14:00:00,2025-07-14 16:00:00,118.29
Montenegro,MNE,2025-07-14 15:00:00,2025-07-14 17:00:00,132.29
Montenegro,MNE,2025-07-14 16:00:00,2025-07-14 18:00:00,136.58
Montenegro,MNE,2025-07-14 17:00:00,2025-07-14 19:00:00,167.06
Montenegro,MNE,2025-07-14 18:00:00,2025-07-14 20:00:00,169.99
Montenegro,MNE,2025-07-14 19:00:00,2025-07-14 21:00:00,170.0
Montenegro,MNE,2025-07-14 20:00:00,2025-07-14 22:00:00,139.7
Montenegro,MNE,2025-07-14 21:00:00,2025-07-14 23:00:00,124.09
Montenegro,MNE,2025-07-14 22:00:00,2025-07-15 00:00:00,121.26
Montenegro,MNE,2025-07-14 23:00:00,2025-07-15 01:00:00,119.44
Montenegro,MNE,2025-07-15 00:00:00,2025-07-15 02:00:00,108.04
Montenegro,MNE,2025-07-15 01:00:00,2025-07-15 03:00:00,108.9
Montenegro,MNE,2025-07-15 02:00:00,2025-07-15 04:00:00,91.27
Montenegro,MNE,2025-07-15 03:00:00,2025-07-15 05:00:00,107.33
Montenegro,MNE,2025-07-15 04:00:00,2025-07-15 06:00:00,115.59
Montenegro,MNE,2025-07-15 05:00:00,2025-07-15 07:00:00,125.09
Montenegro,MNE,2025-07-15 06:00:00,2025-07-15 08:00:00,123.21
Montenegro,MNE,2025-07-15 07:00:00,2025-07-15 09:00:00,115.55
Montenegro,MNE,2025-07-15 08:00:00,2025-07-15 10:00:00,103.07
Montenegro,MNE,2025-07-15 09:00:00,2025-07-15 11:00:00,110.05
Montenegro,MNE,2025-07-15 10:00:00,2025-07-15 12:00:00,102.47
Montenegro,MNE,2025-07-15 11:00:00,2025-07-15 13:00:00,103.87
Montenegro,MNE,2025-07-15 12:00:00,2025-07-15 14:00:00,106.28
Montenegro,MNE,2025-07-15 13:00:00,2025-07-15 15:00:00,108.01
Montenegro,MNE,2025-07-15 14:00:00,2025-07-15 16:00:00,113.7
Montenegro,MNE,2025-07-15 15:00:00,2025-07-15 17:00:00,115.0
Montenegro,MNE,2025-07-15 16:00:00,2025-07-15 18:00:00,136.0
Montenegro,MNE,2025-07-15 17:00:00,2025-07-15 19:00:00,169.99
Montenegro,MNE,2025-07-15 18:00:00,2025-07-15 20:00:00,179.99
Montenegro,MNE,2025-07-15 19:00:00,2025-07-15 21:00:00,169.99
Montenegro,MNE,2025-07-15 20:00:00,2025-07-15 22:00:00,136.95
Montenegro,MNE,2025-07-15 21:00:00,2025-07-15 23:00:00,139.07
Montenegro,MNE,2025-07-15 22:00:00,2025-07-16 00:00:00,123.25
Montenegro,MNE,2025-07-15 23:00:00,2025-07-16 01:00:00,111.7
Montenegro,MNE,2025-07-16 00:00:00,2025-07-16 02:00:00,107.2
Montenegro,MNE,2025-07-16 01:00:00,2025-07-16 03:00:00,101.21
Montenegro,MNE,2025-07-16 02:00:00,2025-07-16 04:00:00,103.15
Montenegro,MNE,2025-07-16 03:00:00,2025-07-16 05:00:00,107.75
Montenegro,MNE,2025-07-16 04:00:00,2025-07-16 06:00:00,121.95
Montenegro,MNE,2025-07-16 05:00:00,2025-07-16 07:00:00,123.82
Montenegro,MNE,2025-07-16 06:00:00,2025-07-16 08:00:00,132.31
Montenegro,MNE,2025-07-16 07:00:00,2025-07-16 09:00:00,123.03
Montenegro,MNE,2025-07-16 08:00:00,2025-07-16 10:00:00,120.43
Montenegro,MNE,2025-07-16 09:00:00,2025-07-16 11:00:00,111.05
Montenegro,MNE,2025-07-16 10:00:00,2025-07-16 12:00:00,110.04
Montenegro,MNE,2025-07-16 11:00:00,2025-07-16 13:00:00,112.81
Montenegro,MNE,2025-07-16 12:00:00,2025-07-16 14:00:00,115.0
Montenegro,MNE,2025-07-16 13:00:00,2025-07-16 15:00:00,115.0
Montenegro,MNE,2025-07-16 14:00:00,2025-07-16 16:00:00,120.41
Montenegro,MNE,2025-07-16 15:00:00,2025-07-16 17:00:00,129.62
Montenegro,MNE,2025-07-16 16:00:00,2025-07-16 18:00:00,143.03
Montenegro,MNE,2025-07-16 17:00:00,2025-07-16 19:00:00,167.34
Montenegro,MNE,2025-07-16 18:00:00,2025-07-16 20:00:00,180.0
Montenegro,MNE,2025-07-16 19:00:00,2025-07-16 21:00:00,170.0
Montenegro,MNE,2025-07-16 20:00:00,2025-07-16 22:00:00,134.95
Montenegro,MNE,2025-07-16 21:00:00,2025-07-16 23:00:00,128.05
Montenegro,MNE,2025-07-16 22:00:00,2025-07-17 00:00:00,119.44
Montenegro,MNE,2025-07-16 23:00:00,2025-07-17 01:00:00,110.03
Montenegro,MNE,2025-07-17 00:00:00,2025-07-17 02:00:00,111.05
Montenegro,MNE,2025-07-17 01:00:00,2025-07-17 03:00:00,106.3
Montenegro,MNE,2025-07-17 02:00:00,2025-07-17 04:00:00,106.96
Montenegro,MNE,2025-07-17 03:00:00,2025-07-17 05:00:00,111.0
Montenegro,MNE,2025-07-17 04:00:00,2025-07-17 06:00:00,120.88
Montenegro,MNE,2025-07-17 05:00:00,2025-07-17 07:00:00,121.95
Montenegro,MNE,2025-07-17 06:00:00,2025-07-17 08:00:00,121.93
Montenegro,MNE,2025-07-17 07:00:00,2025-07-17 09:00:00,122.02
Montenegro,MNE,2025-07-17 08:00:00,2025-07-17 10:00:00,116.02
Montenegro,MNE,2025-07-17 09:00:00,2025-07-17 11:00:00,114.01
Montenegro,MNE,2025-07-17 10:00:00,2025-07-17 12:00:00,107.25
Montenegro,MNE,2025-07-17 11:00:00,2025-07-17 13:00:00,108.91
Montenegro,MNE,2025-07-17 12:00:00,2025-07-17 14:00:00,112.51
Montenegro,MNE,2025-07-17 13:00:00,2025-07-17 15:00:00,115.01
Montenegro,MNE,2025-07-17 14:00:00,2025-07-17 16:00:00,115.3
Montenegro,MNE,2025-07-17 15:00:00,2025-07-17 17:00:00,114.47
Montenegro,MNE,2025-07-17 16:00:00,2025-07-17 18:00:00,127.03
Montenegro,MNE,2025-07-17 17:00:00,2025-07-17 19:00:00,149.99
Montenegro,MNE,2025-07-17 18:00:00,2025-07-17 20:00:00,156.03
Montenegro,MNE,2025-07-17 19:00:00,2025-07-17 21:00:00,145.08
Montenegro,MNE,2025-07-17 20:00:00,2025-07-17 22:00:00,133.98
Montenegro,MNE,2025-07-17 21:00:00,2025-07-17 23:00:00,119.06
Montenegro,MNE,2025-07-17 22:00:00,2025-07-18 00:00:00,116.71
Montenegro,MNE,2025-07-17 23:00:00,2025-07-18 01:00:00,111.0
Montenegro,MNE,2025-07-18 00:00:00,2025-07-18 02:00:00,108.82
Montenegro,MNE,2025-07-18 01:00:00,2025-07-18 03:00:00,104.8
Montenegro,MNE,2025-07-18 02:00:00,2025-07-18 04:00:00,104.12
Montenegro,MNE,2025-07-18 03:00:00,2025-07-18 05:00:00,107.17
Montenegro,MNE,2025-07-18 04:00:00,2025-07-18 06:00:00,119.99
Montenegro,MNE,2025-07-18 05:00:00,2025-07-18 07:00:00,123.44
Montenegro,MNE,2025-07-18 06:00:00,2025-07-18 08:00:00,116.79
Montenegro,MNE,2025-07-18 07:00:00,2025-07-18 09:00:00,119.7
Montenegro,MNE,2025-07-18 08:00:00,2025-07-18 10:00:00,111.73
Montenegro,MNE,2025-07-18 09:00:00,2025-07-18 11:00:00,106.22
Montenegro,MNE,2025-07-18 10:00:00,2025-07-18 12:00:00,100.1
Montenegro,MNE,2025-07-18 11:00:00,2025-07-18 13:00:00,101.72
Montenegro,MNE,2025-07-18 12:00:00,2025-07-18 14:00:00,104.06
Montenegro,MNE,2025-07-18 13:00:00,2025-07-18 15:00:00,107.93
Montenegro,MNE,2025-07-18 14:00:00,2025-07-18 16:00:00,114.99
Montenegro,MNE,2025-07-18 15:00:00,2025-07-18 17:00:00,121.6
Montenegro,MNE,2025-07-18 16:00:00,2025-07-18 18:00:00,130.02
Montenegro,MNE,2025-07-18 17:00:00,2025-07-18 19:00:00,150.0
Montenegro,MNE,2025-07-18 18:00:00,2025-07-18 20:00:00,170.0
Montenegro,MNE,2025-07-18 19:00:00,2025-07-18 21:00:00,154.04
Montenegro,MNE,2025-07-18 20:00:00,2025-07-18 22:00:00,135.61
Montenegro,MNE,2025-07-18 21:00:00,2025-07-18 23:00:00,124.34
Montenegro,MNE,2025-07-18 22:00:00,2025-07-19 00:00:00,120.5
Montenegro,MNE,2025-07-18 23:00:00,2025-07-19 01:00:00,114.91
Montenegro,MNE,2025-07-19 00:00:00,2025-07-19 02:00:00,114.67
Montenegro,MNE,2025-07-19 01:00:00,2025-07-19 03:00:00,110.21
Montenegro,MNE,2025-07-19 02:00:00,2025-07-19 04:00:00,107.6
Montenegro,MNE,2025-07-19 03:00:00,2025-07-19 05:00:00,113.5
Montenegro,MNE,2025-07-19 04:00:00,2025-07-19 06:00:00,117.37
Montenegro,MNE,2025-07-19 05:00:00,2025-07-19 07:00:00,115.01
Montenegro,MNE,2025-07-19 06:00:00,2025-07-19 08:00:00,108.26
Montenegro,MNE,2025-07-19 07:00:00,2025-07-19 09:00:00,112.03
Montenegro,MNE,2025-07-19 08:00:00,2025-07-19 10:00:00,106.78
Montenegro,MNE,2025-07-19 09:00:00,2025-07-19 11:00:00,87.04
Montenegro,MNE,2025-07-19 10:00:00,2025-07-19 12:00:00,78.19
Montenegro,MNE,2025-07-19 11:00:00,2025-07-19 13:00:00,71.13
Montenegro,MNE,2025-07-19 12:00:00,2025-07-19 14:00:00,69.05
Montenegro,MNE,2025-07-19 13:00:00,2025-07-19 15:00:00,80.22
Montenegro,MNE,2025-07-19 14:00:00,2025-07-19 16:00:00,95.86
Montenegro,MNE,2025-07-19 15:00:00,2025-07-19 17:00:00,104.06
Montenegro,MNE,2025-07-19 16:00:00,2025-07-19 18:00:00,117.71
Montenegro,MNE,2025-07-19 17:00:00,2025-07-19 19:00:00,139.18
Montenegro,MNE,2025-07-19 18:00:00,2025-07-19 20:00:00,145.4
Montenegro,MNE,2025-07-19 19:00:00,2025-07-19 21:00:00,143.53
Montenegro,MNE,2025-07-19 20:00:00,2025-07-19 22:00:00,129.55
Montenegro,MNE,2025-07-19 21:00:00,2025-07-19 23:00:00,129.08
Montenegro,MNE,2025-07-19 22:00:00,2025-07-20 00:00:00,138.03
Montenegro,MNE,2025-07-19 23:00:00,2025-07-20 01:00:00,132.2
Montenegro,MNE,2025-07-20 00:00:00,2025-07-20 02:00:00,123.03
Montenegro,MNE,2025-07-20 01:00:00,2025-07-20 03:00:00,118.84
Montenegro,MNE,2025-07-20 02:00:00,2025-07-20 04:00:00,118.39
Montenegro,MNE,2025-07-20 03:00:00,2025-07-20 05:00:00,118.64
Montenegro,MNE,2025-07-20 04:00:00,2025-07-20 06:00:00,120.09
Montenegro,MNE,2025-07-20 05:00:00,2025-07-20 07:00:00,119.57
Montenegro,MNE,2025-07-20 06:00:00,2025-07-20 08:00:00,118.05
Montenegro,MNE,2025-07-20 07:00:00,2025-07-20 09:00:00,114.04
Montenegro,MNE,2025-07-20 08:00:00,2025-07-20 10:00:00,62.57
Montenegro,MNE,2025-07-20 09:00:00,2025-07-20 11:00:00,13.65
Montenegro,MNE,2025-07-20 10:00:00,2025-07-20 12:00:00,60.01
Montenegro,MNE,2025-07-20 11:00:00,2025-07-20 13:00:00,55.45
Montenegro,MNE,2025-07-20 12:00:00,2025-07-20 14:00:00,62.34
Montenegro,MNE,2025-07-20 13:00:00,2025-07-20 15:00:00,27.9
Montenegro,MNE,2025-07-20 14:00:00,2025-07-20 16:00:00,90.92
Montenegro,MNE,2025-07-20 15:00:00,2025-07-20 17:00:00,105.0
Montenegro,MNE,2025-07-20 16:00:00,2025-07-20 18:00:00,132.15
Montenegro,MNE,2025-07-20 17:00:00,2025-07-20 19:00:00,146.25
Montenegro,MNE,2025-07-20 18:00:00,2025-07-20 20:00:00,160.31
Montenegro,MNE,2025-07-20 19:00:00,2025-07-20 21:00:00,160.31
Montenegro,MNE,2025-07-20 20:00:00,2025-07-20 22:00:00,132.28
Montenegro,MNE,2025-07-20 21:00:00,2025-07-20 23:00:00,125.4
Montenegro,MNE,2025-07-20 22:00:00,2025-07-21 00:00:00,122.15
Montenegro,MNE,2025-07-20 23:00:00,2025-07-21 01:00:00,116.58
Montenegro,MNE,2025-07-21 00:00:00,2025-07-21 02:00:00,111.0
Montenegro,MNE,2025-07-21 01:00:00,2025-07-21 03:00:00,110.99
Montenegro,MNE,2025-07-21 02:00:00,2025-07-21 04:00:00,110.99
Montenegro,MNE,2025-07-21 03:00:00,2025-07-21 05:00:00,113.1
Montenegro,MNE,2025-07-21 04:00:00,2025-07-21 06:00:00,122.77
Montenegro,MNE,2025-07-21 05:00:00,2025-07-21 07:00:00,122.97
Montenegro,MNE,2025-07-21 06:00:00,2025-07-21 08:00:00,122.8
Montenegro,MNE,2025-07-21 07:00:00,2025-07-21 09:00:00,122.97
Montenegro,MNE,2025-07-21 08:00:00,2025-07-21 10:00:00,115.0
Montenegro,MNE,2025-07-21 09:00:00,2025-07-21 11:00:00,104.88
Montenegro,MNE,2025-07-21 10:00:00,2025-07-21 12:00:00,95.87
Montenegro,MNE,2025-07-21 11:00:00,2025-07-21 13:00:00,95.92
Montenegro,MNE,2025-07-21 12:00:00,2025-07-21 14:00:00,104.86
Montenegro,MNE,2025-07-21 13:00:00,2025-07-21 15:00:00,115.0
Montenegro,MNE,2025-07-21 14:00:00,2025-07-21 16:00:00,115.01
Montenegro,MNE,2025-07-21 15:00:00,2025-07-21 17:00:00,122.71
Montenegro,MNE,2025-07-21 16:00:00,2025-07-21 18:00:00,145.0
Montenegro,MNE,2025-07-21 17:00:00,2025-07-21 19:00:00,179.99
Montenegro,MNE,2025-07-21 18:00:00,2025-07-21 20:00:00,187.38
Montenegro,MNE,2025-07-21 19:00:00,2025-07-21 21:00:00,180.09
Montenegro,MNE,2025-07-21 20:00:00,2025-07-21 22:00:00,151.04
Montenegro,MNE,2025-07-21 21:00:00,2025-07-21 23:00:00,129.27
Montenegro,MNE,2025-07-21 22:00:00,2025-07-22 00:00:00,119.99
Montenegro,MNE,2025-07-21 23:00:00,2025-07-22 01:00:00,115.0
Montenegro,MNE,2025-07-22 00:00:00,2025-07-22 02:00:00,111.42
Montenegro,MNE,2025-07-22 01:00:00,2025-07-22 03:00:00,109.99
Montenegro,MNE,2025-07-22 02:00:00,2025-07-22 04:00:00,106.64
Montenegro,MNE,2025-07-22 03:00:00,2025-07-22 05:00:00,111.89
Montenegro,MNE,2025-07-22 04:00:00,2025-07-22 06:00:00,120.36
Montenegro,MNE,2025-07-22 05:00:00,2025-07-22 07:00:00,125.0
Montenegro,MNE,2025-07-22 06:00:00,2025-07-22 08:00:00,132.08
Montenegro,MNE,2025-07-22 07:00:00,2025-07-22 09:00:00,123.03
Montenegro,MNE,2025-07-22 08:00:00,2025-07-22 10:00:00,112.71
Montenegro,MNE,2025-07-22 09:00:00,2025-07-22 11:00:00,111.28
Montenegro,MNE,2025-07-22 10:00:00,2025-07-22 12:00:00,111.38
Montenegro,MNE,2025-07-22 11:00:00,2025-07-22 13:00:00,104.23
Montenegro,MNE,2025-07-22 12:00:00,2025-07-22 14:00:00,106.03
Montenegro,MNE,2025-07-22 13:00:00,2025-07-22 15:00:00,115.0
Montenegro,MNE,2025-07-22 14:00:00,2025-07-22 16:00:00,125.17
Montenegro,MNE,2025-07-22 15:00:00,2025-07-22 17:00:00,128.06
Montenegro,MNE,2025-07-22 16:00:00,2025-07-22 18:00:00,149.99
Montenegro,MNE,2025-07-22 17:00:00,2025-07-22 19:00:00,180.09
Montenegro,MNE,2025-07-22 18:00:00,2025-07-22 20:00:00,186.06
Montenegro,MNE,2025-07-22 19:00:00,2025-07-22 21:00:00,160.18
Montenegro,MNE,2025-07-22 20:00:00,2025-07-22 22:00:00,130.13
Montenegro,MNE,2025-07-22 21:00:00,2025-07-22 23:00:00,119.99
Montenegro,MNE,2025-07-22 22:00:00,2025-07-23 00:00:00,116.02
Montenegro,MNE,2025-07-22 23:00:00,2025-07-23 01:00:00,110.2
Montenegro,MNE,2025-07-23 00:00:00,2025-07-23 02:00:00,105.4
Montenegro,MNE,2025-07-23 01:00:00,2025-07-23 03:00:00,105.52
Montenegro,MNE,2025-07-23 02:00:00,2025-07-23 04:00:00,105.04
Montenegro,MNE,2025-07-23 03:00:00,2025-07-23 05:00:00,107.36
Montenegro,MNE,2025-07-23 04:00:00,2025-07-23 06:00:00,115.57
Montenegro,MNE,2025-07-23 05:00:00,2025-07-23 07:00:00,119.12
Montenegro,MNE,2025-07-23 06:00:00,2025-07-23 08:00:00,117.09
Montenegro,MNE,2025-07-23 07:00:00,2025-07-23 09:00:00,111.43
Montenegro,MNE,2025-07-23 08:00:00,2025-07-23 10:00:00,115.0
Montenegro,MNE,2025-07-23 09:00:00,2025-07-23 11:00:00,108.42
Montenegro,MNE,2025-07-23 10:00:00,2025-07-23 12:00:00,100.85
Montenegro,MNE,2025-07-23 11:00:00,2025-07-23 13:00:00,100.27
Montenegro,MNE,2025-07-23 12:00:00,2025-07-23 14:00:00,115.0
Montenegro,MNE,2025-07-23 13:00:00,2025-07-23 15:00:00,109.37
Montenegro,MNE,2025-07-23 14:00:00,2025-07-23 16:00:00,107.08
Montenegro,MNE,2025-07-23 15:00:00,2025-07-23 17:00:00,124.8
Montenegro,MNE,2025-07-23 16:00:00,2025-07-23 18:00:00,239.6
Montenegro,MNE,2025-07-23 17:00:00,2025-07-23 19:00:00,268.66
Montenegro,MNE,2025-07-23 18:00:00,2025-07-23 20:00:00,265.08
Montenegro,MNE,2025-07-23 19:00:00,2025-07-23 21:00:00,210.08
Montenegro,MNE,2025-07-23 20:00:00,2025-07-23 22:00:00,154.99
Montenegro,MNE,2025-07-23 21:00:00,2025-07-23 23:00:00,121.38
Montenegro,MNE,2025-07-23 22:00:00,2025-07-24 00:00:00,123.4
Montenegro,MNE,2025-07-23 23:00:00,2025-07-24 01:00:00,119.89
Montenegro,MNE,2025-07-24 00:00:00,2025-07-24 02:00:00,112.02
Montenegro,MNE,2025-07-24 01:00:00,2025-07-24 03:00:00,110.5
Montenegro,MNE,2025-07-24 02:00:00,2025-07-24 04:00:00,110.15
Montenegro,MNE,2025-07-24 03:00:00,2025-07-24 05:00:00,115.0
Montenegro,MNE,2025-07-24 04:00:00,2025-07-24 06:00:00,123.92
Montenegro,MNE,2025-07-24 05:00:00,2025-07-24 07:00:00,123.5
Montenegro,MNE,2025-07-24 06:00:00,2025-07-24 08:00:00,119.83
Montenegro,MNE,2025-07-24 07:00:00,2025-07-24 09:00:00,119.31
Montenegro,MNE,2025-07-24 08:00:00,2025-07-24 10:00:00,119.98
Montenegro,MNE,2025-07-24 09:00:00,2025-07-24 11:00:00,115.65
Montenegro,MNE,2025-07-24 10:00:00,2025-07-24 12:00:00,115.01
Montenegro,MNE,2025-07-24 11:00:00,2025-07-24 13:00:00,115.0
Montenegro,MNE,2025-07-24 12:00:00,2025-07-24 14:00:00,115.0
Montenegro,MNE,2025-07-24 13:00:00,2025-07-24 15:00:00,115.01
Montenegro,MNE,2025-07-24 14:00:00,2025-07-24 16:00:00,115.01
Montenegro,MNE,2025-07-24 15:00:00,2025-07-24 17:00:00,142.67
Montenegro,MNE,2025-07-24 16:00:00,2025-07-24 18:00:00,260.04
Montenegro,MNE,2025-07-24 17:00:00,2025-07-24 19:00:00,301.51
Montenegro,MNE,2025-07-24 18:00:00,2025-07-24 20:00:00,318.06
Montenegro,MNE,2025-07-24 19:00:00,2025-07-24 21:00:00,215.01
Montenegro,MNE,2025-07-24 20:00:00,2025-07-24 22:00:00,179.12
Montenegro,MNE,2025-07-24 21:00:00,2025-07-24 23:00:00,123.5
Montenegro,MNE,2025-07-24 22:00:00,2025-07-25 00:00:00,118.3
Montenegro,MNE,2025-07-24 23:00:00,2025-07-25 01:00:00,111.5
Montenegro,MNE,2025-07-25 00:00:00,2025-07-25 02:00:00,106.61
Montenegro,MNE,2025-07-25 01:00:00,2025-07-25 03:00:00,105.01
Montenegro,MNE,2025-07-25 02:00:00,2025-07-25 04:00:00,105.2
Montenegro,MNE,2025-07-25 03:00:00,2025-07-25 05:00:00,109.96
Montenegro,MNE,2025-07-25 04:00:00,2025-07-25 06:00:00,115.0
Montenegro,MNE,2025-07-25 05:00:00,2025-07-25 07:00:00,125.5
Montenegro,MNE,2025-07-25 06:00:00,2025-07-25 08:00:00,125.72
Montenegro,MNE,2025-07-25 07:00:00,2025-07-25 09:00:00,119.15
Montenegro,MNE,2025-07-25 08:00:00,2025-07-25 10:00:00,116.32
Montenegro,MNE,2025-07-25 09:00:00,2025-07-25 11:00:00,115.01
Montenegro,MNE,2025-07-25 10:00:00,2025-07-25 12:00:00,115.01
Montenegro,MNE,2025-07-25 11:00:00,2025-07-25 13:00:00,115.01
Montenegro,MNE,2025-07-25 12:00:00,2025-07-25 14:00:00,115.01
Montenegro,MNE,2025-07-25 13:00:00,2025-07-25 15:00:00,115.01
Montenegro,MNE,2025-07-25 14:00:00,2025-07-25 16:00:00,119.4
Montenegro,MNE,2025-07-25 15:00:00,2025-07-25 17:00:00,139.99
Montenegro,MNE,2025-07-25 16:00:00,2025-07-25 18:00:00,203.39
Montenegro,MNE,2025-07-25 17:00:00,2025-07-25 19:00:00,319.74
Montenegro,MNE,2025-07-25 18:00:00,2025-07-25 20:00:00,299.3
Montenegro,MNE,2025-07-25 19:00:00,2025-07-25 21:00:00,206.19
Montenegro,MNE,2025-07-25 20:00:00,2025-07-25 22:00:00,150.0
Montenegro,MNE,2025-07-25 21:00:00,2025-07-25 23:00:00,137.7
Montenegro,MNE,2025-07-25 22:00:00,2025-07-26 00:00:00,120.12
Montenegro,MNE,2025-07-25 23:00:00,2025-07-26 01:00:00,115.41
Montenegro,MNE,2025-07-26 00:00:00,2025-07-26 02:00:00,108.01
Montenegro,MNE,2025-07-26 01:00:00,2025-07-26 03:00:00,107.56
Montenegro,MNE,2025-07-26 02:00:00,2025-07-26 04:00:00,106.92
Montenegro,MNE,2025-07-26 03:00:00,2025-07-26 05:00:00,103.61
Montenegro,MNE,2025-07-26 04:00:00,2025-07-26 06:00:00,103.57
Montenegro,MNE,2025-07-26 05:00:00,2025-07-26 07:00:00,107.72
Montenegro,MNE,2025-07-26 06:00:00,2025-07-26 08:00:00,111.69
Montenegro,MNE,2025-07-26 07:00:00,2025-07-26 09:00:00,108.29
Montenegro,MNE,2025-07-26 08:00:00,2025-07-26 10:00:00,109.84
Montenegro,MNE,2025-07-26 09:00:00,2025-07-26 11:00:00,97.76
Montenegro,MNE,2025-07-26 10:00:00,2025-07-26 12:00:00,95.77
Montenegro,MNE,2025-07-26 11:00:00,2025-07-26 13:00:00,88.03
Montenegro,MNE,2025-07-26 12:00:00,2025-07-26 14:00:00,94.02
Montenegro,MNE,2025-07-26 13:00:00,2025-07-26 15:00:00,99.99
Montenegro,MNE,2025-07-26 14:00:00,2025-07-26 16:00:00,114.03
Montenegro,MNE,2025-07-26 15:00:00,2025-07-26 17:00:00,119.1
Montenegro,MNE,2025-07-26 16:00:00,2025-07-26 18:00:00,154.09
Montenegro,MNE,2025-07-26 17:00:00,2025-07-26 19:00:00,200.03
Montenegro,MNE,2025-07-26 18:00:00,2025-07-26 20:00:00,219.35
Montenegro,MNE,2025-07-26 19:00:00,2025-07-26 21:00:00,189.07
Montenegro,MNE,2025-07-26 20:00:00,2025-07-26 22:00:00,133.65
Montenegro,MNE,2025-07-26 21:00:00,2025-07-26 23:00:00,117.88
Montenegro,MNE,2025-07-26 22:00:00,2025-07-27 00:00:00,109.4
Montenegro,MNE,2025-07-26 23:00:00,2025-07-27 01:00:00,105.5
Montenegro,MNE,2025-07-27 00:00:00,2025-07-27 02:00:00,101.71
Montenegro,MNE,2025-07-27 01:00:00,2025-07-27 03:00:00,95.84
Montenegro,MNE,2025-07-27 02:00:00,2025-07-27 04:00:00,94.55
Montenegro,MNE,2025-07-27 03:00:00,2025-07-27 05:00:00,95.31
Montenegro,MNE,2025-07-27 04:00:00,2025-07-27 06:00:00,91.76
Montenegro,MNE,2025-07-27 05:00:00,2025-07-27 07:00:00,92.6
Montenegro,MNE,2025-07-27 06:00:00,2025-07-27 08:00:00,99.65
Montenegro,MNE,2025-07-27 07:00:00,2025-07-27 09:00:00,103.03
Montenegro,MNE,2025-07-27 08:00:00,2025-07-27 10:00:00,100.08
Montenegro,MNE,2025-07-27 09:00:00,2025-07-27 11:00:00,98.01
Montenegro,MNE,2025-07-27 10:00:00,2025-07-27 12:00:00,89.95
Montenegro,MNE,2025-07-27 11:00:00,2025-07-27 13:00:00,85.02
Montenegro,MNE,2025-07-27 12:00:00,2025-07-27 14:00:00,80.04
Montenegro,MNE,2025-07-27 13:00:00,2025-07-27 15:00:00,73.91
Montenegro,MNE,2025-07-27 14:00:00,2025-07-27 16:00:00,96.04
Montenegro,MNE,2025-07-27 15:00:00,2025-07-27 17:00:00,103.06
Montenegro,MNE,2025-07-27 16:00:00,2025-07-27 18:00:00,125.0
Montenegro,MNE,2025-07-27 17:00:00,2025-07-27 19:00:00,145.31
Montenegro,MNE,2025-07-27 18:00:00,2025-07-27 20:00:00,147.2
Montenegro,MNE,2025-07-27 19:00:00,2025-07-27 21:00:00,144.91
Montenegro,MNE,2025-07-27 20:00:00,2025-07-27 22:00:00,127.02
Montenegro,MNE,2025-07-27 21:00:00,2025-07-27 23:00:00,114.49
Montenegro,MNE,2025-07-27 22:00:00,2025-07-28 00:00:00,109.2
Montenegro,MNE,2025-07-27 23:00:00,2025-07-28 01:00:00,103.53
Montenegro,MNE,2025-07-28 00:00:00,2025-07-28 02:00:00,92.19
Montenegro,MNE,2025-07-28 01:00:00,2025-07-28 03:00:00,91.42
Montenegro,MNE,2025-07-28 02:00:00,2025-07-28 04:00:00,93.62
Montenegro,MNE,2025-07-28 03:00:00,2025-07-28 05:00:00,102.3
Montenegro,MNE,2025-07-28 04:00:00,2025-07-28 06:00:00,110.01
Montenegro,MNE,2025-07-28 05:00:00,2025-07-28 07:00:00,115.08
Montenegro,MNE,2025-07-28 06:00:00,2025-07-28 08:00:00,115.01
Montenegro,MNE,2025-07-28 07:00:00,2025-07-28 09:00:00,115.01
Montenegro,MNE,2025-07-28 08:00:00,2025-07-28 10:00:00,111.8
Montenegro,MNE,2025-07-28 09:00:00,2025-07-28 11:00:00,109.06
Montenegro,MNE,2025-07-28 10:00:00,2025-07-28 12:00:00,108.93
Montenegro,MNE,2025-07-28 11:00:00,2025-07-28 13:00:00,104.63
Montenegro,MNE,2025-07-28 12:00:00,2025-07-28 14:00:00,105.21
Montenegro,MNE,2025-07-28 13:00:00,2025-07-28 15:00:00,103.71
Montenegro,MNE,2025-07-28 14:00:00,2025-07-28 16:00:00,114.08
Montenegro,MNE,2025-07-28 15:00:00,2025-07-28 17:00:00,115.33
Montenegro,MNE,2025-07-28 16:00:00,2025-07-28 18:00:00,163.65
Montenegro,MNE,2025-07-28 17:00:00,2025-07-28 19:00:00,179.29
Montenegro,MNE,2025-07-28 18:00:00,2025-07-28 20:00:00,190.31
Montenegro,MNE,2025-07-28 19:00:00,2025-07-28 21:00:00,155.92
Montenegro,MNE,2025-07-28 20:00:00,2025-07-28 22:00:00,129.32
Montenegro,MNE,2025-07-28 21:00:00,2025-07-28 23:00:00,110.99
Montenegro,MNE,2025-07-28 22:00:00,2025-07-29 00:00:00,107.17
Montenegro,MNE,2025-07-28 23:00:00,2025-07-29 01:00:00,100.62
Montenegro,MNE,2025-07-29 00:00:00,2025-07-29 02:00:00,91.53
Montenegro,MNE,2025-07-29 01:00:00,2025-07-29 03:00:00,95.3
Montenegro,MNE,2025-07-29 02:00:00,2025-07-29 04:00:00,93.72
Montenegro,MNE,2025-07-29 03:00:00,2025-07-29 05:00:00,93.31
Montenegro,MNE,2025-07-29 04:00:00,2025-07-29 06:00:00,107.13
Montenegro,MNE,2025-07-29 05:00:00,2025-07-29 07:00:00,115.12
Montenegro,MNE,2025-07-29 06:00:00,2025-07-29 08:00:00,104.81
Montenegro,MNE,2025-07-29 07:00:00,2025-07-29 09:00:00,101.32
Montenegro,MNE,2025-07-29 08:00:00,2025-07-29 10:00:00,99.99
Montenegro,MNE,2025-07-29 09:00:00,2025-07-29 11:00:00,99.62
Montenegro,MNE,2025-07-29 10:00:00,2025-07-29 12:00:00,92.54
Montenegro,MNE,2025-07-29 11:00:00,2025-07-29 13:00:00,91.08
Montenegro,MNE,2025-07-29 12:00:00,2025-07-29 14:00:00,95.96
Montenegro,MNE,2025-07-29 13:00:00,2025-07-29 15:00:00,93.16
Montenegro,MNE,2025-07-29 14:00:00,2025-07-29 16:00:00,96.47
Montenegro,MNE,2025-07-29 15:00:00,2025-07-29 17:00:00,100.76
Montenegro,MNE,2025-07-29 16:00:00,2025-07-29 18:00:00,128.2
Montenegro,MNE,2025-07-29 17:00:00,2025-07-29 19:00:00,143.85
Montenegro,MNE,2025-07-29 18:00:00,2025-07-29 20:00:00,150.0
Montenegro,MNE,2025-07-29 19:00:00,2025-07-29 21:00:00,126.66
Montenegro,MNE,2025-07-29 20:00:00,2025-07-29 22:00:00,119.07
Montenegro,MNE,2025-07-29 21:00:00,2025-07-29 23:00:00,107.81
Montenegro,MNE,2025-07-29 22:00:00,2025-07-30 00:00:00,113.42
Montenegro,MNE,2025-07-29 23:00:00,2025-07-30 01:00:00,105.1
Montenegro,MNE,2025-07-30 00:00:00,2025-07-30 02:00:00,106.3
Montenegro,MNE,2025-07-30 01:00:00,2025-07-30 03:00:00,96.62
Montenegro,MNE,2025-07-30 02:00:00,2025-07-30 04:00:00,95.94
Montenegro,MNE,2025-07-30 03:00:00,2025-07-30 05:00:00,105.2
Montenegro,MNE,2025-07-30 04:00:00,2025-07-30 06:00:00,111.15
Montenegro,MNE,2025-07-30 05:00:00,2025-07-30 07:00:00,114.89
Montenegro,MNE,2025-07-30 06:00:00,2025-07-30 08:00:00,115.0
Montenegro,MNE,2025-07-30 07:00:00,2025-07-30 09:00:00,105.69
Montenegro,MNE,2025-07-30 08:00:00,2025-07-30 10:00:00,97.53
Montenegro,MNE,2025-07-30 09:00:00,2025-07-30 11:00:00,91.17
Montenegro,MNE,2025-07-30 10:00:00,2025-07-30 12:00:00,83.25
Montenegro,MNE,2025-07-30 11:00:00,2025-07-30 13:00:00,85.24
Montenegro,MNE,2025-07-30 12:00:00,2025-07-30 14:00:00,85.58
Montenegro,MNE,2025-07-30 13:00:00,2025-07-30 15:00:00,91.07
Montenegro,MNE,2025-07-30 14:00:00,2025-07-30 16:00:00,100.04
Montenegro,MNE,2025-07-30 15:00:00,2025-07-30 17:00:00,103.61
Montenegro,MNE,2025-07-30 16:00:00,2025-07-30 18:00:00,147.24
Montenegro,MNE,2025-07-30 17:00:00,2025-07-30 19:00:00,156.81
Montenegro,MNE,2025-07-30 18:00:00,2025-07-30 20:00:00,169.99
Montenegro,MNE,2025-07-30 19:00:00,2025-07-30 21:00:00,150.0
Montenegro,MNE,2025-07-30 20:00:00,2025-07-30 22:00:00,138.04
Montenegro,MNE,2025-07-30 21:00:00,2025-07-30 23:00:00,118.38
Montenegro,MNE,2025-07-30 22:00:00,2025-07-31 00:00:00,115.72
Montenegro,MNE,2025-07-30 23:00:00,2025-07-31 01:00:00,105.86
Montenegro,MNE,2025-07-31 00:00:00,2025-07-31 02:00:00,101.01
Montenegro,MNE,2025-07-31 01:00:00,2025-07-31 03:00:00,103.03
Montenegro,MNE,2025-07-31 02:00:00,2025-07-31 04:00:00,102.7
Montenegro,MNE,2025-07-31 03:00:00,2025-07-31 05:00:00,104.82
Montenegro,MNE,2025-07-31 04:00:00,2025-07-31 06:00:00,117.24
Montenegro,MNE,2025-07-31 05:00:00,2025-07-31 07:00:00,121.23
Montenegro,MNE,2025-07-31 06:00:00,2025-07-31 08:00:00,121.09
Montenegro,MNE,2025-07-31 07:00:00,2025-07-31 09:00:00,103.49
Montenegro,MNE,2025-07-31 08:00:00,2025-07-31 10:00:00,98.19
Montenegro,MNE,2025-07-31 09:00:00,2025-07-31 11:00:00,93.33
Montenegro,MNE,2025-07-31 10:00:00,2025-07-31 12:00:00,81.12
Montenegro,MNE,2025-07-31 11:00:00,2025-07-31 13:00:00,81.87
Montenegro,MNE,2025-07-31 12:00:00,2025-07-31 14:00:00,87.42
Montenegro,MNE,2025-07-31 13:00:00,2025-07-31 15:00:00,93.71
Montenegro,MNE,2025-07-31 14:00:00,2025-07-31 16:00:00,105.01
Montenegro,MNE,2025-07-31 15:00:00,2025-07-31 17:00:00,115.0
Montenegro,MNE,2025-07-31 16:00:00,2025-07-31 18:00:00,133.05
Montenegro,MNE,2025-07-31 17:00:00,2025-07-31 19:00:00,159.07
Montenegro,MNE,2025-07-31 18:00:00,2025-07-31 20:00:00,150.01
Montenegro,MNE,2025-07-31 19:00:00,2025-07-31 21:00:00,137.82
Montenegro,MNE,2025-07-31 20:00:00,2025-07-31 22:00:00,141.2
Montenegro,MNE,2025-07-31 21:00:00,2025-07-31 23:00:00,113.02
Montenegro,MNE,2025-07-31 22:00:00,2025-08-01 00:00:00,118.01
Montenegro,MNE,2025-07-31 23:00:00,2025-08-01 01:00:00,107.6
Montenegro,MNE,2025-08-01 00:00:00,2025-08-01 02:00:00,104.15
Montenegro,MNE,2025-08-01 01:00:00,2025-08-01 03:00:00,99.4
Montenegro,MNE,2025-08-01 02:00:00,2025-08-01 04:00:00,99.7
Montenegro,MNE,2025-08-01 03:00:00,2025-08-01 05:00:00,101.9
Montenegro,MNE,2025-08-01 04:00:00,2025-08-01 06:00:00,113.94
Montenegro,MNE,2025-08-01 05:00:00,2025-08-01 07:00:00,118.04
Montenegro,MNE,2025-08-01 06:00:00,2025-08-01 08:00:00,115.04
Montenegro,MNE,2025-08-01 07:00:00,2025-08-01 09:00:00,110.42
Montenegro,MNE,2025-08-01 08:00:00,2025-08-01 10:00:00,102.09
Montenegro,MNE,2025-08-01 09:00:00,2025-08-01 11:00:00,98.83
Montenegro,MNE,2025-08-01 10:00:00,2025-08-01 12:00:00,81.98
Montenegro,MNE,2025-08-01 11:00:00,2025-08-01 13:00:00,83.04
Montenegro,MNE,2025-08-01 12:00:00,2025-08-01 14:00:00,84.97
Montenegro,MNE,2025-08-01 13:00:00,2025-08-01 15:00:00,94.16
Montenegro,MNE,2025-08-01 14:00:00,2025-08-01 16:00:00,106.0
Montenegro,MNE,2025-08-01 15:00:00,2025-08-01 17:00:00,113.58
Montenegro,MNE,2025-08-01 16:00:00,2025-08-01 18:00:00,129.29
Montenegro,MNE,2025-08-01 17:00:00,2025-08-01 19:00:00,147.12
Montenegro,MNE,2025-08-01 18:00:00,2025-08-01 20:00:00,150.0
Montenegro,MNE,2025-08-01 19:00:00,2025-08-01 21:00:00,149.99
Montenegro,MNE,2025-08-01 20:00:00,2025-08-01 22:00:00,132.42
Montenegro,MNE,2025-08-01 21:00:00,2025-08-01 23:00:00,114.22
Montenegro,MNE,2025-08-01 22:00:00,2025-08-02 00:00:00,115.0
Montenegro,MNE,2025-08-01 23:00:00,2025-08-02 01:00:00,105.09
Montenegro,MNE,2025-08-02 00:00:00,2025-08-02 02:00:00,103.1
Montenegro,MNE,2025-08-02 01:00:00,2025-08-02 03:00:00,97.02
Montenegro,MNE,2025-08-02 02:00:00,2025-08-02 04:00:00,93.82
Montenegro,MNE,2025-08-02 03:00:00,2025-08-02 05:00:00,98.47
Montenegro,MNE,2025-08-02 04:00:00,2025-08-02 06:00:00,104.01
Montenegro,MNE,2025-08-02 05:00:00,2025-08-02 07:00:00,100.08
Montenegro,MNE,2025-08-02 06:00:00,2025-08-02 08:00:00,105.03
Montenegro,MNE,2025-08-02 07:00:00,2025-08-02 09:00:00,100.1
Montenegro,MNE,2025-08-02 08:00:00,2025-08-02 10:00:00,52.1
Montenegro,MNE,2025-08-02 09:00:00,2025-08-02 11:00:00,50.07
Montenegro,MNE,2025-08-02 10:00:00,2025-08-02 12:00:00,43.8
Montenegro,MNE,2025-08-02 11:00:00,2025-08-02 13:00:00,44.35
Montenegro,MNE,2025-08-02 12:00:00,2025-08-02 14:00:00,47.39
Montenegro,MNE,2025-08-02 13:00:00,2025-08-02 15:00:00,40.07
Montenegro,MNE,2025-08-02 14:00:00,2025-08-02 16:00:00,97.56
Montenegro,MNE,2025-08-02 15:00:00,2025-08-02 17:00:00,105.94
Montenegro,MNE,2025-08-02 16:00:00,2025-08-02 18:00:00,102.59
Montenegro,MNE,2025-08-02 17:00:00,2025-08-02 19:00:00,131.11
Montenegro,MNE,2025-08-02 18:00:00,2025-08-02 20:00:00,144.82
Montenegro,MNE,2025-08-02 19:00:00,2025-08-02 21:00:00,145.05
Montenegro,MNE,2025-08-02 20:00:00,2025-08-02 22:00:00,114.75
Montenegro,MNE,2025-08-02 21:00:00,2025-08-02 23:00:00,104.07
Montenegro,MNE,2025-08-02 22:00:00,2025-08-03 00:00:00,111.76
Montenegro,MNE,2025-08-02 23:00:00,2025-08-03 01:00:00,102.19
Montenegro,MNE,2025-08-03 00:00:00,2025-08-03 02:00:00,101.12
Montenegro,MNE,2025-08-03 01:00:00,2025-08-03 03:00:00,94.41
Montenegro,MNE,2025-08-03 02:00:00,2025-08-03 04:00:00,89.35
Montenegro,MNE,2025-08-03 03:00:00,2025-08-03 05:00:00,92.44
Montenegro,MNE,2025-08-03 04:00:00,2025-08-03 06:00:00,101.71
Montenegro,MNE,2025-08-03 05:00:00,2025-08-03 07:00:00,98.89
Montenegro,MNE,2025-08-03 06:00:00,2025-08-03 08:00:00,99.55
Montenegro,MNE,2025-08-03 07:00:00,2025-08-03 09:00:00,0.0
Montenegro,MNE,2025-08-03 08:00:00,2025-08-03 10:00:00,0.0
Montenegro,MNE,2025-08-03 09:00:00,2025-08-03 11:00:00,0.0
Montenegro,MNE,2025-08-03 10:00:00,2025-08-03 12:00:00,0.07
Montenegro,MNE,2025-08-03 11:00:00,2025-08-03 13:00:00,1.11
Montenegro,MNE,2025-08-03 12:00:00,2025-08-03 14:00:00,14.96
Montenegro,MNE,2025-08-03 13:00:00,2025-08-03 15:00:00,3.02
Montenegro,MNE,2025-08-03 14:00:00,2025-08-03 16:00:00,52.64
Montenegro,MNE,2025-08-03 15:00:00,2025-08-03 17:00:00,87.91
Montenegro,MNE,2025-08-03 16:00:00,2025-08-03 18:00:00,103.01
Montenegro,MNE,2025-08-03 17:00:00,2025-08-03 19:00:00,123.86
Montenegro,MNE,2025-08-03 18:00:00,2025-08-03 20:00:00,139.64
Montenegro,MNE,2025-08-03 19:00:00,2025-08-03 21:00:00,127.75
Montenegro,MNE,2025-08-03 20:00:00,2025-08-03 22:00:00,121.88
Montenegro,MNE,2025-08-03 21:00:00,2025-08-03 23:00:00,119.83
Montenegro,MNE,2025-08-03 22:00:00,2025-08-04 00:00:00,103.99
Montenegro,MNE,2025-08-03 23:00:00,2025-08-04 01:00:00,99.56
Montenegro,MNE,2025-08-04 00:00:00,2025-08-04 02:00:00,94.01
Montenegro,MNE,2025-08-04 01:00:00,2025-08-04 03:00:00,89.02
Montenegro,MNE,2025-08-04 02:00:00,2025-08-04 04:00:00,89.01
Montenegro,MNE,2025-08-04 03:00:00,2025-08-04 05:00:00,92.08
Montenegro,MNE,2025-08-04 04:00:00,2025-08-04 06:00:00,103.03
Montenegro,MNE,2025-08-04 05:00:00,2025-08-04 07:00:00,122.9
Montenegro,MNE,2025-08-04 06:00:00,2025-08-04 08:00:00,108.01
Montenegro,MNE,2025-08-04 07:00:00,2025-08-04 09:00:00,114.04
Montenegro,MNE,2025-08-04 08:00:00,2025-08-04 10:00:00,87.01
Montenegro,MNE,2025-08-04 09:00:00,2025-08-04 11:00:00,93.51
Montenegro,MNE,2025-08-04 10:00:00,2025-08-04 12:00:00,83.46
Montenegro,MNE,2025-08-04 11:00:00,2025-08-04 13:00:00,73.8
Montenegro,MNE,2025-08-04 12:00:00,2025-08-04 14:00:00,79.54
Montenegro,MNE,2025-08-04 13:00:00,2025-08-04 15:00:00,92.43
Montenegro,MNE,2025-08-04 14:00:00,2025-08-04 16:00:00,111.32
Montenegro,MNE,2025-08-04 15:00:00,2025-08-04 17:00:00,90.07
Montenegro,MNE,2025-08-04 16:00:00,2025-08-04 18:00:00,109.56
Montenegro,MNE,2025-08-04 17:00:00,2025-08-04 19:00:00,129.28
Montenegro,MNE,2025-08-04 18:00:00,2025-08-04 20:00:00,141.73
Montenegro,MNE,2025-08-04 19:00:00,2025-08-04 21:00:00,134.18
Montenegro,MNE,2025-08-04 20:00:00,2025-08-04 22:00:00,119.83
Montenegro,MNE,2025-08-04 21:00:00,2025-08-04 23:00:00,115.01
Montenegro,MNE,2025-08-04 22:00:00,2025-08-05 00:00:00,112.09
Montenegro,MNE,2025-08-04 23:00:00,2025-08-05 01:00:00,103.7
Montenegro,MNE,2025-08-05 00:00:00,2025-08-05 02:00:00,101.02
Montenegro,MNE,2025-08-05 01:00:00,2025-08-05 03:00:00,97.9
Montenegro,MNE,2025-08-05 02:00:00,2025-08-05 04:00:00,95.82
Montenegro,MNE,2025-08-05 03:00:00,2025-08-05 05:00:00,96.08
Montenegro,MNE,2025-08-05 04:00:00,2025-08-05 06:00:00,106.04
Montenegro,MNE,2025-08-05 05:00:00,2025-08-05 07:00:00,130.05
Montenegro,MNE,2025-08-05 06:00:00,2025-08-05 08:00:00,134.99
Montenegro,MNE,2025-08-05 07:00:00,2025-08-05 09:00:00,121.82
Montenegro,MNE,2025-08-05 08:00:00,2025-08-05 10:00:00,9.98
Montenegro,MNE,2025-08-05 09:00:00,2025-08-05 11:00:00,33.7
Montenegro,MNE,2025-08-05 10:00:00,2025-08-05 12:00:00,9.99
Montenegro,MNE,2025-08-05 11:00:00,2025-08-05 13:00:00,10.0
Montenegro,MNE,2025-08-05 12:00:00,2025-08-05 14:00:00,9.95
Montenegro,MNE,2025-08-05 13:00:00,2025-08-05 15:00:00,30.0
Montenegro,MNE,2025-08-05 14:00:00,2025-08-05 16:00:00,104.48
Montenegro,MNE,2025-08-05 15:00:00,2025-08-05 17:00:00,106.17
Montenegro,MNE,2025-08-05 16:00:00,2025-08-05 18:00:00,110.01
Montenegro,MNE,2025-08-05 17:00:00,2025-08-05 19:00:00,125.01
Montenegro,MNE,2025-08-05 18:00:00,2025-08-05 20:00:00,147.29
Montenegro,MNE,2025-08-05 19:00:00,2025-08-05 21:00:00,135.5
Montenegro,MNE,2025-08-05 20:00:00,2025-08-05 22:00:00,125.02
Montenegro,MNE,2025-08-05 21:00:00,2025-08-05 23:00:00,115.01
Montenegro,MNE,2025-08-05 22:00:00,2025-08-06 00:00:00,115.0
Montenegro,MNE,2025-08-05 23:00:00,2025-08-06 01:00:00,106.07
Montenegro,MNE,2025-08-06 00:00:00,2025-08-06 02:00:00,100.02
Montenegro,MNE,2025-08-06 01:00:00,2025-08-06 03:00:00,97.2
Montenegro,MNE,2025-08-06 02:00:00,2025-08-06 04:00:00,97.2
Montenegro,MNE,2025-08-06 03:00:00,2025-08-06 05:00:00,97.1
Montenegro,MNE,2025-08-06 04:00:00,2025-08-06 06:00:00,103.83
Montenegro,MNE,2025-08-06 05:00:00,2025-08-06 07:00:00,108.05
Montenegro,MNE,2025-08-06 06:00:00,2025-08-06 08:00:00,109.99
Montenegro,MNE,2025-08-06 07:00:00,2025-08-06 09:00:00,115.01
Montenegro,MNE,2025-08-06 08:00:00,2025-08-06 10:00:00,111.01
Montenegro,MNE,2025-08-06 09:00:00,2025-08-06 11:00:00,103.03
Montenegro,MNE,2025-08-06 10:00:00,2025-08-06 12:00:00,88.26
Montenegro,MNE,2025-08-06 11:00:00,2025-08-06 13:00:00,81.24
Montenegro,MNE,2025-08-06 12:00:00,2025-08-06 14:00:00,86.08
Montenegro,MNE,2025-08-06 13:00:00,2025-08-06 15:00:00,101.86
Montenegro,MNE,2025-08-06 14:00:00,2025-08-06 16:00:00,107.98
Montenegro,MNE,2025-08-06 15:00:00,2025-08-06 17:00:00,111.0
Montenegro,MNE,2025-08-06 16:00:00,2025-08-06 18:00:00,129.04
Montenegro,MNE,2025-08-06 17:00:00,2025-08-06 19:00:00,150.0
Montenegro,MNE,2025-08-06 18:00:00,2025-08-06 20:00:00,159.99
Montenegro,MNE,2025-08-06 19:00:00,2025-08-06 21:00:00,144.01
Montenegro,MNE,2025-08-06 20:00:00,2025-08-06 22:00:00,129.08
Montenegro,MNE,2025-08-06 21:00:00,2025-08-06 23:00:00,119.13
Montenegro,MNE,2025-08-06 22:00:00,2025-08-07 00:00:00,117.01
Montenegro,MNE,2025-08-06 23:00:00,2025-08-07 01:00:00,105.63
Montenegro,MNE,2025-08-07 00:00:00,2025-08-07 02:00:00,105.38
Montenegro,MNE,2025-08-07 01:00:00,2025-08-07 03:00:00,100.0
Montenegro,MNE,2025-08-07 02:00:00,2025-08-07 04:00:00,100.0
Montenegro,MNE,2025-08-07 03:00:00,2025-08-07 05:00:00,101.5
Montenegro,MNE,2025-08-07 04:00:00,2025-08-07 06:00:00,113.02
Montenegro,MNE,2025-08-07 05:00:00,2025-08-07 07:00:00,122.95
Montenegro,MNE,2025-08-07 06:00:00,2025-08-07 08:00:00,115.01
Montenegro,MNE,2025-08-07 07:00:00,2025-08-07 09:00:00,115.01
Montenegro,MNE,2025-08-07 08:00:00,2025-08-07 10:00:00,75.07
Montenegro,MNE,2025-08-07 09:00:00,2025-08-07 11:00:00,68.06
Montenegro,MNE,2025-08-07 10:00:00,2025-08-07 12:00:00,85.99
Montenegro,MNE,2025-08-07 11:00:00,2025-08-07 13:00:00,80.26
Montenegro,MNE,2025-08-07 12:00:00,2025-08-07 14:00:00,82.34
Montenegro,MNE,2025-08-07 13:00:00,2025-08-07 15:00:00,101.75
Montenegro,MNE,2025-08-07 14:00:00,2025-08-07 16:00:00,109.21
Montenegro,MNE,2025-08-07 15:00:00,2025-08-07 17:00:00,115.01
Montenegro,MNE,2025-08-07 16:00:00,2025-08-07 18:00:00,125.09
Montenegro,MNE,2025-08-07 17:00:00,2025-08-07 19:00:00,139.24
Montenegro,MNE,2025-08-07 18:00:00,2025-08-07 20:00:00,154.01
Montenegro,MNE,2025-08-07 19:00:00,2025-08-07 21:00:00,140.0
Montenegro,MNE,2025-08-07 20:00:00,2025-08-07 22:00:00,129.02
Montenegro,MNE,2025-08-07 21:00:00,2025-08-07 23:00:00,124.51
Montenegro,MNE,2025-08-07 22:00:00,2025-08-08 00:00:00,117.7
Montenegro,MNE,2025-08-07 23:00:00,2025-08-08 01:00:00,113.9
Montenegro,MNE,2025-08-08 00:00:00,2025-08-08 02:00:00,111.64
Montenegro,MNE,2025-08-08 01:00:00,2025-08-08 03:00:00,107.1
Montenegro,MNE,2025-08-08 02:00:00,2025-08-08 04:00:00,101.06
Montenegro,MNE,2025-08-08 03:00:00,2025-08-08 05:00:00,106.23
Montenegro,MNE,2025-08-08 04:00:00,2025-08-08 06:00:00,117.77
Montenegro,MNE,2025-08-08 05:00:00,2025-08-08 07:00:00,120.01
Montenegro,MNE,2025-08-08 06:00:00,2025-08-08 08:00:00,117.17
Montenegro,MNE,2025-08-08 07:00:00,2025-08-08 09:00:00,115.0
Montenegro,MNE,2025-08-08 08:00:00,2025-08-08 10:00:00,103.79
Montenegro,MNE,2025-08-08 09:00:00,2025-08-08 11:00:00,97.3
Montenegro,MNE,2025-08-08 10:00:00,2025-08-08 12:00:00,95.03
Montenegro,MNE,2025-08-08 11:00:00,2025-08-08 13:00:00,95.04
Montenegro,MNE,2025-08-08 12:00:00,2025-08-08 14:00:00,95.04
Montenegro,MNE,2025-08-08 13:00:00,2025-08-08 15:00:00,100.08
Montenegro,MNE,2025-08-08 14:00:00,2025-08-08 16:00:00,107.0
Montenegro,MNE,2025-08-08 15:00:00,2025-08-08 17:00:00,109.65
Montenegro,MNE,2025-08-08 16:00:00,2025-08-08 18:00:00,121.01
Montenegro,MNE,2025-08-08 17:00:00,2025-08-08 19:00:00,149.41
Montenegro,MNE,2025-08-08 18:00:00,2025-08-08 20:00:00,169.25
Montenegro,MNE,2025-08-08 19:00:00,2025-08-08 21:00:00,151.12
Montenegro,MNE,2025-08-08 20:00:00,2025-08-08 22:00:00,133.02
Montenegro,MNE,2025-08-08 21:00:00,2025-08-08 23:00:00,133.2
Montenegro,MNE,2025-08-08 22:00:00,2025-08-09 00:00:00,121.1
Montenegro,MNE,2025-08-08 23:00:00,2025-08-09 01:00:00,119.4
Montenegro,MNE,2025-08-09 00:00:00,2025-08-09 02:00:00,115.0
Montenegro,MNE,2025-08-09 01:00:00,2025-08-09 03:00:00,114.02
Montenegro,MNE,2025-08-09 02:00:00,2025-08-09 04:00:00,109.7
Montenegro,MNE,2025-08-09 03:00:00,2025-08-09 05:00:00,109.2
Montenegro,MNE,2025-08-09 04:00:00,2025-08-09 06:00:00,117.54
Montenegro,MNE,2025-08-09 05:00:00,2025-08-09 07:00:00,115.01
Montenegro,MNE,2025-08-09 06:00:00,2025-08-09 08:00:00,115.71
Montenegro,MNE,2025-08-09 07:00:00,2025-08-09 09:00:00,107.5
Montenegro,MNE,2025-08-09 08:00:00,2025-08-09 10:00:00,83.31
Montenegro,MNE,2025-08-09 09:00:00,2025-08-09 11:00:00,83.06
Montenegro,MNE,2025-08-09 10:00:00,2025-08-09 12:00:00,79.2
Montenegro,MNE,2025-08-09 11:00:00,2025-08-09 13:00:00,78.41
Montenegro,MNE,2025-08-09 12:00:00,2025-08-09 14:00:00,80.02
Montenegro,MNE,2025-08-09 13:00:00,2025-08-09 15:00:00,83.08
Montenegro,MNE,2025-08-09 14:00:00,2025-08-09 16:00:00,94.04
Montenegro,MNE,2025-08-09 15:00:00,2025-08-09 17:00:00,114.99
Montenegro,MNE,2025-08-09 16:00:00,2025-08-09 18:00:00,125.52
Montenegro,MNE,2025-08-09 17:00:00,2025-08-09 19:00:00,139.99
Montenegro,MNE,2025-08-09 18:00:00,2025-08-09 20:00:00,149.2
Montenegro,MNE,2025-08-09 19:00:00,2025-08-09 21:00:00,137.91
Montenegro,MNE,2025-08-09 20:00:00,2025-08-09 22:00:00,126.01
Montenegro,MNE,2025-08-09 21:00:00,2025-08-09 23:00:00,123.07
Montenegro,MNE,2025-08-09 22:00:00,2025-08-10 00:00:00,116.14
Montenegro,MNE,2025-08-09 23:00:00,2025-08-10 01:00:00,115.01
Montenegro,MNE,2025-08-10 00:00:00,2025-08-10 02:00:00,113.55
Montenegro,MNE,2025-08-10 01:00:00,2025-08-10 03:00:00,107.25
Montenegro,MNE,2025-08-10 02:00:00,2025-08-10 04:00:00,104.27
Montenegro,MNE,2025-08-10 03:00:00,2025-08-10 05:00:00,105.16
Montenegro,MNE,2025-08-10 04:00:00,2025-08-10 06:00:00,108.34
Montenegro,MNE,2025-08-10 05:00:00,2025-08-10 07:00:00,99.55
Montenegro,MNE,2025-08-10 06:00:00,2025-08-10 08:00:00,95.23
Montenegro,MNE,2025-08-10 07:00:00,2025-08-10 09:00:00,93.01
Montenegro,MNE,2025-08-10 08:00:00,2025-08-10 10:00:00,70.55
Montenegro,MNE,2025-08-10 09:00:00,2025-08-10 11:00:00,50.79
Montenegro,MNE,2025-08-10 10:00:00,2025-08-10 12:00:00,57.43
Montenegro,MNE,2025-08-10 11:00:00,2025-08-10 13:00:00,67.47
Montenegro,MNE,2025-08-10 12:00:00,2025-08-10 14:00:00,85.02
Montenegro,MNE,2025-08-10 13:00:00,2025-08-10 15:00:00,85.03
Montenegro,MNE,2025-08-10 14:00:00,2025-08-10 16:00:00,81.19
Montenegro,MNE,2025-08-10 15:00:00,2025-08-10 17:00:00,108.23
Montenegro,MNE,2025-08-10 16:00:00,2025-08-10 18:00:00,115.4
Montenegro,MNE,2025-08-10 17:00:00,2025-08-10 19:00:00,134.92
Montenegro,MNE,2025-08-10 18:00:00,2025-08-10 20:00:00,148.42
Montenegro,MNE,2025-08-10 19:00:00,2025-08-10 21:00:00,139.15
Montenegro,MNE,2025-08-10 20:00:00,2025-08-10 22:00:00,129.32
Montenegro,MNE,2025-08-10 21:00:00,2025-08-10 23:00:00,121.72
Montenegro,MNE,2025-08-10 22:00:00,2025-08-11 00:00:00,115.39
Montenegro,MNE,2025-08-10 23:00:00,2025-08-11 01:00:00,114.99
Montenegro,MNE,2025-08-11 00:00:00,2025-08-11 02:00:00,114.99
Montenegro,MNE,2025-08-11 01:00:00,2025-08-11 03:00:00,110.66
Montenegro,MNE,2025-08-11 02:00:00,2025-08-11 04:00:00,109.02
Montenegro,MNE,2025-08-11 03:00:00,2025-08-11 05:00:00,106.07
Montenegro,MNE,2025-08-11 04:00:00,2025-08-11 06:00:00,115.27
Montenegro,MNE,2025-08-11 05:00:00,2025-08-11 07:00:00,115.01
Montenegro,MNE,2025-08-11 06:00:00,2025-08-11 08:00:00,107.97
Montenegro,MNE,2025-08-11 07:00:00,2025-08-11 09:00:00,111.23
Montenegro,MNE,2025-08-11 08:00:00,2025-08-11 10:00:00,107.12
Montenegro,MNE,2025-08-11 09:00:00,2025-08-11 11:00:00,98.06
Montenegro,MNE,2025-08-11 10:00:00,2025-08-11 12:00:00,95.84
Montenegro,MNE,2025-08-11 11:00:00,2025-08-11 13:00:00,101.6
Montenegro,MNE,2025-08-11 12:00:00,2025-08-11 14:00:00,113.04
Montenegro,MNE,2025-08-11 13:00:00,2025-08-11 15:00:00,115.0
Montenegro,MNE,2025-08-11 14:00:00,2025-08-11 16:00:00,115.01
Montenegro,MNE,2025-08-11 15:00:00,2025-08-11 17:00:00,119.04
Montenegro,MNE,2025-08-11 16:00:00,2025-08-11 18:00:00,127.95
Montenegro,MNE,2025-08-11 17:00:00,2025-08-11 19:00:00,151.5
Montenegro,MNE,2025-08-11 18:00:00,2025-08-11 20:00:00,183.33
Montenegro,MNE,2025-08-11 19:00:00,2025-08-11 21:00:00,155.96
Montenegro,MNE,2025-08-11 20:00:00,2025-08-11 22:00:00,133.55
Montenegro,MNE,2025-08-11 21:00:00,2025-08-11 23:00:00,126.0
Montenegro,MNE,2025-08-11 22:00:00,2025-08-12 00:00:00,117.1
Montenegro,MNE,2025-08-11 23:00:00,2025-08-12 01:00:00,108.99
Montenegro,MNE,2025-08-12 00:00:00,2025-08-12 02:00:00,107.29
Montenegro,MNE,2025-08-12 01:00:00,2025-08-12 03:00:00,106.18
Montenegro,MNE,2025-08-12 02:00:00,2025-08-12 04:00:00,105.87
Montenegro,MNE,2025-08-12 03:00:00,2025-08-12 05:00:00,112.12
Montenegro,MNE,2025-08-12 04:00:00,2025-08-12 06:00:00,127.08
Montenegro,MNE,2025-08-12 05:00:00,2025-08-12 07:00:00,119.35
Montenegro,MNE,2025-08-12 06:00:00,2025-08-12 08:00:00,116.5
Montenegro,MNE,2025-08-12 07:00:00,2025-08-12 09:00:00,115.01
Montenegro,MNE,2025-08-12 08:00:00,2025-08-12 10:00:00,111.09
Montenegro,MNE,2025-08-12 09:00:00,2025-08-12 11:00:00,99.59
Montenegro,MNE,2025-08-12 10:00:00,2025-08-12 12:00:00,107.06
Montenegro,MNE,2025-08-12 11:00:00,2025-08-12 13:00:00,115.0
Montenegro,MNE,2025-08-12 12:00:00,2025-08-12 14:00:00,115.0
Montenegro,MNE,2025-08-12 13:00:00,2025-08-12 15:00:00,115.01
Montenegro,MNE,2025-08-12 14:00:00,2025-08-12 16:00:00,118.03
Montenegro,MNE,2025-08-12 15:00:00,2025-08-12 17:00:00,129.13
Montenegro,MNE,2025-08-12 16:00:00,2025-08-12 18:00:00,154.21
Montenegro,MNE,2025-08-12 17:00:00,2025-08-12 19:00:00,195.0
Montenegro,MNE,2025-08-12 18:00:00,2025-08-12 20:00:00,235.0
Montenegro,MNE,2025-08-12 19:00:00,2025-08-12 21:00:00,155.98
Montenegro,MNE,2025-08-12 20:00:00,2025-08-12 22:00:00,131.09
Montenegro,MNE,2025-08-12 21:00:00,2025-08-12 23:00:00,120.15
Montenegro,MNE,2025-08-12 22:00:00,2025-08-13 00:00:00,117.77
Montenegro,MNE,2025-08-12 23:00:00,2025-08-13 01:00:00,115.01
Montenegro,MNE,2025-08-13 00:00:00,2025-08-13 02:00:00,110.98
Montenegro,MNE,2025-08-13 01:00:00,2025-08-13 03:00:00,115.01
Montenegro,MNE,2025-08-13 02:00:00,2025-08-13 04:00:00,115.0
Montenegro,MNE,2025-08-13 03:00:00,2025-08-13 05:00:00,115.0
Montenegro,MNE,2025-08-13 04:00:00,2025-08-13 06:00:00,117.08
Montenegro,MNE,2025-08-13 05:00:00,2025-08-13 07:00:00,114.88
Montenegro,MNE,2025-08-13 06:00:00,2025-08-13 08:00:00,113.51
Montenegro,MNE,2025-08-13 07:00:00,2025-08-13 09:00:00,115.0
Montenegro,MNE,2025-08-13 08:00:00,2025-08-13 10:00:00,99.49
Montenegro,MNE,2025-08-13 09:00:00,2025-08-13 11:00:00,96.97
Montenegro,MNE,2025-08-13 10:00:00,2025-08-13 12:00:00,95.59
Montenegro,MNE,2025-08-13 11:00:00,2025-08-13 13:00:00,96.19
Montenegro,MNE,2025-08-13 12:00:00,2025-08-13 14:00:00,107.77
Montenegro,MNE,2025-08-13 13:00:00,2025-08-13 15:00:00,111.52
Montenegro,MNE,2025-08-13 14:00:00,2025-08-13 16:00:00,115.01
Montenegro,MNE,2025-08-13 15:00:00,2025-08-13 17:00:00,115.76
Montenegro,MNE,2025-08-13 16:00:00,2025-08-13 18:00:00,135.91
Montenegro,MNE,2025-08-13 17:00:00,2025-08-13 19:00:00,215.48
Montenegro,MNE,2025-08-13 18:00:00,2025-08-13 20:00:00,263.85
Montenegro,MNE,2025-08-13 19:00:00,2025-08-13 21:00:00,143.04
Montenegro,MNE,2025-08-13 20:00:00,2025-08-13 22:00:00,126.45
Montenegro,MNE,2025-08-13 21:00:00,2025-08-13 23:00:00,124.72
Montenegro,MNE,2025-08-13 22:00:00,2025-08-14 00:00:00,119.99
Montenegro,MNE,2025-08-13 23:00:00,2025-08-14 01:00:00,111.93
Montenegro,MNE,2025-08-14 00:00:00,2025-08-14 02:00:00,107.81
Montenegro,MNE,2025-08-14 01:00:00,2025-08-14 03:00:00,107.67
Montenegro,MNE,2025-08-14 02:00:00,2025-08-14 04:00:00,107.79
Montenegro,MNE,2025-08-14 03:00:00,2025-08-14 05:00:00,107.38
Montenegro,MNE,2025-08-14 04:00:00,2025-08-14 06:00:00,116.63
Montenegro,MNE,2025-08-14 05:00:00,2025-08-14 07:00:00,117.97
Montenegro,MNE,2025-08-14 06:00:00,2025-08-14 08:00:00,115.01
Montenegro,MNE,2025-08-14 07:00:00,2025-08-14 09:00:00,115.01
Montenegro,MNE,2025-08-14 08:00:00,2025-08-14 10:00:00,110.01
Montenegro,MNE,2025-08-14 09:00:00,2025-08-14 11:00:00,110.0
Montenegro,MNE,2025-08-14 10:00:00,2025-08-14 12:00:00,110.01
Montenegro,MNE,2025-08-14 11:00:00,2025-08-14 13:00:00,111.33
Montenegro,MNE,2025-08-14 12:00:00,2025-08-14 14:00:00,112.38
Montenegro,MNE,2025-08-14 13:00:00,2025-08-14 15:00:00,115.0
Montenegro,MNE,2025-08-14 14:00:00,2025-08-14 16:00:00,116.22
Montenegro,MNE,2025-08-14 15:00:00,2025-08-14 17:00:00,119.73
Montenegro,MNE,2025-08-14 16:00:00,2025-08-14 18:00:00,140.01
Montenegro,MNE,2025-08-14 17:00:00,2025-08-14 19:00:00,225.0
Montenegro,MNE,2025-08-14 18:00:00,2025-08-14 20:00:00,251.36
Montenegro,MNE,2025-08-14 19:00:00,2025-08-14 21:00:00,154.05
Montenegro,MNE,2025-08-14 20:00:00,2025-08-14 22:00:00,129.0
Montenegro,MNE,2025-08-14 21:00:00,2025-08-14 23:00:00,118.05
Montenegro,MNE,2025-08-14 22:00:00,2025-08-15 00:00:00,116.4
Montenegro,MNE,2025-08-14 23:00:00,2025-08-15 01:00:00,115.0
Montenegro,MNE,2025-08-15 00:00:00,2025-08-15 02:00:00,115.01
Montenegro,MNE,2025-08-15 01:00:00,2025-08-15 03:00:00,107.49
Montenegro,MNE,2025-08-15 02:00:00,2025-08-15 04:00:00,107.49
Montenegro,MNE,2025-08-15 03:00:00,2025-08-15 05:00:00,107.67
Montenegro,MNE,2025-08-15 04:00:00,2025-08-15 06:00:00,115.0
Montenegro,MNE,2025-08-15 05:00:00,2025-08-15 07:00:00,113.1
Montenegro,MNE,2025-08-15 06:00:00,2025-08-15 08:00:00,109.39
Montenegro,MNE,2025-08-15 07:00:00,2025-08-15 09:00:00,105.03
Montenegro,MNE,2025-08-15 08:00:00,2025-08-15 10:00:00,104.18
Montenegro,MNE,2025-08-15 09:00:00,2025-08-15 11:00:00,97.92
Montenegro,MNE,2025-08-15 10:00:00,2025-08-15 12:00:00,99.01
Montenegro,MNE,2025-08-15 11:00:00,2025-08-15 13:00:00,100.97
Montenegro,MNE,2025-08-15 12:00:00,2025-08-15 14:00:00,102.09
Montenegro,MNE,2025-08-15 13:00:00,2025-08-15 15:00:00,104.18
Montenegro,MNE,2025-08-15 14:00:00,2025-08-15 16:00:00,113.16
Montenegro,MNE,2025-08-15 15:00:00,2025-08-15 17:00:00,112.84
Montenegro,MNE,2025-08-15 16:00:00,2025-08-15 18:00:00,129.08
Montenegro,MNE,2025-08-15 17:00:00,2025-08-15 19:00:00,170.0
Montenegro,MNE,2025-08-15 18:00:00,2025-08-15 20:00:00,185.61
Montenegro,MNE,2025-08-15 19:00:00,2025-08-15 21:00:00,137.01
Montenegro,MNE,2025-08-15 20:00:00,2025-08-15 22:00:00,121.61
Montenegro,MNE,2025-08-15 21:00:00,2025-08-15 23:00:00,115.5
Montenegro,MNE,2025-08-15 22:00:00,2025-08-16 00:00:00,112.07
Montenegro,MNE,2025-08-15 23:00:00,2025-08-16 01:00:00,110.01
Montenegro,MNE,2025-08-16 00:00:00,2025-08-16 02:00:00,110.4
Montenegro,MNE,2025-08-16 01:00:00,2025-08-16 03:00:00,108.85
Montenegro,MNE,2025-08-16 02:00:00,2025-08-16 04:00:00,107.0
Montenegro,MNE,2025-08-16 03:00:00,2025-08-16 05:00:00,107.6
Montenegro,MNE,2025-08-16 04:00:00,2025-08-16 06:00:00,113.25
Montenegro,MNE,2025-08-16 05:00:00,2025-08-16 07:00:00,111.87
Montenegro,MNE,2025-08-16 06:00:00,2025-08-16 08:00:00,110.01
Montenegro,MNE,2025-08-16 07:00:00,2025-08-16 09:00:00,107.5
Montenegro,MNE,2025-08-16 08:00:00,2025-08-16 10:00:00,96.01
Montenegro,MNE,2025-08-16 09:00:00,2025-08-16 11:00:00,88.96
Montenegro,MNE,2025-08-16 10:00:00,2025-08-16 12:00:00,88.92
Montenegro,MNE,2025-08-16 11:00:00,2025-08-16 13:00:00,88.93
Montenegro,MNE,2025-08-16 12:00:00,2025-08-16 14:00:00,88.91
Montenegro,MNE,2025-08-16 13:00:00,2025-08-16 15:00:00,88.97
Montenegro,MNE,2025-08-16 14:00:00,2025-08-16 16:00:00,110.0
Montenegro,MNE,2025-08-16 15:00:00,2025-08-16 17:00:00,115.54
Montenegro,MNE,2025-08-16 16:00:00,2025-08-16 18:00:00,133.08
Montenegro,MNE,2025-08-16 17:00:00,2025-08-16 19:00:00,137.9
Montenegro,MNE,2025-08-16 18:00:00,2025-08-16 20:00:00,138.05
Montenegro,MNE,2025-08-16 19:00:00,2025-08-16 21:00:00,126.07
Montenegro,MNE,2025-08-16 20:00:00,2025-08-16 22:00:00,123.29
Montenegro,MNE,2025-08-16 21:00:00,2025-08-16 23:00:00,120.0
Montenegro,MNE,2025-08-16 22:00:00,2025-08-17 00:00:00,115.0
Montenegro,MNE,2025-08-16 23:00:00,2025-08-17 01:00:00,111.82
Montenegro,MNE,2025-08-17 00:00:00,2025-08-17 02:00:00,111.5
Montenegro,MNE,2025-08-17 01:00:00,2025-08-17 03:00:00,106.5
Montenegro,MNE,2025-08-17 02:00:00,2025-08-17 04:00:00,105.5
Montenegro,MNE,2025-08-17 03:00:00,2025-08-17 05:00:00,107.3
Montenegro,MNE,2025-08-17 04:00:00,2025-08-17 06:00:00,105.37
Montenegro,MNE,2025-08-17 05:00:00,2025-08-17 07:00:00,106.02
Montenegro,MNE,2025-08-17 06:00:00,2025-08-17 08:00:00,110.08
Montenegro,MNE,2025-08-17 07:00:00,2025-08-17 09:00:00,102.23
Montenegro,MNE,2025-08-17 08:00:00,2025-08-17 10:00:00,81.67
Montenegro,MNE,2025-08-17 09:00:00,2025-08-17 11:00:00,79.6
Montenegro,MNE,2025-08-17 10:00:00,2025-08-17 12:00:00,83.97
Montenegro,MNE,2025-08-17 11:00:00,2025-08-17 13:00:00,85.43
Montenegro,MNE,2025-08-17 12:00:00,2025-08-17 14:00:00,79.87
Montenegro,MNE,2025-08-17 13:00:00,2025-08-17 15:00:00,100.02
Montenegro,MNE,2025-08-17 14:00:00,2025-08-17 16:00:00,111.48
Montenegro,MNE,2025-08-17 15:00:00,2025-08-17 17:00:00,117.04
Montenegro,MNE,2025-08-17 16:00:00,2025-08-17 18:00:00,121.41
Montenegro,MNE,2025-08-17 17:00:00,2025-08-17 19:00:00,139.99
Montenegro,MNE,2025-08-17 18:00:00,2025-08-17 20:00:00,140.0
Montenegro,MNE,2025-08-17 19:00:00,2025-08-17 21:00:00,131.06
Montenegro,MNE,2025-08-17 20:00:00,2025-08-17 22:00:00,123.4
Montenegro,MNE,2025-08-17 21:00:00,2025-08-17 23:00:00,115.13
Montenegro,MNE,2025-08-17 22:00:00,2025-08-18 00:00:00,115.01
Montenegro,MNE,2025-08-17 23:00:00,2025-08-18 01:00:00,115.0
Montenegro,MNE,2025-08-18 00:00:00,2025-08-18 02:00:00,113.01
Montenegro,MNE,2025-08-18 01:00:00,2025-08-18 03:00:00,111.73
Montenegro,MNE,2025-08-18 02:00:00,2025-08-18 04:00:00,111.2
Montenegro,MNE,2025-08-18 03:00:00,2025-08-18 05:00:00,111.18
Montenegro,MNE,2025-08-18 04:00:00,2025-08-18 06:00:00,119.08
Montenegro,MNE,2025-08-18 05:00:00,2025-08-18 07:00:00,123.07
Montenegro,MNE,2025-08-18 06:00:00,2025-08-18 08:00:00,116.1
Montenegro,MNE,2025-08-18 07:00:00,2025-08-18 09:00:00,115.83
Montenegro,MNE,2025-08-18 08:00:00,2025-08-18 10:00:00,115.0
Montenegro,MNE,2025-08-18 09:00:00,2025-08-18 11:00:00,112.06
Montenegro,MNE,2025-08-18 10:00:00,2025-08-18 12:00:00,111.41
Montenegro,MNE,2025-08-18 11:00:00,2025-08-18 13:00:00,109.08
Montenegro,MNE,2025-08-18 12:00:00,2025-08-18 14:00:00,111.34
Montenegro,MNE,2025-08-18 13:00:00,2025-08-18 15:00:00,115.0
Montenegro,MNE,2025-08-18 14:00:00,2025-08-18 16:00:00,115.01
Montenegro,MNE,2025-08-18 15:00:00,2025-08-18 17:00:00,127.4
Montenegro,MNE,2025-08-18 16:00:00,2025-08-18 18:00:00,139.5
Montenegro,MNE,2025-08-18 17:00:00,2025-08-18 19:00:00,179.46
Montenegro,MNE,2025-08-18 18:00:00,2025-08-18 20:00:00,207.45
Montenegro,MNE,2025-08-18 19:00:00,2025-08-18 21:00:00,143.88
Montenegro,MNE,2025-08-18 20:00:00,2025-08-18 22:00:00,131.72
Montenegro,MNE,2025-08-18 21:00:00,2025-08-18 23:00:00,115.89
Montenegro,MNE,2025-08-18 22:00:00,2025-08-19 00:00:00,115.96
Montenegro,MNE,2025-08-18 23:00:00,2025-08-19 01:00:00,107.07
Montenegro,MNE,2025-08-19 00:00:00,2025-08-19 02:00:00,105.05
Montenegro,MNE,2025-08-19 01:00:00,2025-08-19 03:00:00,103.18
Montenegro,MNE,2025-08-19 02:00:00,2025-08-19 04:00:00,103.96
Montenegro,MNE,2025-08-19 03:00:00,2025-08-19 05:00:00,107.08
Montenegro,MNE,2025-08-19 04:00:00,2025-08-19 06:00:00,115.46
Montenegro,MNE,2025-08-19 05:00:00,2025-08-19 07:00:00,115.83
Montenegro,MNE,2025-08-19 06:00:00,2025-08-19 08:00:00,106.04
Montenegro,MNE,2025-08-19 07:00:00,2025-08-19 09:00:00,109.82
Montenegro,MNE,2025-08-19 08:00:00,2025-08-19 10:00:00,103.97
Montenegro,MNE,2025-08-19 09:00:00,2025-08-19 11:00:00,105.18
Montenegro,MNE,2025-08-19 10:00:00,2025-08-19 12:00:00,101.4
Montenegro,MNE,2025-08-19 11:00:00,2025-08-19 13:00:00,101.34
Montenegro,MNE,2025-08-19 12:00:00,2025-08-19 14:00:00,105.08
Montenegro,MNE,2025-08-19 13:00:00,2025-08-19 15:00:00,105.04
Montenegro,MNE,2025-08-19 14:00:00,2025-08-19 16:00:00,110.63
Montenegro,MNE,2025-08-19 15:00:00,2025-08-19 17:00:00,107.77
Montenegro,MNE,2025-08-19 16:00:00,2025-08-19 18:00:00,125.09
Montenegro,MNE,2025-08-19 17:00:00,2025-08-19 19:00:00,167.99
Montenegro,MNE,2025-08-19 18:00:00,2025-08-19 20:00:00,175.03
Montenegro,MNE,2025-08-19 19:00:00,2025-08-19 21:00:00,137.07
Montenegro,MNE,2025-08-19 20:00:00,2025-08-19 22:00:00,112.07
Montenegro,MNE,2025-08-19 21:00:00,2025-08-19 23:00:00,104.07
Montenegro,MNE,2025-08-19 22:00:00,2025-08-20 00:00:00,115.95
Montenegro,MNE,2025-08-19 23:00:00,2025-08-20 01:00:00,108.9
Montenegro,MNE,2025-08-20 00:00:00,2025-08-20 02:00:00,103.99
Montenegro,MNE,2025-08-20 01:00:00,2025-08-20 03:00:00,101.99
Montenegro,MNE,2025-08-20 02:00:00,2025-08-20 04:00:00,101.12
Montenegro,MNE,2025-08-20 03:00:00,2025-08-20 05:00:00,102.16
Montenegro,MNE,2025-08-20 04:00:00,2025-08-20 06:00:00,113.88
Montenegro,MNE,2025-08-20 05:00:00,2025-08-20 07:00:00,112.03
Montenegro,MNE,2025-08-20 06:00:00,2025-08-20 08:00:00,104.02
Montenegro,MNE,2025-08-20 07:00:00,2025-08-20 09:00:00,103.78
Montenegro,MNE,2025-08-20 08:00:00,2025-08-20 10:00:00,99.39
Montenegro,MNE,2025-08-20 09:00:00,2025-08-20 11:00:00,95.66
Montenegro,MNE,2025-08-20 10:00:00,2025-08-20 12:00:00,87.07
Montenegro,MNE,2025-08-20 11:00:00,2025-08-20 13:00:00,88.82
Montenegro,MNE,2025-08-20 12:00:00,2025-08-20 14:00:00,92.08
Montenegro,MNE,2025-08-20 13:00:00,2025-08-20 15:00:00,95.83
Montenegro,MNE,2025-08-20 14:00:00,2025-08-20 16:00:00,97.02
Montenegro,MNE,2025-08-20 15:00:00,2025-08-20 17:00:00,107.06
Montenegro,MNE,2025-08-20 16:00:00,2025-08-20 18:00:00,127.47
Montenegro,MNE,2025-08-20 17:00:00,2025-08-20 19:00:00,152.04
Montenegro,MNE,2025-08-20 18:00:00,2025-08-20 20:00:00,159.99
Montenegro,MNE,2025-08-20 19:00:00,2025-08-20 21:00:00,127.72
Montenegro,MNE,2025-08-20 20:00:00,2025-08-20 22:00:00,111.88
Montenegro,MNE,2025-08-20 21:00:00,2025-08-20 23:00:00,101.49
Montenegro,MNE,2025-08-20 22:00:00,2025-08-21 00:00:00,111.01
Montenegro,MNE,2025-08-20 23:00:00,2025-08-21 01:00:00,107.39
Montenegro,MNE,2025-08-21 00:00:00,2025-08-21 02:00:00,100.0
Montenegro,MNE,2025-08-21 01:00:00,2025-08-21 03:00:00,96.15
Montenegro,MNE,2025-08-21 02:00:00,2025-08-21 04:00:00,95.54
Montenegro,MNE,2025-08-21 03:00:00,2025-08-21 05:00:00,99.57
Montenegro,MNE,2025-08-21 04:00:00,2025-08-21 06:00:00,107.05
Montenegro,MNE,2025-08-21 05:00:00,2025-08-21 07:00:00,111.08
Montenegro,MNE,2025-08-21 06:00:00,2025-08-21 08:00:00,114.3
Montenegro,MNE,2025-08-21 07:00:00,2025-08-21 09:00:00,107.33
Montenegro,MNE,2025-08-21 08:00:00,2025-08-21 10:00:00,96.03
Montenegro,MNE,2025-08-21 09:00:00,2025-08-21 11:00:00,87.46
Montenegro,MNE,2025-08-21 10:00:00,2025-08-21 12:00:00,80.53
Montenegro,MNE,2025-08-21 11:00:00,2025-08-21 13:00:00,83.0
Montenegro,MNE,2025-08-21 12:00:00,2025-08-21 14:00:00,82.95
Montenegro,MNE,2025-08-21 13:00:00,2025-08-21 15:00:00,87.29
Montenegro,MNE,2025-08-21 14:00:00,2025-08-21 16:00:00,97.0
Montenegro,MNE,2025-08-21 15:00:00,2025-08-21 17:00:00,107.71
Montenegro,MNE,2025-08-21 16:00:00,2025-08-21 18:00:00,127.6
Montenegro,MNE,2025-08-21 17:00:00,2025-08-21 19:00:00,147.06
Montenegro,MNE,2025-08-21 18:00:00,2025-08-21 20:00:00,151.09
Montenegro,MNE,2025-08-21 19:00:00,2025-08-21 21:00:00,124.45
Montenegro,MNE,2025-08-21 20:00:00,2025-08-21 22:00:00,111.01
Montenegro,MNE,2025-08-21 21:00:00,2025-08-21 23:00:00,104.99
Montenegro,MNE,2025-08-21 22:00:00,2025-08-22 00:00:00,107.84
Montenegro,MNE,2025-08-21 23:00:00,2025-08-22 01:00:00,103.09
Montenegro,MNE,2025-08-22 00:00:00,2025-08-22 02:00:00,101.03
Montenegro,MNE,2025-08-22 01:00:00,2025-08-22 03:00:00,95.1
Montenegro,MNE,2025-08-22 02:00:00,2025-08-22 04:00:00,95.04
Montenegro,MNE,2025-08-22 03:00:00,2025-08-22 05:00:00,100.87
Montenegro,MNE,2025-08-22 04:00:00,2025-08-22 06:00:00,105.66
Montenegro,MNE,2025-08-22 05:00:00,2025-08-22 07:00:00,108.0
Montenegro,MNE,2025-08-22 06:00:00,2025-08-22 08:00:00,112.02
Montenegro,MNE,2025-08-22 07:00:00,2025-08-22 09:00:00,107.47
Montenegro,MNE,2025-08-22 08:00:00,2025-08-22 10:00:00,103.34
Montenegro,MNE,2025-08-22 09:00:00,2025-08-22 11:00:00,87.08
Montenegro,MNE,2025-08-22 10:00:00,2025-08-22 12:00:00,75.24
Montenegro,MNE,2025-08-22 11:00:00,2025-08-22 13:00:00,73.75
Montenegro,MNE,2025-08-22 12:00:00,2025-08-22 14:00:00,77.65
Montenegro,MNE,2025-08-22 13:00:00,2025-08-22 15:00:00,87.83
Montenegro,MNE,2025-08-22 14:00:00,2025-08-22 16:00:00,103.31
Montenegro,MNE,2025-08-22 15:00:00,2025-08-22 17:00:00,115.0
Montenegro,MNE,2025-08-22 16:00:00,2025-08-22 18:00:00,112.01
Montenegro,MNE,2025-08-22 17:00:00,2025-08-22 19:00:00,134.99
Montenegro,MNE,2025-08-22 18:00:00,2025-08-22 20:00:00,139.99
Montenegro,MNE,2025-08-22 19:00:00,2025-08-22 21:00:00,124.0
Montenegro,MNE,2025-08-22 20:00:00,2025-08-22 22:00:00,119.0
Montenegro,MNE,2025-08-22 21:00:00,2025-08-22 23:00:00,116.53
Montenegro,MNE,2025-08-22 22:00:00,2025-08-23 00:00:00,115.01
Montenegro,MNE,2025-08-22 23:00:00,2025-08-23 01:00:00,115.0
Montenegro,MNE,2025-08-23 00:00:00,2025-08-23 02:00:00,106.99
Montenegro,MNE,2025-08-23 01:00:00,2025-08-23 03:00:00,99.83
Montenegro,MNE,2025-08-23 02:00:00,2025-08-23 04:00:00,99.79
Montenegro,MNE,2025-08-23 03:00:00,2025-08-23 05:00:00,99.86
Montenegro,MNE,2025-08-23 04:00:00,2025-08-23 06:00:00,107.0
Montenegro,MNE,2025-08-23 05:00:00,2025-08-23 07:00:00,103.62
Montenegro,MNE,2025-08-23 06:00:00,2025-08-23 08:00:00,115.0
Montenegro,MNE,2025-08-23 07:00:00,2025-08-23 09:00:00,111.45
Montenegro,MNE,2025-08-23 08:00:00,2025-08-23 10:00:00,85.07
Montenegro,MNE,2025-08-23 09:00:00,2025-08-23 11:00:00,66.07
Montenegro,MNE,2025-08-23 10:00:00,2025-08-23 12:00:00,70.01
Montenegro,MNE,2025-08-23 11:00:00,2025-08-23 13:00:00,77.03
Montenegro,MNE,2025-08-23 12:00:00,2025-08-23 14:00:00,83.04
Montenegro,MNE,2025-08-23 13:00:00,2025-08-23 15:00:00,87.06
Montenegro,MNE,2025-08-23 14:00:00,2025-08-23 16:00:00,96.82
Montenegro,MNE,2025-08-23 15:00:00,2025-08-23 17:00:00,107.05
Montenegro,MNE,2025-08-23 16:00:00,2025-08-23 18:00:00,103.93
Montenegro,MNE,2025-08-23 17:00:00,2025-08-23 19:00:00,125.95
Montenegro,MNE,2025-08-23 18:00:00,2025-08-23 20:00:00,137.99
Montenegro,MNE,2025-08-23 19:00:00,2025-08-23 21:00:00,123.5
Montenegro,MNE,2025-08-23 20:00:00,2025-08-23 22:00:00,122.99
Montenegro,MNE,2025-08-23 21:00:00,2025-08-23 23:00:00,115.9
Montenegro,MNE,2025-08-23 22:00:00,2025-08-24 00:00:00,111.71
Montenegro,MNE,2025-08-23 23:00:00,2025-08-24 01:00:00,107.4
Montenegro,MNE,2025-08-24 00:00:00,2025-08-24 02:00:00,91.41
Montenegro,MNE,2025-08-24 01:00:00,2025-08-24 03:00:00,87.72
Montenegro,MNE,2025-08-24 02:00:00,2025-08-24 04:00:00,83.92
Montenegro,MNE,2025-08-24 03:00:00,2025-08-24 05:00:00,83.67
Montenegro,MNE,2025-08-24 04:00:00,2025-08-24 06:00:00,82.97
Montenegro,MNE,2025-08-24 05:00:00,2025-08-24 07:00:00,75.02
Montenegro,MNE,2025-08-24 06:00:00,2025-08-24 08:00:00,87.14
Montenegro,MNE,2025-08-24 07:00:00,2025-08-24 09:00:00,95.26
Montenegro,MNE,2025-08-24 08:00:00,2025-08-24 10:00:00,29.92
Montenegro,MNE,2025-08-24 09:00:00,2025-08-24 11:00:00,29.97
Montenegro,MNE,2025-08-24 10:00:00,2025-08-24 12:00:00,51.31
Montenegro,MNE,2025-08-24 11:00:00,2025-08-24 13:00:00,54.05
Montenegro,MNE,2025-08-24 12:00:00,2025-08-24 14:00:00,54.04
Montenegro,MNE,2025-08-24 13:00:00,2025-08-24 15:00:00,63.65
Montenegro,MNE,2025-08-24 14:00:00,2025-08-24 16:00:00,71.79
Montenegro,MNE,2025-08-24 15:00:00,2025-08-24 17:00:00,95.89
Montenegro,MNE,2025-08-24 16:00:00,2025-08-24 18:00:00,113.09
Montenegro,MNE,2025-08-24 17:00:00,2025-08-24 19:00:00,123.17
Montenegro,MNE,2025-08-24 18:00:00,2025-08-24 20:00:00,128.8
Montenegro,MNE,2025-08-24 19:00:00,2025-08-24 21:00:00,123.5
Montenegro,MNE,2025-08-24 20:00:00,2025-08-24 22:00:00,114.0
Montenegro,MNE,2025-08-24 21:00:00,2025-08-24 23:00:00,106.2
Montenegro,MNE,2025-08-24 22:00:00,2025-08-25 00:00:00,126.23
Montenegro,MNE,2025-08-24 23:00:00,2025-08-25 01:00:00,110.05
Montenegro,MNE,2025-08-25 00:00:00,2025-08-25 02:00:00,100.01
Montenegro,MNE,2025-08-25 01:00:00,2025-08-25 03:00:00,92.03
Montenegro,MNE,2025-08-25 02:00:00,2025-08-25 04:00:00,97.07
Montenegro,MNE,2025-08-25 03:00:00,2025-08-25 05:00:00,106.0
Montenegro,MNE,2025-08-25 04:00:00,2025-08-25 06:00:00,112.08
Montenegro,MNE,2025-08-25 05:00:00,2025-08-25 07:00:00,120.1
Montenegro,MNE,2025-08-25 06:00:00,2025-08-25 08:00:00,117.45
Montenegro,MNE,2025-08-25 07:00:00,2025-08-25 09:00:00,116.22
Montenegro,MNE,2025-08-25 08:00:00,2025-08-25 10:00:00,115.01
Montenegro,MNE,2025-08-25 09:00:00,2025-08-25 11:00:00,111.85
Montenegro,MNE,2025-08-25 10:00:00,2025-08-25 12:00:00,106.86
Montenegro,MNE,2025-08-25 11:00:00,2025-08-25 13:00:00,104.9
Montenegro,MNE,2025-08-25 12:00:00,2025-08-25 14:00:00,109.71
Montenegro,MNE,2025-08-25 13:00:00,2025-08-25 15:00:00,114.7
Montenegro,MNE,2025-08-25 14:00:00,2025-08-25 16:00:00,115.01
Montenegro,MNE,2025-08-25 15:00:00,2025-08-25 17:00:00,120.22
Montenegro,MNE,2025-08-25 16:00:00,2025-08-25 18:00:00,138.21
Montenegro,MNE,2025-08-25 17:00:00,2025-08-25 19:00:00,139.99
Montenegro,MNE,2025-08-25 18:00:00,2025-08-25 20:00:00,145.05
Montenegro,MNE,2025-08-25 19:00:00,2025-08-25 21:00:00,139.99
Montenegro,MNE,2025-08-25 20:00:00,2025-08-25 22:00:00,136.23
Montenegro,MNE,2025-08-25 21:00:00,2025-08-25 23:00:00,121.23
Montenegro,MNE,2025-08-25 22:00:00,2025-08-26 00:00:00,117.0
Montenegro,MNE,2025-08-25 23:00:00,2025-08-26 01:00:00,113.99
Montenegro,MNE,2025-08-26 00:00:00,2025-08-26 02:00:00,105.95
Montenegro,MNE,2025-08-26 01:00:00,2025-08-26 03:00:00,103.83
Montenegro,MNE,2025-08-26 02:00:00,2025-08-26 04:00:00,103.2
Montenegro,MNE,2025-08-26 03:00:00,2025-08-26 05:00:00,107.03
Montenegro,MNE,2025-08-26 04:00:00,2025-08-26 06:00:00,125.01
Montenegro,MNE,2025-08-26 05:00:00,2025-08-26 07:00:00,135.06
Montenegro,MNE,2025-08-26 06:00:00,2025-08-26 08:00:00,132.08
Montenegro,MNE,2025-08-26 07:00:00,2025-08-26 09:00:00,119.93
Montenegro,MNE,2025-08-26 08:00:00,2025-08-26 10:00:00,109.21
Montenegro,MNE,2025-08-26 09:00:00,2025-08-26 11:00:00,103.51
Montenegro,MNE,2025-08-26 10:00:00,2025-08-26 12:00:00,100.0
Montenegro,MNE,2025-08-26 11:00:00,2025-08-26 13:00:00,100.01
Montenegro,MNE,2025-08-26 12:00:00,2025-08-26 14:00:00,100.01
Montenegro,MNE,2025-08-26 13:00:00,2025-08-26 15:00:00,100.0
Montenegro,MNE,2025-08-26 14:00:00,2025-08-26 16:00:00,101.16
Montenegro,MNE,2025-08-26 15:00:00,2025-08-26 17:00:00,111.7
Montenegro,MNE,2025-08-26 16:00:00,2025-08-26 18:00:00,127.6
Montenegro,MNE,2025-08-26 17:00:00,2025-08-26 19:00:00,175.12
Montenegro,MNE,2025-08-26 18:00:00,2025-08-26 20:00:00,171.75
Montenegro,MNE,2025-08-26 19:00:00,2025-08-26 21:00:00,135.0
Montenegro,MNE,2025-08-26 20:00:00,2025-08-26 22:00:00,119.99
Montenegro,MNE,2025-08-26 21:00:00,2025-08-26 23:00:00,117.83
Montenegro,MNE,2025-08-26 22:00:00,2025-08-27 00:00:00,116.99
Montenegro,MNE,2025-08-26 23:00:00,2025-08-27 01:00:00,111.98
Montenegro,MNE,2025-08-27 00:00:00,2025-08-27 02:00:00,108.03
Montenegro,MNE,2025-08-27 01:00:00,2025-08-27 03:00:00,106.41
Montenegro,MNE,2025-08-27 02:00:00,2025-08-27 04:00:00,105.01
Montenegro,MNE,2025-08-27 03:00:00,2025-08-27 05:00:00,106.09
Montenegro,MNE,2025-08-27 04:00:00,2025-08-27 06:00:00,121.26
Montenegro,MNE,2025-08-27 05:00:00,2025-08-27 07:00:00,135.0
Montenegro,MNE,2025-08-27 06:00:00,2025-08-27 08:00:00,136.19
Montenegro,MNE,2025-08-27 07:00:00,2025-08-27 09:00:00,133.14
Montenegro,MNE,2025-08-27 08:00:00,2025-08-27 10:00:00,118.52
Montenegro,MNE,2025-08-27 09:00:00,2025-08-27 11:00:00,113.29
Montenegro,MNE,2025-08-27 10:00:00,2025-08-27 12:00:00,102.99
Montenegro,MNE,2025-08-27 11:00:00,2025-08-27 13:00:00,105.58
Montenegro,MNE,2025-08-27 12:00:00,2025-08-27 14:00:00,111.17
Montenegro,MNE,2025-08-27 13:00:00,2025-08-27 15:00:00,115.53
Montenegro,MNE,2025-08-27 14:00:00,2025-08-27 16:00:00,117.0
Montenegro,MNE,2025-08-27 15:00:00,2025-08-27 17:00:00,118.81
Montenegro,MNE,2025-08-27 16:00:00,2025-08-27 18:00:00,130.01
Montenegro,MNE,2025-08-27 17:00:00,2025-08-27 19:00:00,185.25
Montenegro,MNE,2025-08-27 18:00:00,2025-08-27 20:00:00,200.0
Montenegro,MNE,2025-08-27 19:00:00,2025-08-27 21:00:00,135.01
Montenegro,MNE,2025-08-27 20:00:00,2025-08-27 22:00:00,119.99
Montenegro,MNE,2025-08-27 21:00:00,2025-08-27 23:00:00,116.86
Montenegro,MNE,2025-08-27 22:00:00,2025-08-28 00:00:00,116.99
Montenegro,MNE,2025-08-27 23:00:00,2025-08-28 01:00:00,113.18
Montenegro,MNE,2025-08-28 00:00:00,2025-08-28 02:00:00,107.85
Montenegro,MNE,2025-08-28 01:00:00,2025-08-28 03:00:00,105.53
Montenegro,MNE,2025-08-28 02:00:00,2025-08-28 04:00:00,104.21
Montenegro,MNE,2025-08-28 03:00:00,2025-08-28 05:00:00,107.11
Montenegro,MNE,2025-08-28 04:00:00,2025-08-28 06:00:00,117.02
Montenegro,MNE,2025-08-28 05:00:00,2025-08-28 07:00:00,128.09
Montenegro,MNE,2025-08-28 06:00:00,2025-08-28 08:00:00,128.3
Montenegro,MNE,2025-08-28 07:00:00,2025-08-28 09:00:00,129.99
Montenegro,MNE,2025-08-28 08:00:00,2025-08-28 10:00:00,118.84
Montenegro,MNE,2025-08-28 09:00:00,2025-08-28 11:00:00,117.44
Montenegro,MNE,2025-08-28 10:00:00,2025-08-28 12:00:00,111.29
Montenegro,MNE,2025-08-28 11:00:00,2025-08-28 13:00:00,111.38
Montenegro,MNE,2025-08-28 12:00:00,2025-08-28 14:00:00,110.3
Montenegro,MNE,2025-08-28 13:00:00,2025-08-28 15:00:00,113.03
Montenegro,MNE,2025-08-28 14:00:00,2025-08-28 16:00:00,113.56
Montenegro,MNE,2025-08-28 15:00:00,2025-08-28 17:00:00,117.99
Montenegro,MNE,2025-08-28 16:00:00,2025-08-28 18:00:00,130.0
Montenegro,MNE,2025-08-28 17:00:00,2025-08-28 19:00:00,169.63
Montenegro,MNE,2025-08-28 18:00:00,2025-08-28 20:00:00,169.47
Montenegro,MNE,2025-08-28 19:00:00,2025-08-28 21:00:00,123.5
Montenegro,MNE,2025-08-28 20:00:00,2025-08-28 22:00:00,119.98
Montenegro,MNE,2025-08-28 21:00:00,2025-08-28 23:00:00,115.32
Montenegro,MNE,2025-08-28 22:00:00,2025-08-29 00:00:00,115.0
Montenegro,MNE,2025-08-28 23:00:00,2025-08-29 01:00:00,115.0
Montenegro,MNE,2025-08-29 00:00:00,2025-08-29 02:00:00,97.0
Montenegro,MNE,2025-08-29 01:00:00,2025-08-29 03:00:00,97.36
Montenegro,MNE,2025-08-29 02:00:00,2025-08-29 04:00:00,99.0
Montenegro,MNE,2025-08-29 03:00:00,2025-08-29 05:00:00,105.0
Montenegro,MNE,2025-08-29 04:00:00,2025-08-29 06:00:00,113.0
Montenegro,MNE,2025-08-29 05:00:00,2025-08-29 07:00:00,132.12
Montenegro,MNE,2025-08-29 06:00:00,2025-08-29 08:00:00,138.5
Montenegro,MNE,2025-08-29 07:00:00,2025-08-29 09:00:00,129.0
Montenegro,MNE,2025-08-29 08:00:00,2025-08-29 10:00:00,124.99
Montenegro,MNE,2025-08-29 09:00:00,2025-08-29 11:00:00,118.07
Montenegro,MNE,2025-08-29 10:00:00,2025-08-29 12:00:00,111.0
Montenegro,MNE,2025-08-29 11:00:00,2025-08-29 13:00:00,109.5
Montenegro,MNE,2025-08-29 12:00:00,2025-08-29 14:00:00,110.27
Montenegro,MNE,2025-08-29 13:00:00,2025-08-29 15:00:00,112.5
Montenegro,MNE,2025-08-29 14:00:00,2025-08-29 16:00:00,114.23
Montenegro,MNE,2025-08-29 15:00:00,2025-08-29 17:00:00,116.99
Montenegro,MNE,2025-08-29 16:00:00,2025-08-29 18:00:00,120.0
Montenegro,MNE,2025-08-29 17:00:00,2025-08-29 19:00:00,140.01
Montenegro,MNE,2025-08-29 18:00:00,2025-08-29 20:00:00,142.16
Montenegro,MNE,2025-08-29 19:00:00,2025-08-29 21:00:00,121.01
Montenegro,MNE,2025-08-29 20:00:00,2025-08-29 22:00:00,119.98
Montenegro,MNE,2025-08-29 21:00:00,2025-08-29 23:00:00,112.99
Montenegro,MNE,2025-08-29 22:00:00,2025-08-30 00:00:00,119.04
Montenegro,MNE,2025-08-29 23:00:00,2025-08-30 01:00:00,103.2
Montenegro,MNE,2025-08-30 00:00:00,2025-08-30 02:00:00,96.9
Montenegro,MNE,2025-08-30 01:00:00,2025-08-30 03:00:00,85.0
Montenegro,MNE,2025-08-30 02:00:00,2025-08-30 04:00:00,86.01
Montenegro,MNE,2025-08-30 03:00:00,2025-08-30 05:00:00,86.0
Montenegro,MNE,2025-08-30 04:00:00,2025-08-30 06:00:00,100.04
Montenegro,MNE,2025-08-30 05:00:00,2025-08-30 07:00:00,110.9
Montenegro,MNE,2025-08-30 06:00:00,2025-08-30 08:00:00,109.3
Montenegro,MNE,2025-08-30 07:00:00,2025-08-30 09:00:00,105.08
Montenegro,MNE,2025-08-30 08:00:00,2025-08-30 10:00:00,40.0
Montenegro,MNE,2025-08-30 09:00:00,2025-08-30 11:00:00,4.9
Montenegro,MNE,2025-08-30 10:00:00,2025-08-30 12:00:00,9.0
Montenegro,MNE,2025-08-30 11:00:00,2025-08-30 13:00:00,5.0
Montenegro,MNE,2025-08-30 12:00:00,2025-08-30 14:00:00,7.0
Montenegro,MNE,2025-08-30 13:00:00,2025-08-30 15:00:00,52.2
Montenegro,MNE,2025-08-30 14:00:00,2025-08-30 16:00:00,70.14
Montenegro,MNE,2025-08-30 15:00:00,2025-08-30 17:00:00,93.0
Montenegro,MNE,2025-08-30 16:00:00,2025-08-30 18:00:00,119.99
Montenegro,MNE,2025-08-30 17:00:00,2025-08-30 19:00:00,123.61
Montenegro,MNE,2025-08-30 18:00:00,2025-08-30 20:00:00,131.0
Montenegro,MNE,2025-08-30 19:00:00,2025-08-30 21:00:00,119.99
Montenegro,MNE,2025-08-30 20:00:00,2025-08-30 22:00:00,112.05
Montenegro,MNE,2025-08-30 21:00:00,2025-08-30 23:00:00,107.18
Montenegro,MNE,2025-08-30 22:00:00,2025-08-31 00:00:00,111.0
Montenegro,MNE,2025-08-30 23:00:00,2025-08-31 01:00:00,96.41
Montenegro,MNE,2025-08-31 00:00:00,2025-08-31 02:00:00,92.7
Montenegro,MNE,2025-08-31 01:00:00,2025-08-31 03:00:00,93.1
Montenegro,MNE,2025-08-31 02:00:00,2025-08-31 04:00:00,81.48
Montenegro,MNE,2025-08-31 03:00:00,2025-08-31 05:00:00,93.7
Montenegro,MNE,2025-08-31 04:00:00,2025-08-31 06:00:00,95.81
Montenegro,MNE,2025-08-31 05:00:00,2025-08-31 07:00:00,94.41
Montenegro,MNE,2025-08-31 06:00:00,2025-08-31 08:00:00,99.0
Montenegro,MNE,2025-08-31 07:00:00,2025-08-31 09:00:00,15.07
Montenegro,MNE,2025-08-31 08:00:00,2025-08-31 10:00:00,15.03
Montenegro,MNE,2025-08-31 09:00:00,2025-08-31 11:00:00,15.06
Montenegro,MNE,2025-08-31 10:00:00,2025-08-31 12:00:00,15.01
Montenegro,MNE,2025-08-31 11:00:00,2025-08-31 13:00:00,15.01
Montenegro,MNE,2025-08-31 12:00:00,2025-08-31 14:00:00,15.03
Montenegro,MNE,2025-08-31 13:00:00,2025-08-31 15:00:00,15.07
Montenegro,MNE,2025-08-31 14:00:00,2025-08-31 16:00:00,76.83
Montenegro,MNE,2025-08-31 15:00:00,2025-08-31 17:00:00,100.01
Montenegro,MNE,2025-08-31 16:00:00,2025-08-31 18:00:00,111.0
Montenegro,MNE,2025-08-31 17:00:00,2025-08-31 19:00:00,130.0
Montenegro,MNE,2025-08-31 18:00:00,2025-08-31 20:00:00,138.44
Montenegro,MNE,2025-08-31 19:00:00,2025-08-31 21:00:00,130.0
Montenegro,MNE,2025-08-31 20:00:00,2025-08-31 22:00:00,128.36
Montenegro,MNE,2025-08-31 21:00:00,2025-08-31 23:00:00,124.56
Montenegro,MNE,2025-08-31 22:00:00,2025-09-01 00:00:00,108.18
Montenegro,MNE,2025-08-31 23:00:00,2025-09-01 01:00:00,104.99
Montenegro,MNE,2025-09-01 00:00:00,2025-09-01 02:00:00,103.29
Montenegro,MNE,2025-09-01 01:00:00,2025-09-01 03:00:00,100.01
Montenegro,MNE,2025-09-01 02:00:00,2025-09-01 04:00:00,101.0
Montenegro,MNE,2025-09-01 03:00:00,2025-09-01 05:00:00,109.0
Montenegro,MNE,2025-09-01 04:00:00,2025-09-01 06:00:00,122.92
Montenegro,MNE,2025-09-01 05:00:00,2025-09-01 07:00:00,129.99
Montenegro,MNE,2025-09-01 06:00:00,2025-09-01 08:00:00,120.0
Montenegro,MNE,2025-09-01 07:00:00,2025-09-01 09:00:00,123.0
Montenegro,MNE,2025-09-01 08:00:00,2025-09-01 10:00:00,105.0
Montenegro,MNE,2025-09-01 09:00:00,2025-09-01 11:00:00,105.0
Montenegro,MNE,2025-09-01 10:00:00,2025-09-01 12:00:00,100.01
Montenegro,MNE,2025-09-01 11:00:00,2025-09-01 13:00:00,100.01
Montenegro,MNE,2025-09-01 12:00:00,2025-09-01 14:00:00,101.0
Montenegro,MNE,2025-09-01 13:00:00,2025-09-01 15:00:00,107.0
Montenegro,MNE,2025-09-01 14:00:00,2025-09-01 16:00:00,113.0
Montenegro,MNE,2025-09-01 15:00:00,2025-09-01 17:00:00,121.11
Montenegro,MNE,2025-09-01 16:00:00,2025-09-01 18:00:00,119.99
Montenegro,MNE,2025-09-01 17:00:00,2025-09-01 19:00:00,147.0
Montenegro,MNE,2025-09-01 18:00:00,2025-09-01 20:00:00,144.86
Montenegro,MNE,2025-09-01 19:00:00,2025-09-01 21:00:00,119.99
Montenegro,MNE,2025-09-01 20:00:00,2025-09-01 22:00:00,121.0
Montenegro,MNE,2025-09-01 21:00:00,2025-09-01 23:00:00,100.07
Montenegro,MNE,2025-09-01 22:00:00,2025-09-02 00:00:00,101.06
Montenegro,MNE,2025-09-01 23:00:00,2025-09-02 01:00:00,102.97
Montenegro,MNE,2025-09-02 00:00:00,2025-09-02 02:00:00,100.08
Montenegro,MNE,2025-09-02 01:00:00,2025-09-02 03:00:00,100.08
Montenegro,MNE,2025-09-02 02:00:00,2025-09-02 04:00:00,100.08
Montenegro,MNE,2025-09-02 03:00:00,2025-09-02 05:00:00,101.52
Montenegro,MNE,2025-09-02 04:00:00,2025-09-02 06:00:00,123.0
Montenegro,MNE,2025-09-02 05:00:00,2025-09-02 07:00:00,125.0
Montenegro,MNE,2025-09-02 06:00:00,2025-09-02 08:00:00,125.57
Montenegro,MNE,2025-09-02 07:00:00,2025-09-02 09:00:00,116.38
Montenegro,MNE,2025-09-02 08:00:00,2025-09-02 10:00:00,100.01
Montenegro,MNE,2025-09-02 09:00:00,2025-09-02 11:00:00,99.0
Montenegro,MNE,2025-09-02 10:00:00,2025-09-02 12:00:00,89.0
Montenegro,MNE,2025-09-02 11:00:00,2025-09-02 13:00:00,62.05
Montenegro,MNE,2025-09-02 12:00:00,2025-09-02 14:00:00,87.0
Montenegro,MNE,2025-09-02 13:00:00,2025-09-02 15:00:00,91.0
Montenegro,MNE,2025-09-02 14:00:00,2025-09-02 16:00:00,100.01
Montenegro,MNE,2025-09-02 15:00:00,2025-09-02 17:00:00,115.01
Montenegro,MNE,2025-09-02 16:00:00,2025-09-02 18:00:00,125.08
Montenegro,MNE,2025-09-02 17:00:00,2025-09-02 19:00:00,199.08
Montenegro,MNE,2025-09-02 18:00:00,2025-09-02 20:00:00,214.04
Montenegro,MNE,2025-09-02 19:00:00,2025-09-02 21:00:00,133.55
Montenegro,MNE,2025-09-02 20:00:00,2025-09-02 22:00:00,112.01
Montenegro,MNE,2025-09-02 21:00:00,2025-09-02 23:00:00,108.44
Montenegro,MNE,2025-09-02 22:00:00,2025-09-03 00:00:00,100.01
Montenegro,MNE,2025-09-02 23:00:00,2025-09-03 01:00:00,90.12
Montenegro,MNE,2025-09-03 00:00:00,2025-09-03 02:00:00,84.01
Montenegro,MNE,2025-09-03 01:00:00,2025-09-03 03:00:00,82.45
Montenegro,MNE,2025-09-03 02:00:00,2025-09-03 04:00:00,95.07
Montenegro,MNE,2025-09-03 03:00:00,2025-09-03 05:00:00,89.19
Montenegro,MNE,2025-09-03 04:00:00,2025-09-03 06:00:00,107.91
Montenegro,MNE,2025-09-03 05:00:00,2025-09-03 07:00:00,123.56
Montenegro,MNE,2025-09-03 06:00:00,2025-09-03 08:00:00,125.67
Montenegro,MNE,2025-09-03 07:00:00,2025-09-03 09:00:00,100.01
Montenegro,MNE,2025-09-03 08:00:00,2025-09-03 10:00:00,100.01
Montenegro,MNE,2025-09-03 09:00:00,2025-09-03 11:00:00,95.04
Montenegro,MNE,2025-09-03 10:00:00,2025-09-03 12:00:00,92.0
Montenegro,MNE,2025-09-03 11:00:00,2025-09-03 13:00:00,92.0
Montenegro,MNE,2025-09-03 12:00:00,2025-09-03 14:00:00,99.68
Montenegro,MNE,2025-09-03 13:00:00,2025-09-03 15:00:00,100.0
Montenegro,MNE,2025-09-03 14:00:00,2025-09-03 16:00:00,100.01
Montenegro,MNE,2025-09-03 15:00:00,2025-09-03 17:00:00,107.84
Montenegro,MNE,2025-09-03 16:00:00,2025-09-03 18:00:00,139.0
Montenegro,MNE,2025-09-03 17:00:00,2025-09-03 19:00:00,174.0
Montenegro,MNE,2025-09-03 18:00:00,2025-09-03 20:00:00,165.0
Montenegro,MNE,2025-09-03 19:00:00,2025-09-03 21:00:00,121.0
Montenegro,MNE,2025-09-03 20:00:00,2025-09-03 22:00:00,110.08
Montenegro,MNE,2025-09-03 21:00:00,2025-09-03 23:00:00,116.0
Montenegro,MNE,2025-09-03 22:00:00,2025-09-04 00:00:00,116.0
Montenegro,MNE,2025-09-03 23:00:00,2025-09-04 01:00:00,112.0
Montenegro,MNE,2025-09-04 00:00:00,2025-09-04 02:00:00,111.46
Montenegro,MNE,2025-09-04 01:00:00,2025-09-04 03:00:00,108.0
Montenegro,MNE,2025-09-04 02:00:00,2025-09-04 04:00:00,108.0
Montenegro,MNE,2025-09-04 03:00:00,2025-09-04 05:00:00,111.48
Montenegro,MNE,2025-09-04 04:00:00,2025-09-04 06:00:00,121.45
Montenegro,MNE,2025-09-04 05:00:00,2025-09-04 07:00:00,132.0
Montenegro,MNE,2025-09-04 06:00:00,2025-09-04 08:00:00,119.76
Montenegro,MNE,2025-09-04 07:00:00,2025-09-04 09:00:00,100.01
Montenegro,MNE,2025-09-04 08:00:00,2025-09-04 10:00:00,99.24
Montenegro,MNE,2025-09-04 09:00:00,2025-09-04 11:00:00,91.09
Montenegro,MNE,2025-09-04 10:00:00,2025-09-04 12:00:00,82.51
Montenegro,MNE,2025-09-04 11:00:00,2025-09-04 13:00:00,82.23
Montenegro,MNE,2025-09-04 12:00:00,2025-09-04 14:00:00,96.0
Montenegro,MNE,2025-09-04 13:00:00,2025-09-04 15:00:00,96.0
Montenegro,MNE,2025-09-04 14:00:00,2025-09-04 16:00:00,91.95
Montenegro,MNE,2025-09-04 15:00:00,2025-09-04 17:00:00,126.49
Montenegro,MNE,2025-09-04 16:00:00,2025-09-04 18:00:00,175.0
Montenegro,MNE,2025-09-04 17:00:00,2025-09-04 19:00:00,247.0
Montenegro,MNE,2025-09-04 18:00:00,2025-09-04 20:00:00,202.08
Montenegro,MNE,2025-09-04 19:00:00,2025-09-04 21:00:00,135.0
Montenegro,MNE,2025-09-04 20:00:00,2025-09-04 22:00:00,119.71
Montenegro,MNE,2025-09-04 21:00:00,2025-09-04 23:00:00,107.68
Montenegro,MNE,2025-09-04 22:00:00,2025-09-05 00:00:00,103.75
Montenegro,MNE,2025-09-04 23:00:00,2025-09-05 01:00:00,100.01
Montenegro,MNE,2025-09-05 00:00:00,2025-09-05 02:00:00,99.29
Montenegro,MNE,2025-09-05 01:00:00,2025-09-05 03:00:00,99.41
Montenegro,MNE,2025-09-05 02:00:00,2025-09-05 04:00:00,99.83
Montenegro,MNE,2025-09-05 03:00:00,2025-09-05 05:00:00,103.5
Montenegro,MNE,2025-09-05 04:00:00,2025-09-05 06:00:00,115.99
Montenegro,MNE,2025-09-05 05:00:00,2025-09-05 07:00:00,123.93
Montenegro,MNE,2025-09-05 06:00:00,2025-09-05 08:00:00,119.9
Montenegro,MNE,2025-09-05 07:00:00,2025-09-05 09:00:00,107.71
Montenegro,MNE,2025-09-05 08:00:00,2025-09-05 10:00:00,105.71
Montenegro,MNE,2025-09-05 09:00:00,2025-09-05 11:00:00,100.0
Montenegro,MNE,2025-09-05 10:00:00,2025-09-05 12:00:00,100.0
Montenegro,MNE,2025-09-05 11:00:00,2025-09-05 13:00:00,100.0
Montenegro,MNE,2025-09-05 12:00:00,2025-09-05 14:00:00,100.01
Montenegro,MNE,2025-09-05 13:00:00,2025-09-05 15:00:00,100.01
Montenegro,MNE,2025-09-05 14:00:00,2025-09-05 16:00:00,95.4
Montenegro,MNE,2025-09-05 15:00:00,2025-09-05 17:00:00,117.53
Montenegro,MNE,2025-09-05 16:00:00,2025-09-05 18:00:00,139.0
Montenegro,MNE,2025-09-05 17:00:00,2025-09-05 19:00:00,155.0
Montenegro,MNE,2025-09-05 18:00:00,2025-09-05 20:00:00,177.4
Montenegro,MNE,2025-09-05 19:00:00,2025-09-05 21:00:00,125.29
Montenegro,MNE,2025-09-05 20:00:00,2025-09-05 22:00:00,124.0
Montenegro,MNE,2025-09-05 21:00:00,2025-09-05 23:00:00,103.58
Montenegro,MNE,2025-09-05 22:00:00,2025-09-06 00:00:00,126.0
Montenegro,MNE,2025-09-05 23:00:00,2025-09-06 01:00:00,122.0
Montenegro,MNE,2025-09-06 00:00:00,2025-09-06 02:00:00,118.4
Montenegro,MNE,2025-09-06 01:00:00,2025-09-06 03:00:00,114.0
Montenegro,MNE,2025-09-06 02:00:00,2025-09-06 04:00:00,113.0
Montenegro,MNE,2025-09-06 03:00:00,2025-09-06 05:00:00,112.89
Montenegro,MNE,2025-09-06 04:00:00,2025-09-06 06:00:00,121.0
Montenegro,MNE,2025-09-06 05:00:00,2025-09-06 07:00:00,124.0
Montenegro,MNE,2025-09-06 06:00:00,2025-09-06 08:00:00,119.0
Montenegro,MNE,2025-09-06 07:00:00,2025-09-06 09:00:00,108.0
Montenegro,MNE,2025-09-06 08:00:00,2025-09-06 10:00:00,65.0
Montenegro,MNE,2025-09-06 09:00:00,2025-09-06 11:00:00,35.0
Montenegro,MNE,2025-09-06 10:00:00,2025-09-06 12:00:00,20.0
Montenegro,MNE,2025-09-06 11:00:00,2025-09-06 13:00:00,20.0
Montenegro,MNE,2025-09-06 12:00:00,2025-09-06 14:00:00,26.0
Montenegro,MNE,2025-09-06 13:00:00,2025-09-06 15:00:00,45.02
Montenegro,MNE,2025-09-06 14:00:00,2025-09-06 16:00:00,80.0
Montenegro,MNE,2025-09-06 15:00:00,2025-09-06 17:00:00,104.0
Montenegro,MNE,2025-09-06 16:00:00,2025-09-06 18:00:00,122.0
Montenegro,MNE,2025-09-06 17:00:00,2025-09-06 19:00:00,137.0
Montenegro,MNE,2025-09-06 18:00:00,2025-09-06 20:00:00,144.32
Montenegro,MNE,2025-09-06 19:00:00,2025-09-06 21:00:00,143.79
Montenegro,MNE,2025-09-06 20:00:00,2025-09-06 22:00:00,134.0
Montenegro,MNE,2025-09-06 21:00:00,2025-09-06 23:00:00,126.0
Montenegro,MNE,2025-09-06 22:00:00,2025-09-07 00:00:00,125.45
Montenegro,MNE,2025-09-06 23:00:00,2025-09-07 01:00:00,122.36
Montenegro,MNE,2025-09-07 00:00:00,2025-09-07 02:00:00,121.36
Montenegro,MNE,2025-09-07 01:00:00,2025-09-07 03:00:00,120.15
Montenegro,MNE,2025-09-07 02:00:00,2025-09-07 04:00:00,118.65
Montenegro,MNE,2025-09-07 03:00:00,2025-09-07 05:00:00,116.36
Montenegro,MNE,2025-09-07 04:00:00,2025-09-07 06:00:00,121.32
Montenegro,MNE,2025-09-07 05:00:00,2025-09-07 07:00:00,100.01
Montenegro,MNE,2025-09-07 06:00:00,2025-09-07 08:00:00,103.16
Montenegro,MNE,2025-09-07 07:00:00,2025-09-07 09:00:00,4.0
Montenegro,MNE,2025-09-07 08:00:00,2025-09-07 10:00:00,8.0
Montenegro,MNE,2025-09-07 09:00:00,2025-09-07 11:00:00,4.0
Montenegro,MNE,2025-09-07 10:00:00,2025-09-07 12:00:00,4.0
Montenegro,MNE,2025-09-07 11:00:00,2025-09-07 13:00:00,4.0
Montenegro,MNE,2025-09-07 12:00:00,2025-09-07 14:00:00,4.0
Montenegro,MNE,2025-09-07 13:00:00,2025-09-07 15:00:00,4.0
Montenegro,MNE,2025-09-07 14:00:00,2025-09-07 16:00:00,36.0
Montenegro,MNE,2025-09-07 15:00:00,2025-09-07 17:00:00,100.03
Montenegro,MNE,2025-09-07 16:00:00,2025-09-07 18:00:00,140.4
Montenegro,MNE,2025-09-07 17:00:00,2025-09-07 19:00:00,152.0
Montenegro,MNE,2025-09-07 18:00:00,2025-09-07 20:00:00,148.0
Montenegro,MNE,2025-09-07 19:00:00,2025-09-07 21:00:00,132.0
Montenegro,MNE,2025-09-07 20:00:00,2025-09-07 22:00:00,133.4
Montenegro,MNE,2025-09-07 21:00:00,2025-09-07 23:00:00,121.4
Montenegro,MNE,2025-09-07 22:00:00,2025-09-08 00:00:00,105.0
Montenegro,MNE,2025-09-07 23:00:00,2025-09-08 01:00:00,102.97
Montenegro,MNE,2025-09-08 00:00:00,2025-09-08 02:00:00,102.19
Montenegro,MNE,2025-09-08 01:00:00,2025-09-08 03:00:00,101.03
Montenegro,MNE,2025-09-08 02:00:00,2025-09-08 04:00:00,99.42
Montenegro,MNE,2025-09-08 03:00:00,2025-09-08 05:00:00,101.89
Montenegro,MNE,2025-09-08 04:00:00,2025-09-08 06:00:00,118.64
Montenegro,MNE,2025-09-08 05:00:00,2025-09-08 07:00:00,131.33
Montenegro,MNE,2025-09-08 06:00:00,2025-09-08 08:00:00,131.52
Montenegro,MNE,2025-09-08 07:00:00,2025-09-08 09:00:00,113.81
Montenegro,MNE,2025-09-08 08:00:00,2025-09-08 10:00:00,113.62
Montenegro,MNE,2025-09-08 09:00:00,2025-09-08 11:00:00,104.03
Montenegro,MNE,2025-09-08 10:00:00,2025-09-08 12:00:00,100.01
Montenegro,MNE,2025-09-08 11:00:00,2025-09-08 13:00:00,100.01
Montenegro,MNE,2025-09-08 12:00:00,2025-09-08 14:00:00,104.74
Montenegro,MNE,2025-09-08 13:00:00,2025-09-08 15:00:00,113.54
Montenegro,MNE,2025-09-08 14:00:00,2025-09-08 16:00:00,113.95
Montenegro,MNE,2025-09-08 15:00:00,2025-09-08 17:00:00,132.0
Montenegro,MNE,2025-09-08 16:00:00,2025-09-08 18:00:00,173.0
Montenegro,MNE,2025-09-08 17:00:00,2025-09-08 19:00:00,290.0
Montenegro,MNE,2025-09-08 18:00:00,2025-09-08 20:00:00,215.0
Montenegro,MNE,2025-09-08 19:00:00,2025-09-08 21:00:00,150.0
Montenegro,MNE,2025-09-08 20:00:00,2025-09-08 22:00:00,131.23
Montenegro,MNE,2025-09-08 21:00:00,2025-09-08 23:00:00,114.84
Montenegro,MNE,2025-09-08 22:00:00,2025-09-09 00:00:00,114.99
Montenegro,MNE,2025-09-08 23:00:00,2025-09-09 01:00:00,115.0
Montenegro,MNE,2025-09-09 00:00:00,2025-09-09 02:00:00,114.99
Montenegro,MNE,2025-09-09 01:00:00,2025-09-09 03:00:00,109.0
Montenegro,MNE,2025-09-09 02:00:00,2025-09-09 04:00:00,108.0
Montenegro,MNE,2025-09-09 03:00:00,2025-09-09 05:00:00,120.0
Montenegro,MNE,2025-09-09 04:00:00,2025-09-09 06:00:00,144.5
Montenegro,MNE,2025-09-09 05:00:00,2025-09-09 07:00:00,155.74
Montenegro,MNE,2025-09-09 06:00:00,2025-09-09 08:00:00,147.0
Montenegro,MNE,2025-09-09 07:00:00,2025-09-09 09:00:00,127.77
Montenegro,MNE,2025-09-09 08:00:00,2025-09-09 10:00:00,119.17
Montenegro,MNE,2025-09-09 09:00:00,2025-09-09 11:00:00,115.0
Montenegro,MNE,2025-09-09 10:00:00,2025-09-09 12:00:00,107.0
Montenegro,MNE,2025-09-09 11:00:00,2025-09-09 13:00:00,107.0
Montenegro,MNE,2025-09-09 12:00:00,2025-09-09 14:00:00,110.0
Montenegro,MNE,2025-09-09 13:00:00,2025-09-09 15:00:00,116.63
Montenegro,MNE,2025-09-09 14:00:00,2025-09-09 16:00:00,123.88
Montenegro,MNE,2025-09-09 15:00:00,2025-09-09 17:00:00,149.99
Montenegro,MNE,2025-09-09 16:00:00,2025-09-09 18:00:00,200.0
Montenegro,MNE,2025-09-09 17:00:00,2025-09-09 19:00:00,300.07
Montenegro,MNE,2025-09-09 18:00:00,2025-09-09 20:00:00,259.41
Montenegro,MNE,2025-09-09 19:00:00,2025-09-09 21:00:00,141.0
Montenegro,MNE,2025-09-09 20:00:00,2025-09-09 22:00:00,130.01
Montenegro,MNE,2025-09-09 21:00:00,2025-09-09 23:00:00,120.0
Montenegro,MNE,2025-09-09 22:00:00,2025-09-10 00:00:00,109.45
Montenegro,MNE,2025-09-09 23:00:00,2025-09-10 01:00:00,106.0
Montenegro,MNE,2025-09-10 00:00:00,2025-09-10 02:00:00,104.0
Montenegro,MNE,2025-09-10 01:00:00,2025-09-10 03:00:00,104.0
Montenegro,MNE,2025-09-10 02:00:00,2025-09-10 04:00:00,106.07
Montenegro,MNE,2025-09-10 03:00:00,2025-09-10 05:00:00,107.73
Montenegro,MNE,2025-09-10 04:00:00,2025-09-10 06:00:00,168.0
Montenegro,MNE,2025-09-10 05:00:00,2025-09-10 07:00:00,203.39
Montenegro,MNE,2025-09-10 06:00:00,2025-09-10 08:00:00,165.01
Montenegro,MNE,2025-09-10 07:00:00,2025-09-10 09:00:00,128.0
Montenegro,MNE,2025-09-10 08:00:00,2025-09-10 10:00:00,124.0
Montenegro,MNE,2025-09-10 09:00:00,2025-09-10 11:00:00,117.0
Montenegro,MNE,2025-09-10 10:00:00,2025-09-10 12:00:00,112.0
Montenegro,MNE,2025-09-10 11:00:00,2025-09-10 13:00:00,109.0
Montenegro,MNE,2025-09-10 12:00:00,2025-09-10 14:00:00,110.0
Montenegro,MNE,2025-09-10 13:00:00,2025-09-10 15:00:00,112.0
Montenegro,MNE,2025-09-10 14:00:00,2025-09-10 16:00:00,113.26
Montenegro,MNE,2025-09-10 15:00:00,2025-09-10 17:00:00,136.42
Montenegro,MNE,2025-09-10 16:00:00,2025-09-10 18:00:00,224.22
Montenegro,MNE,2025-09-10 17:00:00,2025-09-10 19:00:00,255.0
Montenegro,MNE,2025-09-10 18:00:00,2025-09-10 20:00:00,251.3
Montenegro,MNE,2025-09-10 19:00:00,2025-09-10 21:00:00,140.01
Montenegro,MNE,2025-09-10 20:00:00,2025-09-10 22:00:00,126.78
Montenegro,MNE,2025-09-10 21:00:00,2025-09-10 23:00:00,115.77
Montenegro,MNE,2025-09-10 22:00:00,2025-09-11 00:00:00,97.97
Montenegro,MNE,2025-09-10 23:00:00,2025-09-11 01:00:00,94.0
Montenegro,MNE,2025-09-11 00:00:00,2025-09-11 02:00:00,92.0
Montenegro,MNE,2025-09-11 01:00:00,2025-09-11 03:00:00,86.01
Montenegro,MNE,2025-09-11 02:00:00,2025-09-11 04:00:00,89.0
Montenegro,MNE,2025-09-11 03:00:00,2025-09-11 05:00:00,92.6
Montenegro,MNE,2025-09-11 04:00:00,2025-09-11 06:00:00,108.0
Montenegro,MNE,2025-09-11 05:00:00,2025-09-11 07:00:00,123.86
Montenegro,MNE,2025-09-11 06:00:00,2025-09-11 08:00:00,130.88
Montenegro,MNE,2025-09-11 07:00:00,2025-09-11 09:00:00,119.99
Montenegro,MNE,2025-09-11 08:00:00,2025-09-11 10:00:00,108.0
Montenegro,MNE,2025-09-11 09:00:00,2025-09-11 11:00:00,100.33
Montenegro,MNE,2025-09-11 10:00:00,2025-09-11 12:00:00,92.0
Montenegro,MNE,2025-09-11 11:00:00,2025-09-11 13:00:00,95.0
Montenegro,MNE,2025-09-11 12:00:00,2025-09-11 14:00:00,100.0
Montenegro,MNE,2025-09-11 13:00:00,2025-09-11 15:00:00,100.01
Montenegro,MNE,2025-09-11 14:00:00,2025-09-11 16:00:00,108.0
Montenegro,MNE,2025-09-11 15:00:00,2025-09-11 17:00:00,120.0
Montenegro,MNE,2025-09-11 16:00:00,2025-09-11 18:00:00,139.99
Montenegro,MNE,2025-09-11 17:00:00,2025-09-11 19:00:00,199.0
Montenegro,MNE,2025-09-11 18:00:00,2025-09-11 20:00:00,163.0
Montenegro,MNE,2025-09-11 19:00:00,2025-09-11 21:00:00,125.07
Montenegro,MNE,2025-09-11 20:00:00,2025-09-11 22:00:00,123.29
Montenegro,MNE,2025-09-11 21:00:00,2025-09-11 23:00:00,110.09
Montenegro,MNE,2025-09-11 22:00:00,2025-09-12 00:00:00,98.69
Montenegro,MNE,2025-09-11 23:00:00,2025-09-12 01:00:00,88.09
Montenegro,MNE,2025-09-12 00:00:00,2025-09-12 02:00:00,83.0
Montenegro,MNE,2025-09-12 01:00:00,2025-09-12 03:00:00,83.0
Montenegro,MNE,2025-09-12 02:00:00,2025-09-12 04:00:00,89.0
Montenegro,MNE,2025-09-12 03:00:00,2025-09-12 05:00:00,103.0
Montenegro,MNE,2025-09-12 04:00:00,2025-09-12 06:00:00,119.0
Montenegro,MNE,2025-09-12 05:00:00,2025-09-12 07:00:00,134.7
Montenegro,MNE,2025-09-12 06:00:00,2025-09-12 08:00:00,129.99
Montenegro,MNE,2025-09-12 07:00:00,2025-09-12 09:00:00,131.03
Montenegro,MNE,2025-09-12 08:00:00,2025-09-12 10:00:00,114.2
Montenegro,MNE,2025-09-12 09:00:00,2025-09-12 11:00:00,103.6
Montenegro,MNE,2025-09-12 10:00:00,2025-09-12 12:00:00,91.3
Montenegro,MNE,2025-09-12 11:00:00,2025-09-12 13:00:00,89.3
Montenegro,MNE,2025-09-12 12:00:00,2025-09-12 14:00:00,89.3
Montenegro,MNE,2025-09-12 13:00:00,2025-09-12 15:00:00,98.7
Montenegro,MNE,2025-09-12 14:00:00,2025-09-12 16:00:00,111.08
Montenegro,MNE,2025-09-12 15:00:00,2025-09-12 17:00:00,119.99
Montenegro,MNE,2025-09-12 16:00:00,2025-09-12 18:00:00,140.47
Montenegro,MNE,2025-09-12 17:00:00,2025-09-12 19:00:00,156.88
Montenegro,MNE,2025-09-12 18:00:00,2025-09-12 20:00:00,151.0
Montenegro,MNE,2025-09-12 19:00:00,2025-09-12 21:00:00,129.23
Montenegro,MNE,2025-09-12 20:00:00,2025-09-12 22:00:00,115.96
Montenegro,MNE,2025-09-12 21:00:00,2025-09-12 23:00:00,107.93
Montenegro,MNE,2025-09-12 22:00:00,2025-09-13 00:00:00,116.67
Montenegro,MNE,2025-09-12 23:00:00,2025-09-13 01:00:00,111.57
Montenegro,MNE,2025-09-13 00:00:00,2025-09-13 02:00:00,108.63
Montenegro,MNE,2025-09-13 01:00:00,2025-09-13 03:00:00,106.15
Montenegro,MNE,2025-09-13 02:00:00,2025-09-13 04:00:00,105.35
Montenegro,MNE,2025-09-13 03:00:00,2025-09-13 05:00:00,107.32
Montenegro,MNE,2025-09-13 04:00:00,2025-09-13 06:00:00,116.77
Montenegro,MNE,2025-09-13 05:00:00,2025-09-13 07:00:00,114.37
Montenegro,MNE,2025-09-13 06:00:00,2025-09-13 08:00:00,107.65
Montenegro,MNE,2025-09-13 07:00:00,2025-09-13 09:00:00,102.3
Montenegro,MNE,2025-09-13 08:00:00,2025-09-13 10:00:00,100.01
Montenegro,MNE,2025-09-13 09:00:00,2025-09-13 11:00:00,87.9
Montenegro,MNE,2025-09-13 10:00:00,2025-09-13 12:00:00,74.02
Montenegro,MNE,2025-09-13 11:00:00,2025-09-13 13:00:00,76.0
Montenegro,MNE,2025-09-13 12:00:00,2025-09-13 14:00:00,78.0
Montenegro,MNE,2025-09-13 13:00:00,2025-09-13 15:00:00,77.95
Montenegro,MNE,2025-09-13 14:00:00,2025-09-13 16:00:00,93.32
Montenegro,MNE,2025-09-13 15:00:00,2025-09-13 17:00:00,115.2
Montenegro,MNE,2025-09-13 16:00:00,2025-09-13 18:00:00,139.0
Montenegro,MNE,2025-09-13 17:00:00,2025-09-13 19:00:00,150.36
Montenegro,MNE,2025-09-13 18:00:00,2025-09-13 20:00:00,149.36
Montenegro,MNE,2025-09-13 19:00:00,2025-09-13 21:00:00,127.45
Montenegro,MNE,2025-09-13 20:00:00,2025-09-13 22:00:00,116.79
Montenegro,MNE,2025-09-13 21:00:00,2025-09-13 23:00:00,106.62
Montenegro,MNE,2025-09-13 22:00:00,2025-09-14 00:00:00,114.99
Montenegro,MNE,2025-09-13 23:00:00,2025-09-14 01:00:00,99.99
Montenegro,MNE,2025-09-14 00:00:00,2025-09-14 02:00:00,83.3
Montenegro,MNE,2025-09-14 01:00:00,2025-09-14 03:00:00,76.0
Montenegro,MNE,2025-09-14 02:00:00,2025-09-14 04:00:00,83.52
Montenegro,MNE,2025-09-14 03:00:00,2025-09-14 05:00:00,90.5
Montenegro,MNE,2025-09-14 04:00:00,2025-09-14 06:00:00,97.75
Montenegro,MNE,2025-09-14 05:00:00,2025-09-14 07:00:00,99.99
Montenegro,MNE,2025-09-14 06:00:00,2025-09-14 08:00:00,99.99
Montenegro,MNE,2025-09-14 07:00:00,2025-09-14 09:00:00,65.01
Montenegro,MNE,2025-09-14 08:00:00,2025-09-14 10:00:00,30.01
Montenegro,MNE,2025-09-14 09:00:00,2025-09-14 11:00:00,14.0
Montenegro,MNE,2025-09-14 10:00:00,2025-09-14 12:00:00,8.19
Montenegro,MNE,2025-09-14 11:00:00,2025-09-14 13:00:00,6.54
Montenegro,MNE,2025-09-14 12:00:00,2025-09-14 14:00:00,7.0
Montenegro,MNE,2025-09-14 13:00:00,2025-09-14 15:00:00,7.0
Montenegro,MNE,2025-09-14 14:00:00,2025-09-14 16:00:00,56.0
Montenegro,MNE,2025-09-14 15:00:00,2025-09-14 17:00:00,102.95
Montenegro,MNE,2025-09-14 16:00:00,2025-09-14 18:00:00,125.99
Montenegro,MNE,2025-09-14 17:00:00,2025-09-14 19:00:00,150.07
Montenegro,MNE,2025-09-14 18:00:00,2025-09-14 20:00:00,133.0
Montenegro,MNE,2025-09-14 19:00:00,2025-09-14 21:00:00,117.4
Montenegro,MNE,2025-09-14 20:00:00,2025-09-14 22:00:00,101.01
Montenegro,MNE,2025-09-14 21:00:00,2025-09-14 23:00:00,89.0
Montenegro,MNE,2025-09-14 22:00:00,2025-09-15 00:00:00,57.01
Montenegro,MNE,2025-09-14 23:00:00,2025-09-15 01:00:00,64.0
Montenegro,MNE,2025-09-15 00:00:00,2025-09-15 02:00:00,54.0
Montenegro,MNE,2025-09-15 01:00:00,2025-09-15 03:00:00,50.0
Montenegro,MNE,2025-09-15 02:00:00,2025-09-15 04:00:00,62.0
Montenegro,MNE,2025-09-15 03:00:00,2025-09-15 05:00:00,78.72
Montenegro,MNE,2025-09-15 04:00:00,2025-09-15 06:00:00,111.0
Montenegro,MNE,2025-09-15 05:00:00,2025-09-15 07:00:00,135.0
Montenegro,MNE,2025-09-15 06:00:00,2025-09-15 08:00:00,101.71
Montenegro,MNE,2025-09-15 07:00:00,2025-09-15 09:00:00,90.0
Montenegro,MNE,2025-09-15 08:00:00,2025-09-15 10:00:00,100.0
Montenegro,MNE,2025-09-15 09:00:00,2025-09-15 11:00:00,100.01
Montenegro,MNE,2025-09-15 10:00:00,2025-09-15 12:00:00,100.01
Montenegro,MNE,2025-09-15 11:00:00,2025-09-15 13:00:00,100.0
Montenegro,MNE,2025-09-15 12:00:00,2025-09-15 14:00:00,100.01
Montenegro,MNE,2025-09-15 13:00:00,2025-09-15 15:00:00,100.01
Montenegro,MNE,2025-09-15 14:00:00,2025-09-15 16:00:00,1150.5
Montenegro,MNE,2025-09-15 15:00:00,2025-09-15 17:00:00,114.94
Montenegro,MNE,2025-09-15 16:00:00,2025-09-15 18:00:00,146.1
Montenegro,MNE,2025-09-15 17:00:00,2025-09-15 19:00:00,181.95
Montenegro,MNE,2025-09-15 18:00:00,2025-09-15 20:00:00,140.14
Montenegro,MNE,2025-09-15 19:00:00,2025-09-15 21:00:00,129.99
Montenegro,MNE,2025-09-15 20:00:00,2025-09-15 22:00:00,121.99
Montenegro,MNE,2025-09-15 21:00:00,2025-09-15 23:00:00,97.0
Montenegro,MNE,2025-09-15 22:00:00,2025-09-16 00:00:00,104.8
Montenegro,MNE,2025-09-15 23:00:00,2025-09-16 01:00:00,83.43
Montenegro,MNE,2025-09-16 00:00:00,2025-09-16 02:00:00,76.61
Montenegro,MNE,2025-09-16 01:00:00,2025-09-16 03:00:00,76.47
Montenegro,MNE,2025-09-16 02:00:00,2025-09-16 04:00:00,76.53
Montenegro,MNE,2025-09-16 03:00:00,2025-09-16 05:00:00,104.96
Montenegro,MNE,2025-09-16 04:00:00,2025-09-16 06:00:00,133.0
Montenegro,MNE,2025-09-16 05:00:00,2025-09-16 07:00:00,139.96
Montenegro,MNE,2025-09-16 06:00:00,2025-09-16 08:00:00,124.99
Montenegro,MNE,2025-09-16 07:00:00,2025-09-16 09:00:00,69.0
Montenegro,MNE,2025-09-16 08:00:00,2025-09-16 10:00:00,45.0
Montenegro,MNE,2025-09-16 09:00:00,2025-09-16 11:00:00,100.0
Montenegro,MNE,2025-09-16 10:00:00,2025-09-16 12:00:00,99.02
Montenegro,MNE,2025-09-16 11:00:00,2025-09-16 13:00:00,99.01
Montenegro,MNE,2025-09-16 12:00:00,2025-09-16 14:00:00,99.01
Montenegro,MNE,2025-09-16 13:00:00,2025-09-16 15:00:00,99.99
Montenegro,MNE,2025-09-16 14:00:00,2025-09-16 16:00:00,104.71
Montenegro,MNE,2025-09-16 15:00:00,2025-09-16 17:00:00,136.4
Montenegro,MNE,2025-09-16 16:00:00,2025-09-16 18:00:00,203.0
Montenegro,MNE,2025-09-16 17:00:00,2025-09-16 19:00:00,233.72
Montenegro,MNE,2025-09-16 18:00:00,2025-09-16 20:00:00,182.45
Montenegro,MNE,2025-09-16 19:00:00,2025-09-16 21:00:00,140.1
Montenegro,MNE,2025-09-16 20:00:00,2025-09-16 22:00:00,120.01
Montenegro,MNE,2025-09-16 21:00:00,2025-09-16 23:00:00,115.5
Montenegro,MNE,2025-09-16 22:00:00,2025-09-17 00:00:00,114.99
Montenegro,MNE,2025-09-16 23:00:00,2025-09-17 01:00:00,109.99
Montenegro,MNE,2025-09-17 00:00:00,2025-09-17 02:00:00,99.99
Montenegro,MNE,2025-09-17 01:00:00,2025-09-17 03:00:00,99.04
Montenegro,MNE,2025-09-17 02:00:00,2025-09-17 04:00:00,99.99
Montenegro,MNE,2025-09-17 03:00:00,2025-09-17 05:00:00,106.01
Montenegro,MNE,2025-09-17 04:00:00,2025-09-17 06:00:00,118.76
Montenegro,MNE,2025-09-17 05:00:00,2025-09-17 07:00:00,127.14
Montenegro,MNE,2025-09-17 06:00:00,2025-09-17 08:00:00,100.0
Montenegro,MNE,2025-09-17 07:00:00,2025-09-17 09:00:00,83.0
Montenegro,MNE,2025-09-17 08:00:00,2025-09-17 10:00:00,75.0
Montenegro,MNE,2025-09-17 09:00:00,2025-09-17 11:00:00,55.65
Montenegro,MNE,2025-09-17 10:00:00,2025-09-17 12:00:00,86.06
Montenegro,MNE,2025-09-17 11:00:00,2025-09-17 13:00:00,81.09
Montenegro,MNE,2025-09-17 12:00:00,2025-09-17 14:00:00,94.99
Montenegro,MNE,2025-09-17 13:00:00,2025-09-17 15:00:00,60.01
Montenegro,MNE,2025-09-17 14:00:00,2025-09-17 16:00:00,90.01
Montenegro,MNE,2025-09-17 15:00:00,2025-09-17 17:00:00,125.8
Montenegro,MNE,2025-09-17 16:00:00,2025-09-17 18:00:00,160.82
Montenegro,MNE,2025-09-17 17:00:00,2025-09-17 19:00:00,205.0
Montenegro,MNE,2025-09-17 18:00:00,2025-09-17 20:00:00,154.0
Montenegro,MNE,2025-09-17 19:00:00,2025-09-17 21:00:00,126.0
Montenegro,MNE,2025-09-17 20:00:00,2025-09-17 22:00:00,108.61
Montenegro,MNE,2025-09-17 21:00:00,2025-09-17 23:00:00,110.03
Montenegro,MNE,2025-09-17 22:00:00,2025-09-18 00:00:00,103.52
Montenegro,MNE,2025-09-17 23:00:00,2025-09-18 01:00:00,62.79
Montenegro,MNE,2025-09-18 00:00:00,2025-09-18 02:00:00,55.0
Montenegro,MNE,2025-09-18 01:00:00,2025-09-18 03:00:00,55.0
Montenegro,MNE,2025-09-18 02:00:00,2025-09-18 04:00:00,55.74
Montenegro,MNE,2025-09-18 03:00:00,2025-09-18 05:00:00,97.04
Montenegro,MNE,2025-09-18 04:00:00,2025-09-18 06:00:00,114.01
Montenegro,MNE,2025-09-18 05:00:00,2025-09-18 07:00:00,125.01
Montenegro,MNE,2025-09-18 06:00:00,2025-09-18 08:00:00,105.09
Montenegro,MNE,2025-09-18 07:00:00,2025-09-18 09:00:00,100.0
Montenegro,MNE,2025-09-18 08:00:00,2025-09-18 10:00:00,100.0
Montenegro,MNE,2025-09-18 09:00:00,2025-09-18 11:00:00,91.08
Montenegro,MNE,2025-09-18 10:00:00,2025-09-18 12:00:00,81.01
Montenegro,MNE,2025-09-18 11:00:00,2025-09-18 13:00:00,81.09
Montenegro,MNE,2025-09-18 12:00:00,2025-09-18 14:00:00,86.03
Montenegro,MNE,2025-09-18 13:00:00,2025-09-18 15:00:00,96.04
Montenegro,MNE,2025-09-18 14:00:00,2025-09-18 16:00:00,97.1
Montenegro,MNE,2025-09-18 15:00:00,2025-09-18 17:00:00,112.0
Montenegro,MNE,2025-09-18 16:00:00,2025-09-18 18:00:00,146.0
Montenegro,MNE,2025-09-18 17:00:00,2025-09-18 19:00:00,170.01
Montenegro,MNE,2025-09-18 18:00:00,2025-09-18 20:00:00,139.57
Montenegro,MNE,2025-09-18 19:00:00,2025-09-18 21:00:00,117.61
Montenegro,MNE,2025-09-18 20:00:00,2025-09-18 22:00:00,104.0
Montenegro,MNE,2025-09-18 21:00:00,2025-09-18 23:00:00,101.25
Montenegro,MNE,2025-09-18 22:00:00,2025-09-19 00:00:00,107.5
Montenegro,MNE,2025-09-18 23:00:00,2025-09-19 01:00:00,104.0
Montenegro,MNE,2025-09-19 00:00:00,2025-09-19 02:00:00,104.0
Montenegro,MNE,2025-09-19 01:00:00,2025-09-19 03:00:00,104.0
Montenegro,MNE,2025-09-19 02:00:00,2025-09-19 04:00:00,104.0
Montenegro,MNE,2025-09-19 03:00:00,2025-09-19 05:00:00,104.0
Montenegro,MNE,2025-09-19 04:00:00,2025-09-19 06:00:00,120.0
Montenegro,MNE,2025-09-19 05:00:00,2025-09-19 07:00:00,147.0
Montenegro,MNE,2025-09-19 06:00:00,2025-09-19 08:00:00,127.02
Montenegro,MNE,2025-09-19 07:00:00,2025-09-19 09:00:00,90.09
Montenegro,MNE,2025-09-19 08:00:00,2025-09-19 10:00:00,100.0
Montenegro,MNE,2025-09-19 09:00:00,2025-09-19 11:00:00,95.0
Montenegro,MNE,2025-09-19 10:00:00,2025-09-19 12:00:00,89.99
Montenegro,MNE,2025-09-19 11:00:00,2025-09-19 13:00:00,90.0
Montenegro,MNE,2025-09-19 12:00:00,2025-09-19 14:00:00,90.07
Montenegro,MNE,2025-09-19 13:00:00,2025-09-19 15:00:00,94.99
Montenegro,MNE,2025-09-19 14:00:00,2025-09-19 16:00:00,105.01
Montenegro,MNE,2025-09-19 15:00:00,2025-09-19 17:00:00,120.0
Montenegro,MNE,2025-09-19 16:00:00,2025-09-19 18:00:00,174.0
Montenegro,MNE,2025-09-19 17:00:00,2025-09-19 19:00:00,243.0
Montenegro,MNE,2025-09-19 18:00:00,2025-09-19 20:00:00,174.0
Montenegro,MNE,2025-09-19 19:00:00,2025-09-19 21:00:00,122.5
Montenegro,MNE,2025-09-19 20:00:00,2025-09-19 22:00:00,118.0
Montenegro,MNE,2025-09-19 21:00:00,2025-09-19 23:00:00,111.0
Montenegro,MNE,2025-09-19 22:00:00,2025-09-20 00:00:00,123.3
Montenegro,MNE,2025-09-19 23:00:00,2025-09-20 01:00:00,118.0
Montenegro,MNE,2025-09-20 00:00:00,2025-09-20 02:00:00,108.0
Montenegro,MNE,2025-09-20 01:00:00,2025-09-20 03:00:00,90.08
Montenegro,MNE,2025-09-20 02:00:00,2025-09-20 04:00:00,90.1
Montenegro,MNE,2025-09-20 03:00:00,2025-09-20 05:00:00,100.0
Montenegro,MNE,2025-09-20 04:00:00,2025-09-20 06:00:00,114.5
Montenegro,MNE,2025-09-20 05:00:00,2025-09-20 07:00:00,120.36
Montenegro,MNE,2025-09-20 06:00:00,2025-09-20 08:00:00,120.88
Montenegro,MNE,2025-09-20 07:00:00,2025-09-20 09:00:00,104.0
Montenegro,MNE,2025-09-20 08:00:00,2025-09-20 10:00:00,90.06
Montenegro,MNE,2025-09-20 09:00:00,2025-09-20 11:00:00,73.0
Montenegro,MNE,2025-09-20 10:00:00,2025-09-20 12:00:00,59.5
Montenegro,MNE,2025-09-20 11:00:00,2025-09-20 13:00:00,56.0
Montenegro,MNE,2025-09-20 12:00:00,2025-09-20 14:00:00,63.0
Montenegro,MNE,2025-09-20 13:00:00,2025-09-20 15:00:00,76.33
Montenegro,MNE,2025-09-20 14:00:00,2025-09-20 16:00:00,99.99
Montenegro,MNE,2025-09-20 15:00:00,2025-09-20 17:00:00,112.29
Montenegro,MNE,2025-09-20 16:00:00,2025-09-20 18:00:00,140.0
Montenegro,MNE,2025-09-20 17:00:00,2025-09-20 19:00:00,153.0
Montenegro,MNE,2025-09-20 18:00:00,2025-09-20 20:00:00,147.25
Montenegro,MNE,2025-09-20 19:00:00,2025-09-20 21:00:00,127.6
Montenegro,MNE,2025-09-20 20:00:00,2025-09-20 22:00:00,118.0
Montenegro,MNE,2025-09-20 21:00:00,2025-09-20 23:00:00,116.55
Montenegro,MNE,2025-09-20 22:00:00,2025-09-21 00:00:00,118.0
Montenegro,MNE,2025-09-20 23:00:00,2025-09-21 01:00:00,118.0
Montenegro,MNE,2025-09-21 00:00:00,2025-09-21 02:00:00,116.0
Montenegro,MNE,2025-09-21 01:00:00,2025-09-21 03:00:00,113.0
Montenegro,MNE,2025-09-21 02:00:00,2025-09-21 04:00:00,112.0
Montenegro,MNE,2025-09-21 03:00:00,2025-09-21 05:00:00,114.0
Montenegro,MNE,2025-09-21 04:00:00,2025-09-21 06:00:00,122.0
Montenegro,MNE,2025-09-21 05:00:00,2025-09-21 07:00:00,115.34
Montenegro,MNE,2025-09-21 06:00:00,2025-09-21 08:00:00,108.0
Montenegro,MNE,2025-09-21 07:00:00,2025-09-21 09:00:00,102.0
Montenegro,MNE,2025-09-21 08:00:00,2025-09-21 10:00:00,10.0
Montenegro,MNE,2025-09-21 09:00:00,2025-09-21 11:00:00,15.0
Montenegro,MNE,2025-09-21 10:00:00,2025-09-21 12:00:00,9.99
Montenegro,MNE,2025-09-21 11:00:00,2025-09-21 13:00:00,9.99
Montenegro,MNE,2025-09-21 12:00:00,2025-09-21 14:00:00,9.99
Montenegro,MNE,2025-09-21 13:00:00,2025-09-21 15:00:00,10.0
Montenegro,MNE,2025-09-21 14:00:00,2025-09-21 16:00:00,45.94
Montenegro,MNE,2025-09-21 15:00:00,2025-09-21 17:00:00,106.4
Montenegro,MNE,2025-09-21 16:00:00,2025-09-21 18:00:00,116.79
Montenegro,MNE,2025-09-21 17:00:00,2025-09-21 19:00:00,138.0
Montenegro,MNE,2025-09-21 18:00:00,2025-09-21 20:00:00,136.0
Montenegro,MNE,2025-09-21 19:00:00,2025-09-21 21:00:00,124.2
Montenegro,MNE,2025-09-21 20:00:00,2025-09-21 22:00:00,123.1
Montenegro,MNE,2025-09-21 21:00:00,2025-09-21 23:00:00,119.4
Montenegro,MNE,2025-09-21 22:00:00,2025-09-22 00:00:00,90.07
Montenegro,MNE,2025-09-21 23:00:00,2025-09-22 01:00:00,85.05
Montenegro,MNE,2025-09-22 00:00:00,2025-09-22 02:00:00,94.6
Montenegro,MNE,2025-09-22 01:00:00,2025-09-22 03:00:00,90.0
Montenegro,MNE,2025-09-22 02:00:00,2025-09-22 04:00:00,97.0
Montenegro,MNE,2025-09-22 03:00:00,2025-09-22 05:00:00,103.94
Montenegro,MNE,2025-09-22 04:00:00,2025-09-22 06:00:00,119.99
Montenegro,MNE,2025-09-22 05:00:00,2025-09-22 07:00:00,128.6
Montenegro,MNE,2025-09-22 06:00:00,2025-09-22 08:00:00,123.6
Montenegro,MNE,2025-09-22 07:00:00,2025-09-22 09:00:00,125.76
Montenegro,MNE,2025-09-22 08:00:00,2025-09-22 10:00:00,108.96
Montenegro,MNE,2025-09-22 09:00:00,2025-09-22 11:00:00,104.6
Montenegro,MNE,2025-09-22 10:00:00,2025-09-22 12:00:00,99.6
Montenegro,MNE,2025-09-22 11:00:00,2025-09-22 13:00:00,99.6
Montenegro,MNE,2025-09-22 12:00:00,2025-09-22 14:00:00,104.6
Montenegro,MNE,2025-09-22 13:00:00,2025-09-22 15:00:00,118.0
Montenegro,MNE,2025-09-22 14:00:00,2025-09-22 16:00:00,112.6
Montenegro,MNE,2025-09-22 15:00:00,2025-09-22 17:00:00,126.0
Montenegro,MNE,2025-09-22 16:00:00,2025-09-22 18:00:00,205.0
Montenegro,MNE,2025-09-22 17:00:00,2025-09-22 19:00:00,250.0
Montenegro,MNE,2025-09-22 18:00:00,2025-09-22 20:00:00,180.0
Montenegro,MNE,2025-09-22 19:00:00,2025-09-22 21:00:00,126.0
Montenegro,MNE,2025-09-22 20:00:00,2025-09-22 22:00:00,119.69
Montenegro,MNE,2025-09-22 21:00:00,2025-09-22 23:00:00,111.0
Montenegro,MNE,2025-09-22 22:00:00,2025-09-23 00:00:00,110.99
Montenegro,MNE,2025-09-22 23:00:00,2025-09-23 01:00:00,104.0
Montenegro,MNE,2025-09-23 00:00:00,2025-09-23 02:00:00,103.09
Montenegro,MNE,2025-09-23 01:00:00,2025-09-23 03:00:00,102.09
Montenegro,MNE,2025-09-23 02:00:00,2025-09-23 04:00:00,102.09
Montenegro,MNE,2025-09-23 03:00:00,2025-09-23 05:00:00,104.09
Montenegro,MNE,2025-09-23 04:00:00,2025-09-23 06:00:00,118.0
Montenegro,MNE,2025-09-23 05:00:00,2025-09-23 07:00:00,174.0
Montenegro,MNE,2025-09-23 06:00:00,2025-09-23 08:00:00,146.0
Montenegro,MNE,2025-09-23 07:00:00,2025-09-23 09:00:00,120.06
Montenegro,MNE,2025-09-23 08:00:00,2025-09-23 10:00:00,112.0
Montenegro,MNE,2025-09-23 09:00:00,2025-09-23 11:00:00,110.01
Montenegro,MNE,2025-09-23 10:00:00,2025-09-23 12:00:00,105.0
Montenegro,MNE,2025-09-23 11:00:00,2025-09-23 13:00:00,102.05
Montenegro,MNE,2025-09-23 12:00:00,2025-09-23 14:00:00,105.02
Montenegro,MNE,2025-09-23 13:00:00,2025-09-23 15:00:00,108.07
Montenegro,MNE,2025-09-23 14:00:00,2025-09-23 16:00:00,110.99
Montenegro,MNE,2025-09-23 15:00:00,2025-09-23 17:00:00,135.06
Montenegro,MNE,2025-09-23 16:00:00,2025-09-23 18:00:00,175.09
Montenegro,MNE,2025-09-23 17:00:00,2025-09-23 19:00:00,252.77
Montenegro,MNE,2025-09-23 18:00:00,2025-09-23 20:00:00,175.03
Montenegro,MNE,2025-09-23 19:00:00,2025-09-23 21:00:00,126.0
Montenegro,MNE,2025-09-23 20:00:00,2025-09-23 22:00:00,104.0
Montenegro,MNE,2025-09-23 21:00:00,2025-09-23 23:00:00,97.0
Montenegro,MNE,2025-09-23 22:00:00,2025-09-24 00:00:00,106.03
Montenegro,MNE,2025-09-23 23:00:00,2025-09-24 01:00:00,90.08
Montenegro,MNE,2025-09-24 00:00:00,2025-09-24 02:00:00,90.0
Montenegro,MNE,2025-09-24 01:00:00,2025-09-24 03:00:00,90.06
Montenegro,MNE,2025-09-24 02:00:00,2025-09-24 04:00:00,90.02
Montenegro,MNE,2025-09-24 03:00:00,2025-09-24 05:00:00,100.01
Montenegro,MNE,2025-09-24 04:00:00,2025-09-24 06:00:00,123.84
Montenegro,MNE,2025-09-24 05:00:00,2025-09-24 07:00:00,125.0
Montenegro,MNE,2025-09-24 06:00:00,2025-09-24 08:00:00,124.09
Montenegro,MNE,2025-09-24 07:00:00,2025-09-24 09:00:00,119.99
Montenegro,MNE,2025-09-24 08:00:00,2025-09-24 10:00:00,109.02
Montenegro,MNE,2025-09-24 09:00:00,2025-09-24 11:00:00,107.01
Montenegro,MNE,2025-09-24 10:00:00,2025-09-24 12:00:00,96.01
Montenegro,MNE,2025-09-24 11:00:00,2025-09-24 13:00:00,96.01
Montenegro,MNE,2025-09-24 12:00:00,2025-09-24 14:00:00,99.05
Montenegro,MNE,2025-09-24 13:00:00,2025-09-24 15:00:00,102.03
Montenegro,MNE,2025-09-24 14:00:00,2025-09-24 16:00:00,112.0
Montenegro,MNE,2025-09-24 15:00:00,2025-09-24 17:00:00,139.99
Montenegro,MNE,2025-09-24 16:00:00,2025-09-24 18:00:00,190.0
Montenegro,MNE,2025-09-24 17:00:00,2025-09-24 19:00:00,255.08
Montenegro,MNE,2025-09-24 18:00:00,2025-09-24 20:00:00,160.07
Montenegro,MNE,2025-09-24 19:00:00,2025-09-24 21:00:00,119.99
Montenegro,MNE,2025-09-24 20:00:00,2025-09-24 22:00:00,105.61
Montenegro,MNE,2025-09-24 21:00:00,2025-09-24 23:00:00,99.99
Montenegro,MNE,2025-09-24 22:00:00,2025-09-25 00:00:00,112.0
Montenegro,MNE,2025-09-24 23:00:00,2025-09-25 01:00:00,101.01
Montenegro,MNE,2025-09-25 00:00:00,2025-09-25 02:00:00,97.07
Montenegro,MNE,2025-09-25 01:00:00,2025-09-25 03:00:00,100.01
Montenegro,MNE,2025-09-25 02:00:00,2025-09-25 04:00:00,100.03
Montenegro,MNE,2025-09-25 03:00:00,2025-09-25 05:00:00,97.6
Montenegro,MNE,2025-09-25 04:00:00,2025-09-25 06:00:00,119.0
Montenegro,MNE,2025-09-25 05:00:00,2025-09-25 07:00:00,121.54
Montenegro,MNE,2025-09-25 06:00:00,2025-09-25 08:00:00,119.99
Montenegro,MNE,2025-09-25 07:00:00,2025-09-25 09:00:00,111.97
Montenegro,MNE,2025-09-25 08:00:00,2025-09-25 10:00:00,111.03
Montenegro,MNE,2025-09-25 09:00:00,2025-09-25 11:00:00,104.02
Montenegro,MNE,2025-09-25 10:00:00,2025-09-25 12:00:00,94.0
Montenegro,MNE,2025-09-25 11:00:00,2025-09-25 13:00:00,90.0
Montenegro,MNE,2025-09-25 12:00:00,2025-09-25 14:00:00,100.0
Montenegro,MNE,2025-09-25 13:00:00,2025-09-25 15:00:00,100.01
Montenegro,MNE,2025-09-25 14:00:00,2025-09-25 16:00:00,102.72
Montenegro,MNE,2025-09-25 15:00:00,2025-09-25 17:00:00,132.0
Montenegro,MNE,2025-09-25 16:00:00,2025-09-25 18:00:00,163.68
Montenegro,MNE,2025-09-25 17:00:00,2025-09-25 19:00:00,167.0
Montenegro,MNE,2025-09-25 18:00:00,2025-09-25 20:00:00,138.59
Montenegro,MNE,2025-09-25 19:00:00,2025-09-25 21:00:00,111.0
Montenegro,MNE,2025-09-25 20:00:00,2025-09-25 22:00:00,111.0
Montenegro,MNE,2025-09-25 21:00:00,2025-09-25 23:00:00,104.0
Montenegro,MNE,2025-09-25 22:00:00,2025-09-26 00:00:00,97.0
Montenegro,MNE,2025-09-25 23:00:00,2025-09-26 01:00:00,76.0
Montenegro,MNE,2025-09-26 00:00:00,2025-09-26 02:00:00,97.0
Montenegro,MNE,2025-09-26 01:00:00,2025-09-26 03:00:00,69.0
Montenegro,MNE,2025-09-26 02:00:00,2025-09-26 04:00:00,71.6
Montenegro,MNE,2025-09-26 03:00:00,2025-09-26 05:00:00,103.02
Montenegro,MNE,2025-09-26 04:00:00,2025-09-26 06:00:00,110.94
Montenegro,MNE,2025-09-26 05:00:00,2025-09-26 07:00:00,120.72
Montenegro,MNE,2025-09-26 06:00:00,2025-09-26 08:00:00,120.0
Montenegro,MNE,2025-09-26 07:00:00,2025-09-26 09:00:00,111.1
Montenegro,MNE,2025-09-26 08:00:00,2025-09-26 10:00:00,111.0
Montenegro,MNE,2025-09-26 09:00:00,2025-09-26 11:00:00,104.0
Montenegro,MNE,2025-09-26 10:00:00,2025-09-26 12:00:00,97.0
Montenegro,MNE,2025-09-26 11:00:00,2025-09-26 13:00:00,97.0
Montenegro,MNE,2025-09-26 12:00:00,2025-09-26 14:00:00,97.0
Montenegro,MNE,2025-09-26 13:00:00,2025-09-26 15:00:00,104.0
Montenegro,MNE,2025-09-26 14:00:00,2025-09-26 16:00:00,104.0
Montenegro,MNE,2025-09-26 15:00:00,2025-09-26 17:00:00,118.86
Montenegro,MNE,2025-09-26 16:00:00,2025-09-26 18:00:00,130.9
Montenegro,MNE,2025-09-26 17:00:00,2025-09-26 19:00:00,142.0
Montenegro,MNE,2025-09-26 18:00:00,2025-09-26 20:00:00,132.09
Montenegro,MNE,2025-09-26 19:00:00,2025-09-26 21:00:00,111.99
Montenegro,MNE,2025-09-26 20:00:00,2025-09-26 22:00:00,104.0
Montenegro,MNE,2025-09-26 21:00:00,2025-09-26 23:00:00,97.0
Montenegro,MNE,2025-09-26 22:00:00,2025-09-27 00:00:00,108.07
Montenegro,MNE,2025-09-26 23:00:00,2025-09-27 01:00:00,104.0
Montenegro,MNE,2025-09-27 00:00:00,2025-09-27 02:00:00,98.02
Montenegro,MNE,2025-09-27 01:00:00,2025-09-27 03:00:00,98.06
Montenegro,MNE,2025-09-27 02:00:00,2025-09-27 04:00:00,98.02
Montenegro,MNE,2025-09-27 03:00:00,2025-09-27 05:00:00,97.0
Montenegro,MNE,2025-09-27 04:00:00,2025-09-27 06:00:00,113.09
Montenegro,MNE,2025-09-27 05:00:00,2025-09-27 07:00:00,122.07
Montenegro,MNE,2025-09-27 06:00:00,2025-09-27 08:00:00,111.1
Montenegro,MNE,2025-09-27 07:00:00,2025-09-27 09:00:00,111.03
Montenegro,MNE,2025-09-27 08:00:00,2025-09-27 10:00:00,106.14
Montenegro,MNE,2025-09-27 09:00:00,2025-09-27 11:00:00,83.04
Montenegro,MNE,2025-09-27 10:00:00,2025-09-27 12:00:00,76.0
Montenegro,MNE,2025-09-27 11:00:00,2025-09-27 13:00:00,64.99
Montenegro,MNE,2025-09-27 12:00:00,2025-09-27 14:00:00,65.0
Montenegro,MNE,2025-09-27 13:00:00,2025-09-27 15:00:00,76.0
Montenegro,MNE,2025-09-27 14:00:00,2025-09-27 16:00:00,100.09
Montenegro,MNE,2025-09-27 15:00:00,2025-09-27 17:00:00,119.58
Montenegro,MNE,2025-09-27 16:00:00,2025-09-27 18:00:00,130.0
Montenegro,MNE,2025-09-27 17:00:00,2025-09-27 19:00:00,149.99
Montenegro,MNE,2025-09-27 18:00:00,2025-09-27 20:00:00,129.05
Montenegro,MNE,2025-09-27 19:00:00,2025-09-27 21:00:00,113.0
Montenegro,MNE,2025-09-27 20:00:00,2025-09-27 22:00:00,108.01
Montenegro,MNE,2025-09-27 21:00:00,2025-09-27 23:00:00,101.01
Montenegro,MNE,2025-09-27 22:00:00,2025-09-28 00:00:00,109.99
Montenegro,MNE,2025-09-27 23:00:00,2025-09-28 01:00:00,102.54
Montenegro,MNE,2025-09-28 00:00:00,2025-09-28 02:00:00,95.09
Montenegro,MNE,2025-09-28 01:00:00,2025-09-28 03:00:00,95.06
Montenegro,MNE,2025-09-28 02:00:00,2025-09-28 04:00:00,95.04
Montenegro,MNE,2025-09-28 03:00:00,2025-09-28 05:00:00,104.99
Montenegro,MNE,2025-09-28 04:00:00,2025-09-28 06:00:00,105.0
Montenegro,MNE,2025-09-28 05:00:00,2025-09-28 07:00:00,112.0
Montenegro,MNE,2025-09-28 06:00:00,2025-09-28 08:00:00,111.99
Montenegro,MNE,2025-09-28 07:00:00,2025-09-28 09:00:00,85.01
Montenegro,MNE,2025-09-28 08:00:00,2025-09-28 10:00:00,76.0
Montenegro,MNE,2025-09-28 09:00:00,2025-09-28 11:00:00,62.0
Montenegro,MNE,2025-09-28 10:00:00,2025-09-28 12:00:00,20.0
Montenegro,MNE,2025-09-28 11:00:00,2025-09-28 13:00:00,13.0
Montenegro,MNE,2025-09-28 12:00:00,2025-09-28 14:00:00,27.0
Montenegro,MNE,2025-09-28 13:00:00,2025-09-28 15:00:00,68.0
Montenegro,MNE,2025-09-28 14:00:00,2025-09-28 16:00:00,86.5
Montenegro,MNE,2025-09-28 15:00:00,2025-09-28 17:00:00,104.0
Montenegro,MNE,2025-09-28 16:00:00,2025-09-28 18:00:00,132.0
Montenegro,MNE,2025-09-28 17:00:00,2025-09-28 19:00:00,159.99
Montenegro,MNE,2025-09-28 18:00:00,2025-09-28 20:00:00,126.0
Montenegro,MNE,2025-09-28 19:00:00,2025-09-28 21:00:00,118.0
Montenegro,MNE,2025-09-28 20:00:00,2025-09-28 22:00:00,108.0
Montenegro,MNE,2025-09-28 21:00:00,2025-09-28 23:00:00,104.0
Montenegro,MNE,2025-09-28 22:00:00,2025-09-29 00:00:00,97.0
Montenegro,MNE,2025-09-28 23:00:00,2025-09-29 01:00:00,97.0
Montenegro,MNE,2025-09-29 00:00:00,2025-09-29 02:00:00,93.5
Montenegro,MNE,2025-09-29 01:00:00,2025-09-29 03:00:00,97.0
Montenegro,MNE,2025-09-29 02:00:00,2025-09-29 04:00:00,90.0
Montenegro,MNE,2025-09-29 03:00:00,2025-09-29 05:00:00,104.0
Montenegro,MNE,2025-09-29 04:00:00,2025-09-29 06:00:00,150.0
Montenegro,MNE,2025-09-29 05:00:00,2025-09-29 07:00:00,180.0
Montenegro,MNE,2025-09-29 06:00:00,2025-09-29 08:00:00,150.0
Montenegro,MNE,2025-09-29 07:00:00,2025-09-29 09:00:00,112.0
Montenegro,MNE,2025-09-29 08:00:00,2025-09-29 10:00:00,98.0
Montenegro,MNE,2025-09-29 09:00:00,2025-09-29 11:00:00,85.0
Montenegro,MNE,2025-09-29 10:00:00,2025-09-29 12:00:00,77.0
Montenegro,MNE,2025-09-29 11:00:00,2025-09-29 13:00:00,77.0
Montenegro,MNE,2025-09-29 12:00:00,2025-09-29 14:00:00,84.0
Montenegro,MNE,2025-09-29 13:00:00,2025-09-29 15:00:00,90.0
Montenegro,MNE,2025-09-29 14:00:00,2025-09-29 16:00:00,117.0
Montenegro,MNE,2025-09-29 15:00:00,2025-09-29 17:00:00,165.0
Montenegro,MNE,2025-09-29 16:00:00,2025-09-29 18:00:00,128.01
Montenegro,MNE,2025-09-29 17:00:00,2025-09-29 19:00:00,275.0
Montenegro,MNE,2025-09-29 18:00:00,2025-09-29 20:00:00,139.07
Montenegro,MNE,2025-09-29 19:00:00,2025-09-29 21:00:00,120.0
Montenegro,MNE,2025-09-29 20:00:00,2025-09-29 22:00:00,126.0
Montenegro,MNE,2025-09-29 21:00:00,2025-09-29 23:00:00,104.0
Montenegro,MNE,2025-09-29 22:00:00,2025-09-30 00:00:00,112.0
Montenegro,MNE,2025-09-29 23:00:00,2025-09-30 01:00:00,110.52
Montenegro,MNE,2025-09-30 00:00:00,2025-09-30 02:00:00,104.0
Montenegro,MNE,2025-09-30 01:00:00,2025-09-30 03:00:00,97.0
Montenegro,MNE,2025-09-30 02:00:00,2025-09-30 04:00:00,97.0
Montenegro,MNE,2025-09-30 03:00:00,2025-09-30 05:00:00,119.0
Montenegro,MNE,2025-09-30 04:00:00,2025-09-30 06:00:00,149.99
Montenegro,MNE,2025-09-30 05:00:00,2025-09-30 07:00:00,223.0
Montenegro,MNE,2025-09-30 06:00:00,2025-09-30 08:00:00,165.0
Montenegro,MNE,2025-09-30 07:00:00,2025-09-30 09:00:00,120.76
Montenegro,MNE,2025-09-30 08:00:00,2025-09-30 10:00:00,100.01
Montenegro,MNE,2025-09-30 09:00:00,2025-09-30 11:00:00,100.64
Montenegro,MNE,2025-09-30 10:00:00,2025-09-30 12:00:00,93.27
Montenegro,MNE,2025-09-30 11:00:00,2025-09-30 13:00:00,96.19
Montenegro,MNE,2025-09-30 12:00:00,2025-09-30 14:00:00,100.01
Montenegro,MNE,2025-09-30 13:00:00,2025-09-30 15:00:00,104.43
Montenegro,MNE,2025-09-30 14:00:00,2025-09-30 16:00:00,120.52
Montenegro,MNE,2025-09-30 15:00:00,2025-09-30 17:00:00,181.0
Montenegro,MNE,2025-09-30 16:00:00,2025-09-30 18:00:00,229.49
Montenegro,MNE,2025-09-30 17:00:00,2025-09-30 19:00:00,253.95
Montenegro,MNE,2025-09-30 18:00:00,2025-09-30 20:00:00,185.0
Montenegro,MNE,2025-09-30 19:00:00,2025-09-30 21:00:00,137.09
Montenegro,MNE,2025-09-30 20:00:00,2025-09-30 22:00:00,131.02
Montenegro,MNE,2025-09-30 21:00:00,2025-09-30 23:00:00,112.0
Montenegro,MNE,2025-09-30 22:00:00,2025-10-01 00:00:00,104.0
Montenegro,MNE,2025-09-30 23:00:00,2025-10-01 01:00:00,104.0
